-1.677988134857958258e+01 -1.065144813847055616e+00 -2.761101109727341463e+00 -1.065144813847055616e+00 -1.154181039748292470e+01 -8.410292980293766485e-01 -2.761101109727341463e+00 -8.410292980293766485e-01 -5.813073175017131611e+00
-1.444154638429215609e+01 -1.216973830975697890e+00 -1.683024068226344871e+00 -1.216973830975697890e+00 -8.192115208978465901e+00 -1.827190326187573044e+00 -1.683024068226344871e+00 -1.827190326187573044e+00 -4.138969396707136816e+00
-1.824821904064927125e+01 1.821047989101126641e-01 4.004954539874833186e-01 1.821047989101126641e-01 -1.066955078336629725e+01 -4.940299175578234392e-01 4.004954539874833186e-01 -4.940299175578234392e-01 1.154274465757126222e+00
-1.740001003905545929e+01 -3.169279807127866611e-01 -1.230133905964696073e+00 -3.169279807127866611e-01 -1.080760901502709359e+01 -1.252477131062391225e+00 -1.230133905964696073e+00 -1.252477131062391225e+00 -6.286262740256176151e+00
-1.692509294479734905e+01 -1.900292766444710901e+00 5.700799282311735938e-01 -1.900292766444710901e+00 -1.118597195597660665e+01 1.123690230029471548e+00 5.700799282311735938e-01 1.123690230029471548e+00 -8.293688644890356843e-01
-4.120386711177343564e+00 -1.454793000492444310e+00 -4.440411396993572124e-01 -1.454793000492444310e+00 -3.257520947553668833e+00 1.084074193212192672e+00 -4.440411396993572124e-01 1.084074193212192672e+00 -1.042530017991913383e+01
-1.428881745241026913e+01 6.282370353119287598e-02 4.250416242942226752e+00 6.282370353119287598e-02 -9.826167773855509324e+00 -2.276041703275926975e-01 4.250416242942226752e+00 -2.276041703275926975e-01 -7.296415273457201867e-01
-1.517451062868240896e+01 1.714046262478995164e+00 8.560220378126397467e-01 1.714046262478995164e+00 -9.102435059950330754e+00 -1.427132397605941572e+00 8.560220378126397467e-01 -1.427132397605941572e+00 -5.697029641684647316e+00
-1.683013854172856227e+01 1.915220146176864313e+00 1.386319433127941869e-01 1.915220146176864313e+00 -5.113196032478856345e+00 -2.161337979031996426e+00 1.386319433127941869e-01 -2.161337979031996426e+00 -1.042219206564476686e+01
-1.600865034442905355e+01 1.635713349145220930e+00 -1.017466069559072595e-01 1.635713349145220930e+00 -1.052502547468551519e+01 3.903987414570443404e-01 -1.017466069559072595e-01 3.903987414570443404e-01 -9.038301545003039061e-01
-1.503293369919884270e+01 1.228518394130968805e-01 3.895587678673162468e+00 1.228518394130968805e-01 -1.130158399080272424e+01 4.426364318267691500e-01 3.895587678673162468e+00 4.426364318267691500e-01 -3.074054083247145908e+00
-1.906784092302266842e+01 -3.805165421481668808e-01 -2.049966500397819136e+00 -3.805165421481668808e-01 -1.116837594963623026e+01 5.031680037949920470e-01 -2.049966500397819136e+00 5.031680037949920470e-01 -6.316413157037339410e+00
-1.397653457581282588e+01 1.003338390555747139e+00 5.290879706962085122e-02 1.003338390555747139e+00 -1.002682988790245089e+00 -2.771923882511699855e-01 5.290879706962085122e-02 -2.771923882511699855e-01 -5.988526797691934966e+00
-1.738918017316811770e+01 1.577402304348602735e+00 9.117769954054502080e-01 1.577402304348602735e+00 -9.446656432515130319e+00 8.669925229818189472e-01 9.117769954054502080e-01 8.669925229818189472e-01 -8.600788691414621212e+00
-1.803736908847395171e+01 5.957744046905163460e-01 2.105969427683118234e+00 5.957744046905163460e-01 -6.918925699578898580e+00 -1.831732330011861309e+00 2.105969427683118234e+00 -1.831732330011861309e+00 -6.296714678159862189e+00
-4.114010911748580135e+00 -8.467860018696143909e-01 -1.636782292089083324e+00 -8.467860018696143909e-01 -1.661894926166977093e+00 -2.137316080801886287e+00 -1.636782292089083324e+00 -2.137316080801886287e+00 1.497599882966726526e+01
-1.697856235765218358e+01 1.331832564794371843e+00 1.678730761076744071e-01 1.331832564794371843e+00 -5.258262829489306789e+00 -1.484415202829995728e+00 1.678730761076744071e-01 -1.484415202829995728e+00 -8.901402916000531462e+00
-1.826962645630524662e+01 4.913309439692938319e-01 -3.917818905765243498e-01 4.913309439692938319e-01 -1.111572272435920006e+01 -2.944440743281575124e+00 -3.917818905765243498e-01 -2.944440743281575124e+00 -8.791093054110532989e+00
-9.295582103418842834e+00 2.569739462700707744e+00 8.923789452761001773e-01 2.569739462700707744e+00 -8.619031386817978202e+00 -2.242908597224860523e-01 8.923789452761001773e-01 -2.242908597224860523e-01 -1.037995028288104038e+01
8.973553702271516386e+00 4.199970378750210731e-01 6.189517099937204669e+00 4.199970378750210731e-01 1.668368080619914906e+01 3.094871553240560846e+00 6.189517099937204669e+00 3.094871553240560846e+00 1.827614051351632796e+01
4.605147266137560536e+00 -1.433459814468661442e+00 1.437833988723362433e+00 -1.433459814468661442e+00 1.547440275380241426e+00 -1.282484359528239803e+00 1.437833988723362433e+00 -1.282484359528239803e+00 5.057357982829179477e+00
-1.504394491233493980e+01 -2.718575500626061459e-01 2.096626863406355845e+00 -2.718575500626061459e-01 -8.587320767313997294e+00 -1.297506682734952621e+00 2.096626863406355845e+00 -1.297506682734952621e+00 -6.833522380003826058e+00
-9.725514224178739564e-01 -1.950466301631020305e-01 2.718457637138213201e+00 -1.950466301631020305e-01 -6.518489227223899007e+00 2.755909787100009112e+00 2.718457637138213201e+00 2.755909787100009112e+00 2.174977145683260726e+00
-1.662299583464270469e+01 4.510934582592153186e-01 -4.377556067456863098e-01 4.510934582592153186e-01 3.880804087762503407e+00 -3.232798999328252432e-01 -4.377556067456863098e-01 -3.232798999328252432e-01 -8.102063006398482869e+00
-8.733275467704693540e+00 1.678403410908388738e+00 -2.152650141130628025e+00 1.678403410908388738e+00 -2.352721715346854037e+00 -3.225929208842628348e-01 -2.152650141130628025e+00 -3.225929208842628348e-01 5.085701010544374512e+00
-1.808187736303060689e+01 -4.748132875816278853e-01 -8.795043905230367498e-01 -4.748132875816278853e-01 -1.174158557169566386e+01 -2.095241704877734090e+00 -8.795043905230367498e-01 -2.095241704877734090e+00 -8.370025285939068027e+00
-1.587036138695835419e+01 -4.182688950321744592e-01 -8.478277238534649429e-01 -4.182688950321744592e-01 2.015653231785500488e+00 1.476501013718777289e+00 -8.478277238534649429e-01 1.476501013718777289e+00 -7.075159092102878411e+00
4.731099952722846780e+00 7.301714955572022880e-01 -1.264928140517995070e+00 7.301714955572022880e-01 9.912778612185952909e-01 -2.696816851259097314e-01 -1.264928140517995070e+00 -2.696816851259097314e-01 5.775901926570089273e+00
-1.755150891129058977e+01 -7.910750463408738886e-01 2.113796760960530374e+00 -7.910750463408738886e-01 -8.925862008544894977e+00 -1.520981621226438429e+00 2.113796760960530374e+00 -1.520981621226438429e+00 -5.948420038262355547e+00
-7.478925380478580465e+00 3.377386099307374323e+00 1.916823694059895056e+00 3.377386099307374323e+00 -6.358407840931501909e+00 -5.976297590780167424e-01 1.916823694059895056e+00 -5.976297590780167424e-01 -6.602027471863834762e+00
1.627960275036720006e+01 -2.720584933147189299e-01 -2.923573365969260873e-01 -2.720584933147189299e-01 1.582419796945767132e+01 4.388592195875009594e+00 -2.923573365969260873e-01 4.388592195875009594e+00 3.006700822618884317e+01
-1.779216803931348778e+01 2.246387249305533462e+00 7.676449896868137168e-01 2.246387249305533462e+00 -9.042827763763265025e+00 -3.000780278713559568e-01 7.676449896868137168e-01 -3.000780278713559568e-01 -1.097217280825324970e+01
-1.829771778244395719e+01 -1.268399835752011873e+00 -1.241104877250791327e+00 -1.268399835752011873e+00 -1.230601965620892813e+01 -2.160604275933588891e-01 -1.241104877250791327e+00 -2.160604275933588891e-01 -6.568915925489369201e+00
-1.752856453708132989e+01 -1.633762152487200636e-01 -9.667965093240394880e-01 -1.633762152487200636e-01 -1.189154748537751338e+01 -2.155294641899208496e+00 -9.667965093240394880e-01 -2.155294641899208496e+00 -8.055148649101834479e+00
-1.665436130666771319e+01 8.915824402885591526e-01 2.193214051513022067e+00 8.915824402885591526e-01 -9.944938670983367146e+00 7.401884416589464832e-01 2.193214051513022067e+00 7.401884416589464832e-01 -6.852327296889456854e+00
-1.807224038500497088e+01 -7.714679793128359497e-01 1.606581846136124092e+00 -7.714679793128359497e-01 -1.091864962244174819e+01 6.638777818761693039e-01 1.606581846136124092e+00 6.638777818761693039e-01 1.771429947096154978e+00
3.798367143914830546e+00 6.621744795517724436e-01 6.066133432214003030e+00 6.621744795517724436e-01 1.323363624390086812e+01 2.714248063697808355e+00 6.066133432214003030e+00 2.714248063697808355e+00 1.446330044746268229e+01
3.023734993428217166e+00 1.627011136923709467e+00 4.780813089236520597e+00 1.627011136923709467e+00 1.106867559074136054e+01 6.097309914421828125e+00 4.780813089236520597e+00 6.097309914421828125e+00 1.610903750567688064e+01
-1.832249968976228871e+01 1.392713753575927985e-02 -4.894515783189572478e-01 1.392713753575927985e-02 -1.082046554937704563e+01 -1.077719365881789404e+00 -4.894515783189572478e-01 -1.077719365881789404e+00 -7.147712515838262171e+00
-1.435607178001720108e+01 -5.965109377727658702e-01 9.752888973345071044e-02 -5.965109377727658702e-01 -7.898917398911060594e+00 -5.193454660105765175e-01 9.752888973345071044e-02 -5.193454660105765175e-01 -1.788727605434966561e+00
-1.714082490947407678e+01 1.006193467078994042e+00 2.604754310765165393e+00 1.006193467078994042e+00 -4.147078274805608089e+00 -1.748561491202528462e+00 2.604754310765165393e+00 -1.748561491202528462e+00 -2.275313752152857916e+00
6.523426158980750067e+00 2.099618868812447747e+00 -2.622605386023961316e+00 2.099618868812447747e+00 2.684641143428606824e+00 -1.370722251257960322e-01 -2.622605386023961316e+00 -1.370722251257960322e-01 7.398814702864591197e+00
-4.350740819193704034e+00 -1.171465255224938717e+00 -2.287172750943318109e-02 -1.171465255224938717e+00 -3.215678778364302826e+00 4.624090661932672708e-01 -2.287172750943318109e-02 4.624090661932672708e-01 -9.966275240687362924e+00
-1.831692046823972930e+01 -1.083510848817451633e+00 -1.000216061737692508e+00 -1.083510848817451633e+00 -1.325388461657875006e+01 -7.227470129150735945e-01 -1.000216061737692508e+00 -7.227470129150735945e-01 -8.067448965588249976e+00
-2.636248833683386916e+00 -1.541221032734664265e+00 2.243194730480944088e+00 -1.541221032734664265e+00 -1.662834880952121175e+00 -9.481309116221509070e-01 2.243194730480944088e+00 -9.481309116221509070e-01 8.742146536829904946e+00
-1.486566452728865784e+01 8.172349313136272331e-01 -4.581343457971802646e-01 8.172349313136272331e-01 -3.327144509057835542e+00 5.270264342338111252e-01 -4.581343457971802646e-01 5.270264342338111252e-01 -8.304783028323889482e+00
1.257562640135316601e+00 2.388216089125221320e-01 8.310792660696061374e-01 2.388216089125221320e-01 -1.691077914585166209e+00 -1.394900637874056493e+00 8.310792660696061374e-01 -1.394900637874056493e+00 3.803106426496789538e+00
-1.618964123416359513e+01 -6.215649410594393798e-01 -7.804573276254931358e-01 -6.215649410594393798e-01 -9.558546658814941921e+00 -1.001562449825196710e+00 -7.804573276254931358e-01 -1.001562449825196710e+00 -4.594574912938690581e+00
-1.609768711104118566e+01 3.742850428524917006e-01 2.395947955698497722e+00 3.742850428524917006e-01 -5.258479033822325732e+00 -1.606374232783160272e+00 2.395947955698497722e+00 -1.606374232783160272e+00 -6.974491709210944856e-01
-1.925507098291490493e+01 -2.875553393285476544e-01 -2.614457910986153433e+00 -2.875553393285476544e-01 -1.139403617077409514e+01 9.229591047810676852e-01 -2.614457910986153433e+00 9.229591047810676852e-01 -5.568343512474202228e+00
-1.729598318102775423e+01 1.755482896021922201e+00 1.373312833001100630e+00 1.755482896021922201e+00 -8.759619616803560049e+00 6.815711225511008609e-01 1.373312833001100630e+00 6.815711225511008609e-01 -7.604634752384685115e+00
-8.885356957789362298e+00 7.054738623001730602e-01 -1.665306707135402742e-01 7.054738623001730602e-01 1.411449424632798433e+00 -2.812850179024956265e+00 -1.665306707135402742e-01 -2.812850179024956265e+00 -6.383619477251273544e+00
-1.719391187132128707e+01 1.316210823557621312e+00 -6.830798323587454757e-01 1.316210823557621312e+00 -3.887280133541577420e+00 -8.910362364064099427e-01 -6.830798323587454757e-01 -8.910362364064099427e-01 -1.026560219114022132e+01
-1.812936969219776628e+01 -9.264188108793378618e-01 -1.799025480153158663e+00 -9.264188108793378618e-01 -1.113069877413344066e+01 -2.003313920762793063e-02 -1.799025480153158663e+00 -2.003313920762793063e-02 -5.959167902661684835e+00
-1.889772656992290578e+01 -1.860850877441726781e-01 -2.003282933695186951e+00 -1.860850877441726781e-01 -1.133849340144275430e+01 1.012796811185947693e-01 -2.003282933695186951e+00 1.012796811185947693e-01 -6.427978995247925376e+00
-7.670441597710884629e+00 2.010856019532311301e+00 2.937217986743573483e+00 2.010856019532311301e+00 -9.336387434303793142e+00 5.990090606155442504e-02 2.937217986743573483e+00 5.990090606155442504e-02 -5.051851540978382182e+00
-1.186601842337040402e+01 -5.482254103872347129e-01 -2.386862941052988685e+00 -5.482254103872347129e-01 7.036587331944732071e+00 1.513591526850976754e+00 -2.386862941052988685e+00 1.513591526850976754e+00 -4.293137221240313828e+00
-1.855208752171928310e+01 4.995146285241809925e-01 8.824187242314318613e-02 4.995146285241809925e-01 -1.105523441903785375e+01 -1.262744695913818438e+00 8.824187242314318613e-02 -1.262744695913818438e+00 -9.259502864171269110e+00
1.035820005623604156e-01 1.288326356308402643e+00 -4.346089774327570598e-01 1.288326356308402643e+00 1.764753172936273318e+00 5.448046991340952161e+00 -4.346089774327570598e-01 5.448046991340952161e+00 7.870854575850665391e+00
-1.455124531875697080e+01 -6.216306999850993442e-01 1.845083645556903296e+00 -6.216306999850993442e-01 -6.680569777741179882e-01 2.870443535433520044e+00 1.845083645556903296e+00 2.870443535433520044e+00 -3.429477408615304146e+00
-1.607408579081011624e+01 -1.181369342857579552e+00 -6.147225951424828416e-01 -1.181369342857579552e+00 -5.526260867258719678e+00 -3.839922338675407221e-01 -6.147225951424828416e-01 -3.839922338675407221e-01 -5.167911014673665981e+00
-3.669489862981051953e+00 2.660578315638765901e+00 1.885796317076158912e+00 2.660578315638765901e+00 -2.970741905068487121e+00 3.622496662570074744e+00 1.885796317076158912e+00 3.622496662570074744e+00 1.541381790750227587e+01
-1.718911980369225034e+01 -1.811217341902951805e+00 6.447510143960326623e-01 -1.811217341902951805e+00 -1.062111954605065556e+01 -1.005731759771656547e-01 6.447510143960326623e-01 -1.005731759771656547e-01 -4.697930727586923538e+00
-1.569896146681436200e+01 1.595457681551611273e+00 -1.325739493422382509e+00 1.595457681551611273e+00 -3.492104425572054804e+00 1.468382031056563175e+00 -1.325739493422382509e+00 1.468382031056563175e+00 5.951041453659104974e+00
1.206839729776947756e+01 1.709131435827279777e+00 -1.245044186635962946e+00 1.709131435827279777e+00 1.651787448691563398e+01 -4.228188138520007633e-01 -1.245044186635962946e+00 -4.228188138520007633e-01 1.239465540953777989e+01
-1.854612870861854290e+01 -9.742024184820023691e-02 -2.072306626788754103e-01 -9.742024184820023691e-02 -9.958425470157054704e+00 -1.976516304696657622e+00 -2.072306626788754103e-01 -1.976516304696657622e+00 -1.004932293427407863e+01
-1.685429648057074559e+01 8.773429337502823833e-01 7.816866204896946169e-01 8.773429337502823833e-01 3.514092330054992441e+00 -1.383808478312057444e+00 7.816866204896946169e-01 -1.383808478312057444e+00 -6.207696552760320508e+00
-1.555634183501846834e+01 -3.125920334558573432e-01 2.843963877818845631e+00 -3.125920334558573432e-01 -9.379377089403048373e+00 -5.687090388637845439e-01 2.843963877818845631e+00 -5.687090388637845439e-01 -4.514315548268950096e+00
-1.819064816774308113e+01 3.862537977155176550e-01 -2.555968271525429353e-02 3.862537977155176550e-01 -1.171577644308617749e+01 -1.027679899757368620e+00 -2.555968271525429353e-02 -1.027679899757368620e+00 -3.916952817225641148e+00
