-6.340645815472786495e+00 -1.318923716598884077e+00 2.502201467304177029e+00 -1.318923716598884077e+00 -1.613529595973508535e+00 -2.723769956804654502e+00 2.502201467304177029e+00 -2.723769956804654502e+00 5.099203253705740124e+00
3.800112644594532796e+00 1.419138853401674449e+00 -2.419011006368752881e+00 1.419138853401674449e+00 6.955127759202482274e+00 1.617234387526467421e+00 -2.419011006368752881e+00 1.617234387526467421e+00 4.555474953561190254e+00
-3.890449975327464061e-01 2.247266044689426145e+00 1.535544529691831084e+00 2.247266044689426145e+00 3.113455248082992011e+00 1.839234076550184227e+00 1.535544529691831084e+00 1.839234076550184227e+00 1.325050539389973914e-01
2.208178977538757337e+01 -3.551705680743511451e+00 -4.980082827119579059e-01 -3.551705680743511451e+00 3.067023665387161557e+01 1.434438755777148744e+00 -4.980082827119579059e-01 1.434438755777148744e+00 1.850452945558450679e+01
1.734885640354765002e+01 2.610915590837816325e+00 -1.157066710738817727e+00 2.610915590837816325e+00 1.742831086096042981e+01 4.010017551172730066e+00 -1.157066710738817727e+00 4.010017551172730066e+00 1.104094186655353660e+01
3.389848216942564996e+00 5.898436820416375070e-01 2.178721528778892136e+00 5.898436820416375070e-01 6.030760015096493731e+00 1.948011810705221336e+00 2.178721528778892136e+00 1.948011810705221336e+00 1.146147638560193016e+01
6.643400741980875601e+00 -4.442963849469740989e-01 1.265680332270708308e-01 -4.442963849469740989e-01 6.477528978180543184e+00 -1.092763402600621214e+00 1.265680332270708308e-01 -1.092763402600621214e+00 6.855379233346047485e+00
1.525148938537341614e+01 1.211275760359231818e-01 -4.104980316189053013e+00 1.211275760359231818e-01 1.186642377760103528e+01 -4.817645266172700502e+00 -4.104980316189053013e+00 -4.817645266172700502e+00 7.069748026815346087e+00
6.598517384783385786e+00 3.472423358040605534e-01 1.368421174725319989e-01 3.472423358040605534e-01 7.673314361818488472e+00 -8.530746677611701356e-01 1.368421174725319989e-01 -8.530746677611701356e-01 6.463921592422228635e+00
5.671614636287960920e+00 5.376275417039144688e-01 -1.017760762703346679e-02 5.376275417039144688e-01 -9.877188298208164352e-02 3.338587020249116910e-01 -1.017760762703346679e-02 3.338587020249116910e-01 -2.481387414326092333e+00
-6.151228048543564420e-01 1.921571952615642953e+00 -6.327784103671880711e-01 1.921571952615642953e+00 5.394062698150582591e+00 1.590446226245777028e+00 -6.327784103671880711e-01 1.590446226245777028e+00 1.434240638399105316e+00
-5.090915146804918301e+00 1.340291525703469544e+00 1.233524342706068699e+00 1.340291525703469544e+00 2.794183860502777783e+00 1.390050726102046719e+00 1.233524342706068699e+00 1.390050726102046719e+00 -3.920467898918064686e-01
1.989546720107297872e+01 3.452319629048550720e+00 -1.685941313519927931e+00 3.452319629048550720e+00 2.897500876597079511e+01 1.903693101693483714e+00 -1.685941313519927931e+00 1.903693101693483714e+00 1.849202205610182403e+01
2.869510113982123745e+00 -2.101887823466295657e+00 -1.537532129862473340e+00 -2.101887823466295657e+00 1.481069870631462315e+01 2.187132244682333138e+00 -1.537532129862473340e+00 2.187132244682333138e+00 1.418593313791832422e+01
2.422128453343430721e+01 3.154967094226918789e+00 1.438437049971633463e+00 3.154967094226918789e+00 2.719803070675242296e+01 -2.328890865690471212e+00 1.438437049971633463e+00 -2.328890865690471212e+00 1.956457089058326559e+01
3.863098391452361557e+00 -1.014541334274698059e+00 -2.352458942929433139e+00 -1.014541334274698059e+00 4.683793097427524366e+00 2.161531428454360526e+00 -2.352458942929433139e+00 2.161531428454360526e+00 1.797026808961989275e+01
1.769396483475851101e+00 -1.003307523679738411e+00 -5.044987094471141686e-01 -1.003307523679738411e+00 2.286961435919653951e+00 -1.627794698237179372e+00 -5.044987094471141686e-01 -1.627794698237179372e+00 1.493508559781477452e+01
1.489626698253425641e+00 3.729567736961142410e-01 1.820684080699254137e+00 3.729567736961142410e-01 -1.253544052858568125e-01 -1.804162317751832223e+00 1.820684080699254137e+00 -1.804162317751832223e+00 1.479266184770407655e+01
4.919443727876341654e+00 2.002387521048396568e-01 -2.985515931351579333e+00 2.002387521048396568e-01 6.049223827318122026e+00 -3.834615656991058330e+00 -2.985515931351579333e+00 -3.834615656991058330e+00 2.038304176447626759e+01
