-8.192614749214977010e+00 1.112716160036332669e+00 -2.738794441653094491e+00 1.112716160036332669e+00 -4.785304016284674056e+00 7.974428872124741385e-01 -2.738794441653094491e+00 7.974428872124741385e-01 -5.566094558494060429e+00
-1.529212795460301955e+01 -4.767483451650929016e-01 -6.906524886983185230e-01 -4.767483451650929016e-01 -6.863577169757874685e+00 3.875725082694541079e-01 -6.906524886983185230e-01 3.875725082694541079e-01 -4.882221915866526096e+00
-1.453797959981870846e+01 8.246900455177121059e-02 -1.289375479943018377e+00 8.246900455177121059e-02 -6.050793576993700462e+00 -9.641827707909825795e-01 -1.289375479943018377e+00 -9.641827707909825795e-01 -3.879764306372865512e+00
-9.775401106036680332e+00 1.071935385920568695e+00 -2.949934494095923565e+00 1.071935385920568695e+00 -3.486501942670161558e+00 -3.772097743135716663e-01 -2.949934494095923565e+00 -3.772097743135716663e-01 -2.435852665778750037e+00
