3.582033777271431241e+00 5.326464469107853317e-01 2.494580804446041300e-01 5.326464469107853317e-01 5.594465530335883230e+00 5.906412644708882276e+00 2.494580804446041300e-01 5.906412644708882276e+00 -7.535551429530415568e+00
-8.610664633112209643e+00 9.197529328383802433e-04 -1.601333294095141913e+00 9.197529328383802433e-04 -1.124278977982663541e+01 1.592632469122685190e+00 -1.601333294095141913e+00 1.592632469122685190e+00 -1.383629663502015816e+01
-8.575525160692516025e+00 7.465542013972932267e-01 -6.793008093267086656e-01 7.465542013972932267e-01 -5.357477734955956805e+00 3.550159444709103607e+00 -6.793008093267086656e-01 3.550159444709103607e+00 -1.096482420147929915e+01
-1.212892202567794619e+00 8.519529672874596171e-01 -1.562787189537669263e+00 8.519529672874596171e-01 3.044123357947690511e+00 -8.669474387635572876e-01 -1.562787189537669263e+00 -8.669474387635572876e-01 7.692176273717871382e+00
-5.312595033531979816e+00 1.792447153821763672e+00 2.749347037487392953e+00 1.792447153821763672e+00 -1.023528247178223261e+01 -3.755476403250272543e+00 2.749347037487392953e+00 -3.755476403250272543e+00 -6.544957213794148743e+00
-4.260105659714274573e+00 1.740425481956347220e-01 1.242501248684576121e+00 1.740425481956347220e-01 -2.812979534433582174e+00 -4.342202996571568718e+00 1.242501248684576121e+00 -4.342202996571568718e+00 -4.935592937372972777e+00
-8.966956775888464293e+00 2.808396130239434019e+00 -1.614258875838266993e+00 2.808396130239434019e+00 8.482604010952243812e-01 -7.014877842229446658e-01 -1.614258875838266993e+00 -7.014877842229446658e-01 -4.324784342330333153e+00
-1.639557555554933321e+00 3.517123320784512064e+00 5.527561736331334963e+00 3.517123320784512064e+00 1.013841974385678846e+01 2.045005507776583187e+00 5.527561736331334963e+00 2.045005507776583187e+00 -2.498451773483339355e+00
7.526261135156770976e-01 2.242438583067509761e+00 -5.053104468223539314e+00 2.242438583067509761e+00 -4.049937466414303522e+00 2.504718360070332661e+00 -5.053104468223539314e+00 2.504718360070332661e+00 -2.800203733587349308e+00
-8.905901572871561811e-01 -4.912003331200641698e-01 -2.803771595517470683e+00 -4.912003331200641698e-01 -3.645527320831092766e+00 5.090889585837495845e-01 -2.803771595517470683e+00 5.090889585837495845e-01 1.771695110012060370e-01
-4.458044824464757916e+00 -3.016135031746431050e+00 -3.508002187500275371e-01 -3.016135031746431050e+00 3.586763517574840687e+00 5.172057984164941669e-01 -3.508002187500275371e-01 5.172057984164941669e-01 2.257181559166385298e+00
-6.712307537187355955e+00 8.951424047378906401e-01 -4.358922385523482212e+00 8.951424047378906401e-01 -3.393313656865403871e+00 -2.581049018431192721e+00 -4.358922385523482212e+00 -2.581049018431192721e+00 -1.641660144164628798e+00
-8.010980622330057699e+00 -1.394093802515665059e+00 7.413789754970676604e-01 -1.394093802515665059e+00 -7.319081169537750675e+00 -2.536872025189352176e+00 7.413789754970676604e-01 -2.536872025189352176e+00 -2.476013279219759777e+00
-1.154839693558446712e+01 -1.338717047792064463e+00 2.256923735879333925e+00 -1.338717047792064463e+00 -9.676349132417577437e+00 4.632202753953987617e+00 2.256923735879333925e+00 4.632202753953987617e+00 -6.475757859339333677e+00
-5.839473598396509146e+00 1.578688863572078160e+00 1.856586451969553631e+00 1.578688863572078160e+00 -4.400152800380642937e+00 4.565659224438874730e+00 1.856586451969553631e+00 4.565659224438874730e+00 -9.484639554987408516e+00
-2.819895517580631505e+00 3.572242963110157543e+00 6.188109665373048296e-01 3.572242963110157543e+00 -3.897172173667081019e+00 -6.272365887646002003e-01 6.188109665373048296e-01 -6.272365887646002003e-01 2.972912429893127761e+00
5.952488001798490913e+00 5.555794507333722265e+00 4.053105205547002932e+00 5.555794507333722265e+00 6.893748041751825539e+00 3.000589752002123523e-01 4.053105205547002932e+00 3.000589752002123523e-01 -2.079556978131876566e+00
-4.567796321919102454e+00 -3.245909626464109188e+00 1.808051711108652260e+00 -3.245909626464109188e+00 3.212031372661992457e+00 3.720165349282930300e+00 1.808051711108652260e+00 3.720165349282930300e+00 1.286738100487821335e+01
1.972374612644332670e+00 -4.573006385323447276e+00 4.715329855585022933e+00 -4.573006385323447276e+00 1.452545646627165965e+01 1.680334410735286887e+00 4.715329855585022933e+00 1.680334410735286887e+00 -3.277487190851994914e+00
-1.024358623261780998e+01 1.887399722297469662e+00 -2.847107935308486049e-01 1.887399722297469662e+00 -1.045430590435582063e+00 2.240678939438373707e+00 -2.847107935308486049e-01 2.240678939438373707e+00 -1.173526569424902988e+01
-9.374461010143402717e+00 3.246590079478496871e-01 3.654379857092809658e+00 3.246590079478496871e-01 -3.319084264699068587e+00 -5.493336521867405731e-01 3.654379857092809658e+00 -5.493336521867405731e-01 -9.642894379524834747e+00
-1.087715277588481078e+00 1.749817894351008984e+00 -5.014392211726511839e+00 1.749817894351008984e+00 -2.320396492107408282e+00 -4.478028706208529441e-01 -5.014392211726511839e+00 -4.478028706208529441e-01 -4.929694978388407200e+00
-7.430425486725026119e+00 -2.624969903040856867e+00 2.461713874749112296e+00 -2.624969903040856867e+00 -9.759115931014198608e+00 6.448364653261522417e-01 2.461713874749112296e+00 6.448364653261522417e-01 -6.203418911644657641e+00
-2.451845186320849024e+00 -1.295840767360177725e+00 2.014764776254422129e-01 -1.295840767360177725e+00 -5.378848149107562371e+00 2.781822294699167308e+00 2.014764776254422129e-01 2.781822294699167308e+00 -5.734527935494424966e+00
-7.287273358308695492e+00 -1.308405022343008151e+00 -1.633992935015733394e+00 -1.308405022343008151e+00 2.155563539659142158e+00 2.213463374205726364e+00 -1.633992935015733394e+00 2.213463374205726364e+00 -4.307004005943676717e+00
-2.336639735583171174e+00 8.605794674740592232e-01 2.612692439578484738e+00 8.605794674740592232e-01 -6.476659269855287171e+00 1.342554350226850657e+00 2.612692439578484738e+00 1.342554350226850657e+00 -1.278631766323778685e+01
1.480140977094723809e+00 -2.439475423249017005e+00 -3.269882366094039039e+00 -2.439475423249017005e+00 -3.933038829694266436e-01 -7.390159287033005731e-01 -3.269882366094039039e+00 -7.390159287033005731e-01 -2.043513757408503828e+00
-3.251340471150384825e+00 2.054134458033857857e+00 9.092997017428830486e-02 2.054134458033857857e+00 -8.350203031598734782e+00 -1.724951151458239407e-01 9.092997017428830486e-02 -1.724951151458239407e-01 -5.679961542532633523e+00
8.885740219051568189e+00 6.331429704329130104e-01 2.456479056474056843e+00 6.331429704329130104e-01 1.184340172578716732e+01 4.831347344520628972e+00 2.456479056474056843e+00 4.831347344520628972e+00 9.247399709100138088e-01
1.053459693231067185e+01 9.295662444440129235e+00 2.418000290117876983e+00 9.295662444440129235e+00 6.049142390878650133e+00 7.501801471099664997e-01 2.418000290117876983e+00 7.501801471099664997e-01 -1.967144670197153999e+00
-1.035555925264865840e+00 -3.619793156367019371e+00 -6.948491422569959219e+00 -3.619793156367019371e+00 -3.696041464748366590e+00 2.281164049975499708e+00 -6.948491422569959219e+00 2.281164049975499708e+00 -1.133185032702718509e+01
4.276509276342167709e+00 3.561227499021030862e+00 5.085820287854521116e-01 3.561227499021030862e+00 -3.753244882938688853e+00 -7.368120677691660347e+00 5.085820287854521116e-01 -7.368120677691660347e+00 -8.244413878604168744e-01
-1.288528961219804003e+01 1.150984205801933280e+00 -4.421089070011130495e+00 1.150984205801933280e+00 -5.482800152800095361e+00 5.424963712837635121e+00 -4.421089070011130495e+00 5.424963712837635121e+00 -1.124684354862976399e+01
-2.679418355917069672e+00 -1.325468325666388392e+00 -2.642713093665310709e+00 -1.325468325666388392e+00 -2.445805879287595186e+00 -3.397013046743883269e+00 -2.642713093665310709e+00 -3.397013046743883269e+00 -2.782170534178107335e+00
1.058263600037604846e+01 -3.457856041288232429e+00 -1.238785643072031650e+00 -3.457856041288232429e+00 1.082299672381239652e+01 -1.541895080851977129e+00 -1.238785643072031650e+00 -1.541895080851977129e+00 1.281650582427274720e+01
9.048384348818322209e+00 1.905781374270490325e+00 -4.525126884818236661e+00 1.905781374270490325e+00 1.493252663404473424e+01 6.229839523049852668e-01 -4.525126884818236661e+00 6.229839523049852668e-01 1.671232232169998611e+00
-3.975011145866800710e+00 -2.232256772148125012e+00 -1.844765422806213140e+00 -2.232256772148125012e+00 3.043139432638401587e+00 5.582743623498584995e-01 -1.844765422806213140e+00 5.582743623498584995e-01 -2.518703280646084508e+00
-9.402640273510616709e+00 -1.964883680878575678e+00 -2.423695153938687952e+00 -1.964883680878575678e+00 -9.113097848134838586e+00 2.658113108304540617e+00 -2.423695153938687952e+00 2.658113108304540617e+00 -1.067955239309889670e+01
-7.585073360461580982e+00 1.191229172702611860e+00 2.563200977037673578e+00 1.191229172702611860e+00 -1.851125061277114847e+00 9.973025491521564367e-01 2.563200977037673578e+00 9.973025491521564367e-01 -1.329189905495367618e+01
-7.445030921429943049e+00 -9.356447940936104546e-01 -2.073470662491788463e+00 -9.356447940936104546e-01 -2.326968964227429382e+00 -1.555388874155071655e+00 -2.073470662491788463e+00 -1.555388874155071655e+00 -8.908652284883990191e+00
1.083501739990465840e+00 -4.778660558423305282e+00 -9.113892396552234487e-01 -4.778660558423305282e+00 1.102565713350912802e+01 -4.880955003235832201e+00 -9.113892396552234487e-01 -4.880955003235832201e+00 -1.557097840110651388e-01
-1.728308799683178076e+00 -2.930159637604489387e+00 3.772807345095007481e+00 -2.930159637604489387e+00 6.318756557019367115e+00 -4.281502671449698205e+00 3.772807345095007481e+00 -4.281502671449698205e+00 6.426277655873966488e+00
-6.792898553903421899e+00 -1.475045739448249238e+00 1.376382879151719862e+00 -1.475045739448249238e+00 -5.464008543339149426e+00 9.947439589250611780e-01 1.376382879151719862e+00 9.947439589250611780e-01 -1.239653579093991631e+01
-1.003469496719995080e+00 1.734459922515077857e+00 -5.688763101349834095e+00 1.734459922515077857e+00 -1.403563868893021427e+00 7.363045312169968604e+00 -5.688763101349834095e+00 7.363045312169968604e+00 -1.593234436454586733e+00
-3.770222171794148647e+00 -5.658175970000131061e-01 -4.816501263948563150e+00 -5.658175970000131061e-01 -3.256907085445804206e+00 1.150120967942748429e+00 -4.816501263948563150e+00 1.150120967942748429e+00 -1.040783756556514561e+01
-6.204922047708036459e+00 5.452719312946081587e-01 -1.294306480325891018e+00 5.452719312946081587e-01 5.252900803046849809e+00 2.269679657812531559e+00 -1.294306480325891018e+00 2.269679657812531559e+00 -2.355609610825918576e+00
-3.628374428556814468e+00 -5.849323901476363829e+00 1.398588334574865755e+00 -5.849323901476363829e+00 5.842634621175792908e+00 -6.159398766293346483e+00 1.398588334574865755e+00 -6.159398766293346483e+00 -6.549727876854608333e+00
-3.046765302753620563e+00 -1.515225819656490058e+00 8.672817401524092196e-01 -1.515225819656490058e+00 4.998027093465197801e+00 -1.057746950644342432e+00 8.672817401524092196e-01 -1.057746950644342432e+00 1.024354430923690273e+01
-8.658797340360873562e+00 -4.904914738416682463e-01 -3.079471930915193223e+00 -4.904914738416682463e-01 -3.036602963475936168e+00 -8.580304636137168206e-01 -3.079471930915193223e+00 -8.580304636137168206e-01 -8.441840829281550995e+00
7.424305879901782923e+00 -1.100159954773708426e-01 -3.902372867351132868e+00 -1.100159954773708426e-01 5.067441548877852142e+00 1.234197455854019188e+00 -3.902372867351132868e+00 1.234197455854019188e+00 6.819317912140023807e-01
-1.901049224339775856e+00 -9.640359174175348878e-02 -3.434056649653960847e+00 -9.640359174175348878e-02 -3.800246973410419393e+00 -3.104294336776472374e+00 -3.434056649653960847e+00 -3.104294336776472374e+00 -2.036756722556208210e+00
-7.967879397052198165e+00 -2.176198956844782817e+00 -1.272392838142256677e-01 -2.176198956844782817e+00 -7.090328251332798537e+00 2.447034934050474675e+00 -1.272392838142256677e-01 2.447034934050474675e+00 -5.928011629411798822e+00
-9.021448578512508476e+00 -7.617915046049731354e-01 -1.988175334095865887e+00 -7.617915046049731354e-01 -2.609099217028254092e+00 5.437420695724162201e-01 -1.988175334095865887e+00 5.437420695724162201e-01 -1.218161955943010888e+01
-8.783364771587653053e+00 -2.454099128833225674e+00 7.347182842923690727e-01 -2.454099128833225674e+00 -4.195799563025588874e+00 8.772762116628811668e-01 7.347182842923690727e-01 8.772762116628811668e-01 -1.307430682639475705e+01
-3.320203450456031380e+00 2.447359833368731863e+00 -1.476033348870767092e+00 2.447359833368731863e+00 2.172563932343377502e+01 3.718709193377871980e+00 -1.476033348870767092e+00 3.718709193377871980e+00 -7.172977841600866711e+00
-1.331321149137719395e+01 2.894447941805975422e+00 5.021163336480547468e-01 2.894447941805975422e+00 -9.062903304353779887e+00 -9.933470265322894566e-01 5.021163336480547468e-01 -9.933470265322894566e-01 -1.385842866555439024e+01
-5.596257334234080894e+00 -2.315967863283696637e+00 -1.955224461585315154e+00 -2.315967863283696637e+00 4.279354624856407163e+00 5.525082369984906094e-01 -1.955224461585315154e+00 5.525082369984906094e-01 -5.690736230001533613e+00
-4.780687982452577423e+00 3.575076783160534344e+00 1.596180111033844051e+00 3.575076783160534344e+00 -6.887756963697539092e+00 -1.851333525173534333e+00 1.596180111033844051e+00 -1.851333525173534333e+00 -5.979715223549055381e+00
-3.289166289533219933e-02 -7.475702300799513811e-02 -2.095141242626823885e+00 -7.475702300799513811e-02 2.649871139949190546e+00 1.218394968176522708e+00 -2.095141242626823885e+00 1.218394968176522708e+00 -7.963063063236038630e+00
2.065994874868470532e+01 -5.190981940916550297e-01 3.336535517756745506e+00 -5.190981940916550297e-01 3.579123981841675572e+01 1.587037740780899542e+00 3.336535517756745506e+00 1.587037740780899542e+00 3.070986298249324520e+01
-1.555821312691836233e+01 -8.674457779411430813e-01 -3.149811866825471984e+00 -8.674457779411430813e-01 -1.824757406603475740e+00 -5.013265746021430269e-01 -3.149811866825471984e+00 -5.013265746021430269e-01 -1.212995977275385329e+01
4.595944058378391261e+00 6.185884564419864562e-01 -4.617026995588219274e-01 6.185884564419864562e-01 2.609573844385106511e+01 1.061635708726333327e+01 -4.617026995588219274e-01 1.061635708726333327e+01 8.771858962795223036e+00
-3.172245873955123474e-02 1.615994858835899439e+00 -3.605985746464065667e+00 1.615994858835899439e+00 7.057507576254538062e-01 1.773304922876505652e+00 -3.605985746464065667e+00 1.773304922876505652e+00 -2.073385891309120765e+00
-2.987404662164398150e+00 9.420113634880634967e-02 2.248561161276312781e+00 9.420113634880634967e-02 2.791572932167739385e+00 -4.916604657063836648e+00 2.248561161276312781e+00 -4.916604657063836648e+00 -1.728582331050116716e+00
1.573325374531551546e+01 -2.088965641011371055e+00 5.824326292021696494e-01 -2.088965641011371055e+00 8.435164911985836511e+00 5.024397215142462514e+00 5.824326292021696494e-01 5.024397215142462514e+00 1.074030761831589764e+01
-1.021530754814480169e+01 -2.952315523400265374e+00 2.710541363526046688e+00 -2.952315523400265374e+00 -9.391971375658620502e+00 4.689639030316822499e+00 2.710541363526046688e+00 4.689639030316822499e+00 -1.204471093394302450e+01
-6.669714828175992594e+00 3.619490324058511010e+00 -4.096446196569309528e+00 3.619490324058511010e+00 -5.914943042542570417e+00 1.551547689675335073e+00 -4.096446196569309528e+00 1.551547689675335073e+00 -9.203054769027497528e+00
-7.246453601921781784e-01 7.214330949723951392e+00 2.577724488557645799e+00 7.214330949723951392e+00 -6.477744966337652066e+00 3.751319682288418722e+00 2.577724488557645799e+00 3.751319682288418722e+00 -1.534272408434599200e+01
1.082767173102830682e+01 -1.895929472294801965e-01 3.200373685387336575e-02 -1.895929472294801965e-01 -5.633240384082150776e+00 2.109319045826024475e+00 3.200373685387336575e-02 2.109319045826024475e+00 -5.665939598955900713e+00
1.281528504820915515e+00 -1.279287684263209490e+00 1.047377197006709837e+00 -1.279287684263209490e+00 -3.495810883655045220e+00 -1.537454336583655712e+00 1.047377197006709837e+00 -1.537454336583655712e+00 -6.242720509487124758e+00
-3.426702508010365467e+00 -1.201236122476854740e-01 -8.742671637995502731e-02 -1.201236122476854740e-01 -5.004211723899571140e+00 5.373313631307745197e+00 -8.742671637995502731e-02 5.373313631307745197e+00 -6.380709990334682224e+00
4.527463117566286610e-01 -8.732387271562312703e-02 2.945240002069178242e+00 -8.732387271562312703e-02 8.135107024558850597e+00 5.786880212899437881e-01 2.945240002069178242e+00 5.786880212899437881e-01 2.630452946562195304e+00
-3.665125622371688596e+00 -1.325778053139935464e+00 3.735953138178872646e+00 -1.325778053139935464e+00 5.022098612313298460e+00 4.636290577644237132e+00 3.735953138178872646e+00 4.636290577644237132e+00 -3.393358722435697139e+00
1.756778543571945406e+01 1.097992412625237169e+00 -3.916819618097283850e+00 1.097992412625237169e+00 5.713027917237837094e+00 -6.036396196619410404e+00 -3.916819618097283850e+00 -6.036396196619410404e+00 1.249276221591444624e+01
-6.318582779814349237e+00 -1.258433825316663812e-01 -2.002789254255346929e+00 -1.258433825316663812e-01 -8.991760189791899727e-01 3.570107979954278282e-02 -2.002789254255346929e+00 3.570107979954278282e-02 -2.634451211383024294e+00
-8.605608824896176401e+00 1.224211928314785869e+00 -9.368278533020184540e-01 1.224211928314785869e+00 -1.079361039885220208e+01 8.901017602602230294e-01 -9.368278533020184540e-01 8.901017602602230294e-01 -1.606207229195298325e+01
-1.188177226139247544e+01 -2.192724247520294156e+00 2.325735938922205204e+00 -2.192724247520294156e+00 -1.072192686321856492e+01 4.965596634527416064e+00 2.325735938922205204e+00 4.965596634527416064e+00 -1.097505282857777154e+01
-6.537131070584612402e+00 -5.589586203050104229e-01 -9.673587230198211762e-01 -5.589586203050104229e-01 4.798772950019146499e+00 -8.702940015124343009e-01 -9.673587230198211762e-01 -8.702940015124343009e-01 -7.753384214504425387e+00
-6.628265703643503315e-01 3.506075476067266550e+00 4.540190327101396583e+00 3.506075476067266550e+00 -3.202589497931245255e+00 -6.658383736188293600e-01 4.540190327101396583e+00 -6.658383736188293600e-01 -9.971481058488246063e+00
1.126260771881527845e+01 -4.245440889141223195e+00 -5.886474415893768741e-01 -4.245440889141223195e+00 1.119594242644798321e+01 4.438923534603086973e-01 -5.886474415893768741e-01 4.438923534603086973e-01 1.293646800968234523e+01
3.941104768314590001e-01 2.201970345683508246e+00 -2.013925776883417118e+00 2.201970345683508246e+00 5.025735634543658570e+00 2.361512063608162126e+00 -2.013925776883417118e+00 2.361512063608162126e+00 5.578250628753756990e-01
-9.338979883190143383e+00 2.636197686404772256e+00 1.444568936570348461e+00 2.636197686404772256e+00 -4.264194251541906233e+00 -1.140682635290518387e+00 1.444568936570348461e+00 -1.140682635290518387e+00 -1.037111390685801382e+01
-2.672515281379803653e+00 -1.141509865700339521e+00 3.766141355059404727e-01 -1.141509865700339521e+00 -5.233926312328236463e+00 1.012620987985132892e+00 3.766141355059404727e-01 1.012620987985132892e+00 -8.191547925223986226e+00
1.372889038628408187e+01 2.020245735345455707e+00 1.715515709173734527e+00 2.020245735345455707e+00 8.746317591902100119e+00 -3.684556962010868464e+00 1.715515709173734527e+00 -3.684556962010868464e+00 -1.274137501085206958e+00
2.814892469219468119e+00 -3.743376606819894814e+00 7.985594441715487823e-01 -3.743376606819894814e+00 -9.154726840941739274e-01 7.597399593480198554e-01 7.985594441715487823e-01 7.597399593480198554e-01 -4.729034368725653970e+00
9.933401795404986911e-01 5.827187785342126780e+00 1.459499645240523780e+00 5.827187785342126780e+00 -2.405255077464024449e+00 2.777359037399895758e+00 1.459499645240523780e+00 2.777359037399895758e+00 -9.703814496855450500e+00
4.042394416385787892e+00 1.235395462937287636e+00 3.042606200017788365e-01 1.235395462937287636e+00 -8.053413947206971013e-01 -4.035050165232669350e+00 3.042606200017788365e-01 -4.035050165232669350e+00 -6.450007453784269096e+00
-3.519657694733035136e+00 6.010196648105723405e-01 -3.801465882252767159e+00 6.010196648105723405e-01 -4.742173784295648176e+00 1.919395931915243159e+00 -3.801465882252767159e+00 1.919395931915243159e+00 -7.914039757320022517e+00
4.734095421508429880e+00 -4.632048241820782231e+00 4.101912350598170498e+00 -4.632048241820782231e+00 -2.832401709122943867e+00 2.038133520340582372e+00 4.101912350598170498e+00 2.038133520340582372e+00 -6.803542380542110024e+00
-8.929109611065777941e+00 1.257063462775130036e+00 -1.679656610603991851e+00 1.257063462775130036e+00 -3.245635239739943501e-01 2.814484253938589919e+00 -1.679656610603991851e+00 2.814484253938589919e+00 -5.687615672257357424e+00
-1.946695007255118126e+00 -1.859136218260850348e-01 -2.628045131139884028e+00 -1.859136218260850348e-01 -3.629848036474165429e+00 5.249768624443332143e+00 -2.628045131139884028e+00 5.249768624443332143e+00 -4.588216899350091360e+00
-4.537364022754043269e+00 1.072365628702629803e-01 9.136092853620292331e-01 1.072365628702629803e-01 -2.615965994157751329e+00 5.117811498662238057e-01 9.136092853620292331e-01 5.117811498662238057e-01 -1.163282813919242109e+01
-8.808593388504601052e+00 1.808706776818033379e+00 2.357574404617948538e+00 1.808706776818033379e+00 -7.268898465082638261e+00 -4.129577074815970583e+00 2.357574404617948538e+00 -4.129577074815970583e+00 -7.507249851558490228e+00
-3.909378282833506191e+00 -9.935467415042135986e-02 -4.487386305812748333e+00 -9.935467415042135986e-02 -6.301857915029440704e+00 -1.451204172814041238e+00 -4.487386305812748333e+00 -1.451204172814041238e+00 -3.171274039184031501e+00
1.355432684452206216e+00 1.649713671087071454e+00 -3.112169792259171786e+00 1.649713671087071454e+00 -1.676476223136013743e+00 3.227046195235507398e+00 -3.112169792259171786e+00 3.227046195235507398e+00 -6.554765633113540879e+00
-1.996961819283069817e+00 -8.324803958198148113e-01 -2.969978599378806372e+00 -8.324803958198148113e-01 -2.123596604578399660e-02 1.584861574242258042e+00 -2.969978599378806372e+00 1.584861574242258042e+00 -7.304859122453397191e+00
-2.161141844424583625e-01 -7.666811963951474240e+00 -1.203294109633594289e+00 -7.666811963951474240e+00 -6.866344354802466299e+00 1.701581718048036096e-01 -1.203294109633594289e+00 1.701581718048036096e-01 -1.225771782957550116e+01
-4.061077734830475627e+00 -1.811275938459793178e-01 -1.835805689619215419e+00 -1.811275938459793178e-01 -7.408250995727698740e-01 -1.753988101891269247e-01 -1.835805689619215419e+00 -1.753988101891269247e-01 4.644464415252906875e+00
4.178375944721567592e+00 -4.477333015809132899e-01 -5.176170267734947927e+00 -4.477333015809132899e-01 6.527963816233316230e+00 2.764618922929756861e-01 -5.176170267734947927e+00 2.764618922929756861e-01 2.612699721168773248e+00
4.935769261666675956e-01 6.268702444497755266e+00 1.026109632952029616e+00 6.268702444497755266e+00 -4.577271720015785306e+00 -1.701668190484095788e+00 1.026109632952029616e+00 -1.701668190484095788e+00 -7.585169944924180285e+00
