9.119107997505354390e+00 4.570800056146270940e+00 -4.855618986642094903e+00 4.570800056146270940e+00 7.272685703629761633e+00 4.494634410214501052e+00 -4.855618986642094903e+00 4.494634410214501052e+00 -3.877200988711544949e-01
1.400067061934487889e+01 -1.196464670833160859e+01 -5.857525040475714206e+00 -1.196464670833160859e+01 -7.214107309316076799e-01 8.560716338146994175e+00 -5.857525040475714206e+00 8.560716338146994175e+00 7.330368888073246048e+00
1.097594160145016318e+00 -1.058924880030367000e+01 -5.273943121107492082e+00 -1.058924880030367000e+01 -8.225104808910677079e+00 5.254736878875911010e+00 -5.273943121107492082e+00 5.254736878875911010e+00 1.234402772087403477e+01
6.394187901122819540e+00 7.588802718539549019e-01 -9.586452558342891450e+00 7.588802718539549019e-01 -5.196285715748246936e+00 -2.253904836052906813e+00 -9.586452558342891450e+00 -2.253904836052906813e+00 1.749394199805453454e+01
