2.279976240624644213e+00 2.605617776768835103e+00 -2.826405478837821672e+00 2.605617776768835103e+00 1.048093071045699709e+00 5.784748680727862080e+00 -2.826405478837821672e+00 5.784748680727862080e+00 1.689177168892514658e+01
2.340942432019476627e+01 -1.160218335123543376e+01 -7.710162898899624473e+00 -1.160218335123543376e+01 -7.705012721193411629e-01 3.974584973588317194e+00 -7.710162898899624473e+00 3.974584973588317194e+00 -1.000079556131123937e+01
-1.092610457432726534e+01 -2.928369783738946630e+00 -5.714158416552309605e-01 -2.928369783738946630e+00 -6.709271946273924314e+00 4.545810861808222469e+00 -5.714158416552309605e-01 4.545810861808222469e+00 -1.185727974429373432e+01
1.074792197108344505e+00 3.391693040102070067e-01 -5.647823259927167605e+00 3.391693040102070067e-01 2.417693516262482412e+00 -8.538003093204318716e+00 -5.647823259927167605e+00 -8.538003093204318716e+00 4.640024313336953976e-01
-6.327858552303985640e+00 -1.194825250659083293e+00 -1.655853460872857008e+00 -1.194825250659083293e+00 3.490021035885743750e+00 6.026692564662301521e+00 -1.655853460872857008e+00 6.026692564662301521e+00 -6.771822892247378434e+00
-1.238673872238437212e+01 -4.555949744320835215e+00 -3.765430042461072269e+00 -4.555949744320835215e+00 4.244540218168759260e+00 9.952357979788486020e+00 -3.765430042461072269e+00 9.952357979788486020e+00 -7.856962645477466367e+00
-7.670206113051641239e+00 -1.709021774650144154e+00 5.237541715798315067e+00 -1.709021774650144154e+00 -1.330899213317554874e+01 -6.775033962660629960e+00 5.237541715798315067e+00 -6.775033962660629960e+00 -6.780999765492359721e+00
1.572544745690478329e+01 -1.641205439904092955e+00 -1.525301935557085820e+00 -1.641205439904092955e+00 1.799128670999643731e+01 2.284275356889498010e+00 -1.525301935557085820e+00 2.284275356889498010e+00 1.893540557309955474e+01
9.980707311626819234e+00 2.096837017498651257e+00 -2.950604099998309859e+00 2.096837017498651257e+00 5.195360102550156789e+00 5.825261240602125135e+00 -2.950604099998309859e+00 5.825261240602125135e+00 1.186367519088595657e+01
-6.012853544139001194e+00 1.029295178997919669e+00 1.161379987375514400e+00 1.029295178997919669e+00 -9.929057779162532071e+00 -5.815905443709080913e+00 1.161379987375514400e+00 -5.815905443709080913e+00 7.218327475599995324e+00
1.385261385063610895e+01 1.151990089711085075e+00 -4.948172569413019417e+00 1.151990089711085075e+00 2.924757317170158899e+01 -4.983467505556762767e+00 -4.948172569413019417e+00 -4.983467505556762767e+00 -6.440725303841381422e-01
2.841061425791707062e+00 -6.101628847258260713e+00 8.794133255846686481e+00 -6.101628847258260713e+00 -8.260956984215223287e+00 6.123923566988504597e+00 8.794133255846686481e+00 6.123923566988504597e+00 -2.818122121215091092e+00
1.391346570436792085e+01 3.757696029797248372e+00 4.339246575990008403e-01 3.757696029797248372e+00 1.923443266837423593e+01 9.369355978221799219e+00 4.339246575990008403e-01 9.369355978221799219e+00 8.918479852924741991e+00
-6.318198571574489719e+00 -8.891634410723657789e-01 -6.966828935327021632e+00 -8.891634410723657789e-01 6.217848825945407221e+00 -4.529977649677512375e+00 -6.966828935327021632e+00 -4.529977649677512375e+00 3.416896877413263311e+00
4.337770590113548819e-01 3.132943435330653781e+00 1.059935651826866199e+01 3.132943435330653781e+00 6.742757120572549390e+00 7.053017118838483590e+00 1.059935651826866199e+01 7.053017118838483590e+00 -4.402434928519324053e+00
1.757662304000881548e+01 -9.516030635704290919e-02 4.986490344321492074e+00 -9.516030635704290919e-02 2.115647831843579851e+01 2.007296081372569874e-01 4.986490344321492074e+00 2.007296081372569874e-01 1.427554825649793457e+01
7.288574277147650271e+00 -1.808361930040470300e+00 5.552800170557246062e+00 -1.808361930040470300e+00 1.534521984756067159e+00 -1.618461849622913618e-01 5.552800170557246062e+00 -1.618461849622913618e-01 7.640257910574853817e+00
-3.128898336631413368e+00 2.668728274530906219e+00 8.453364202927198257e-01 2.668728274530906219e+00 9.771273289548879859e+00 4.296855757477981541e+00 8.453364202927198257e-01 4.296855757477981541e+00 8.277132951698133567e+00
3.577933759689220228e+00 -6.584143627621860340e+00 1.865305774213370293e+00 -6.584143627621860340e+00 1.523416663577713948e+01 2.785069599010768115e+00 1.865305774213370293e+00 2.785069599010768115e+00 1.108201887558632137e+01
-9.583245891543089812e+00 -2.387599770569231339e+00 5.859566777749908972e+00 -2.387599770569231339e+00 2.791845506087696549e+00 5.608098547991148486e+00 5.859566777749908972e+00 5.608098547991148486e+00 9.149235836758659701e+00
1.883431160307018715e+01 -1.312290097404560152e+00 6.572534300283959796e-01 -1.312290097404560152e+00 1.936067072112589571e+01 1.096832840359038208e+01 6.572534300283959796e-01 1.096832840359038208e+01 3.671009811771996567e+01
4.123837078006124202e+00 2.615724254932157322e+00 8.416437206649513669e+00 2.615724254932157322e+00 2.979586503905110817e+00 -5.566651497574449436e+00 8.416437206649513669e+00 -5.566651497574449436e+00 4.375001503092734723e+00
-2.479122729307400075e+00 4.224003972764966974e+00 2.697640083151821244e+00 4.224003972764966974e+00 -8.138529141778208853e+00 -1.096746868410609643e+00 2.697640083151821244e+00 -1.096746868410609643e+00 -7.197115784402281946e+00
1.448302878759318268e+01 8.102198937508081400e+00 -4.279611154371980031e-01 8.102198937508081400e+00 1.657347588035097985e+01 3.435997556103610240e+00 -4.279611154371980031e-01 3.435997556103610240e+00 1.713194816669336262e+01
2.360997244340697421e+01 4.479538795906494286e+00 7.564734966098405344e+00 4.479538795906494286e+00 2.279382308600271045e+01 -1.205404741201281382e+00 7.564734966098405344e+00 -1.205404741201281382e+00 2.687212948379909960e+01
2.856617839715821461e+01 -3.037627765716703010e+00 4.450023800655703354e+00 -3.037627765716703010e+00 2.112144837020024468e+01 -2.771769640598553686e+00 4.450023800655703354e+00 -2.771769640598553686e+00 3.334336094326006616e+01
1.644929734761814188e+01 -4.824481070690369577e+00 1.302013031878982829e+01 -4.824481070690369577e+00 1.261810651811861383e+01 -6.779260049987888559e-01 1.302013031878982829e+01 -6.779260049987888559e-01 2.425318859978029451e+01
