-1.397070319565933794e+01 -1.030123469419889970e+00 9.515296680813210006e-01 -1.030123469419889970e+00 -9.188310646695175166e+00 6.281138120819397264e-01 9.515296680813210006e-01 6.281138120819397264e-01 -2.500925212008436205e+00
-1.191605974995455419e+01 -2.959998335044589979e+00 7.807407081803594551e-01 -2.959998335044589979e+00 -7.580336152279637751e+00 4.011521494864309784e-02 7.807407081803594551e-01 4.011521494864309784e-02 -3.699920719345420328e-01
6.046970973072569588e-01 3.800655394121950525e+00 -1.990288589381130402e+00 3.800655394121950525e+00 2.162222329146506805e+00 -3.779652646860948817e+00 -1.990288589381130402e+00 -3.779652646860948817e+00 -3.953898439053973757e+00
-8.491890752124890085e+00 2.380071238408421053e-01 -1.040879135768034036e+00 2.380071238408421053e-01 -9.989135091397964572e-02 1.542326448730102051e+00 -1.040879135768034036e+00 1.542326448730102051e+00 2.898055863454362058e+00
-8.142894558028521246e+00 1.149067647140067372e+00 3.762271754233324828e+00 1.149067647140067372e+00 5.220037477184368280e-01 -1.906871801818289303e+00 3.762271754233324828e+00 -1.906871801818289303e+00 5.107157613993080325e+00
-1.121857093977988207e+01 -3.074723859179452345e-01 -2.165722779944679655e+00 -3.074723859179452345e-01 -2.665666484956576987e+00 8.816415904984824248e-02 -2.165722779944679655e+00 8.816415904984824248e-02 -7.005093281358693247e+00
1.243415041440556479e+01 -5.105862722264620235e-01 1.946641719493314104e+00 -5.105862722264620235e-01 6.164504820177673317e+00 -7.553473831014000106e-02 1.946641719493314104e+00 -7.553473831014000106e-02 7.377237942026562578e+00
-9.742488754105664839e+00 8.552963839023550729e-01 1.465697076735595461e+00 8.552963839023550729e-01 -4.558079421699522626e+00 8.379276930150694191e-01 1.465697076735595461e+00 8.379276930150694191e-01 -5.302127820233287991e+00
-6.713740142754905271e+00 -8.411391905642502387e-01 -1.807852210963887707e+00 -8.411391905642502387e-01 -5.429411915035694314e+00 2.461902666344277790e-01 -1.807852210963887707e+00 2.461902666344277790e-01 6.282492080584953786e-01
-7.248017416979716465e+00 -2.450275239936555938e+00 5.650881726792663651e-01 -2.450275239936555938e+00 -3.524354894376853231e+00 -1.809935408708437665e-01 5.650881726792663651e-01 -1.809935408708437665e-01 -9.507006646459185140e-01
-6.219848875431849500e+00 -1.951219922560305298e+00 -1.132986405714065947e+00 -1.951219922560305298e+00 -1.715965850242762714e-01 1.074920534715748666e+00 -1.132986405714065947e+00 1.074920534715748666e+00 -6.220970049132451551e-01
-7.306465722227603266e+00 2.747212868731264024e+00 -1.152369408673618700e+00 2.747212868731264024e+00 9.740196523976257792e-02 7.533954716521276129e-01 -1.152369408673618700e+00 7.533954716521276129e-01 -3.942251012964006041e+00
-3.498570274631026766e+00 -2.965188514145891574e+00 9.256904148712701286e-01 -2.965188514145891574e+00 -5.087254405439392002e-01 -1.820346646695167880e+00 9.256904148712701286e-01 -1.820346646695167880e+00 1.673627290836994241e+00
-5.014182162628491923e+00 -3.337430716686225485e-01 -1.201474017287732066e+00 -3.337430716686225485e-01 3.502629296231008826e+00 7.603928906011043765e-01 -1.201474017287732066e+00 7.603928906011043765e-01 8.748848501505035458e+00
-2.303331465170236070e-01 -1.642735125284670916e+00 -5.955897661525829667e-01 -1.642735125284670916e+00 4.598423813089261181e+00 2.289629610630539158e+00 -5.955897661525829667e-01 2.289629610630539158e+00 2.764392630225510850e+00
-6.624143636795179368e+00 2.814193495870169204e-01 1.499474809834228095e-01 2.814193495870169204e-01 -4.010956157277989043e+00 4.231124267365615754e-01 1.499474809834228095e-01 4.231124267365615754e-01 -2.198892418832816276e+00
-8.817609918684267356e+00 1.659226998727041158e+00 -4.862424126472836838e-01 1.659226998727041158e+00 6.438398526819153922e+00 -2.152655439528227355e+00 -4.862424126472836838e-01 -2.152655439528227355e+00 1.569894090356958705e+00
-9.360852628187330993e+00 -2.225919356047741715e+00 1.509076047329633852e+00 -2.225919356047741715e+00 -5.380453204986754834e+00 -1.672211571503183780e-01 1.509076047329633852e+00 -1.672211571503183780e-01 7.367964000000007951e-01
7.939557688038695105e+00 1.372217949924293912e+00 -1.618569971134428798e+00 1.372217949924293912e+00 -6.524564401341704789e-01 5.678184296116976171e+00 -1.618569971134428798e+00 5.678184296116976171e+00 4.211118683758175330e+00
-4.242753429127795961e+00 -4.131689743140690707e-01 1.438512235165431141e+00 -4.131689743140690707e-01 6.039607627655851907e-02 3.125243118557499145e-01 1.438512235165431141e+00 3.125243118557499145e-01 9.489667685760453608e+00
-1.039425335171869591e+01 1.405374069016716021e-01 -5.595342223589666597e-01 1.405374069016716021e-01 -4.101449772516541081e+00 -1.748507026958236454e-01 -5.595342223589666597e-01 -1.748507026958236454e-01 6.627341107863236935e+00
1.531690156620786336e+00 -1.024551723223192878e+00 -5.011908014509161013e-01 -1.024551723223192878e+00 2.449630526050562640e+00 1.099364626478164686e+00 -5.011908014509161013e-01 1.099364626478164686e+00 1.871441726429279973e+00
-1.047399520954795449e+01 1.782450025467630539e+00 1.780314569626866017e-01 1.782450025467630539e+00 -6.731441385163556390e+00 2.027367094848832707e+00 1.780314569626866017e-01 2.027367094848832707e+00 -4.875229056889186507e-01
-1.180751730874906968e+01 -2.052781157185138650e+00 -7.788594167166381643e-01 -2.052781157185138650e+00 -9.096236631901280845e+00 5.123882580149724530e-01 -7.788594167166381643e-01 5.123882580149724530e-01 -1.971626709132060229e-01
-1.010737794125689071e+01 4.200614196575771508e-01 3.356712918264474155e+00 4.200614196575771508e-01 -6.338973817692941104e-01 -1.580886810007302135e+00 3.356712918264474155e+00 -1.580886810007302135e+00 2.379528154001461715e+01
-8.698257974075874088e+00 -5.202602275992810332e-01 -1.990510884809565395e-01 -5.202602275992810332e-01 -5.891879438957778881e+00 1.101382134344353947e+00 -1.990510884809565395e-01 1.101382134344353947e+00 -1.169467307607792828e+00
-2.791983323726073343e-02 -2.034631921427450862e+00 -2.096338925988528334e+00 -2.034631921427450862e+00 3.254278588074029255e+00 -2.378818269820951681e+00 -2.096338925988528334e+00 -2.378818269820951681e+00 1.102889887250315226e+01
-5.934613249781990341e+00 7.201227725846467642e+00 1.776371560805683369e+00 7.201227725846467642e+00 6.156702985930651906e+00 4.059876102830633826e+00 1.776371560805683369e+00 4.059876102830633826e+00 -6.053788509669536744e+00
-5.260753660239478435e+00 -4.960338492678497135e-01 -2.097245670959632324e+00 -4.960338492678497135e-01 9.810863722266293108e-01 1.176809570125927351e+00 -2.097245670959632324e+00 1.176809570125927351e+00 -4.222850860587660016e+00
-7.522077876472531344e+00 -2.475556281664315961e+00 -2.668683202328957726e+00 -2.475556281664315961e+00 3.939068019830942013e+00 2.179362143056659207e+00 -2.668683202328957726e+00 2.179362143056659207e+00 -2.504219847437958446e+00
-1.256252327991180628e+01 -1.313181822933634058e+00 -1.377798958902839210e+00 -1.313181822933634058e+00 -7.326471071605710428e+00 7.173611389442335244e-04 -1.377798958902839210e+00 7.173611389442335244e-04 -6.605154944925244465e+00
3.724006081765224851e-01 4.029753308836426129e+00 -1.047794558721604652e+00 4.029753308836426129e+00 5.950224751000497747e+00 -2.885334243305264668e+00 -1.047794558721604652e+00 -2.885334243305264668e+00 1.231973430504160127e+01
-8.796296537942250637e+00 -4.687907535640370993e-01 -1.808990012240557332e+00 -4.687907535640370993e-01 -8.005961718370514291e+00 4.612608369731324154e-01 -1.808990012240557332e+00 4.612608369731324154e-01 1.619851334464283976e+00
-6.511669961533558038e+00 3.789346198808445365e+00 6.155908719345423163e-01 3.789346198808445365e+00 5.741977089966542047e-02 9.475485512969814561e-01 6.155908719345423163e-01 9.475485512969814561e-01 -1.713580980760974537e+00
-3.109289207542909494e+00 1.288359343545733671e+00 -3.331390351836642783e+00 1.288359343545733671e+00 7.863264975346995200e-01 -4.306347526945999427e+00 -3.331390351836642783e+00 -4.306347526945999427e+00 1.727785025354010573e+00
-8.438865412043261571e+00 -7.712819927655384031e-03 1.032943031247462340e+00 -7.712819927655384031e-03 9.171533422442318395e-02 1.956281831789080661e-01 1.032943031247462340e+00 1.956281831789080661e-01 -1.497638650362691948e+00
-5.615045879783946425e+00 9.724928564835438882e-01 1.824940293295721716e+00 9.724928564835438882e-01 1.513646075905083377e+00 1.445765270624164378e+00 1.824940293295721716e+00 1.445765270624164378e+00 1.254966363018364817e+01
-3.366562232752539519e+00 4.240371050379828866e+00 1.117056120610575798e+00 4.240371050379828866e+00 -1.492016771317029811e+00 -8.526637277859027142e-01 1.117056120610575798e+00 -8.526637277859027142e-01 -1.983204830219853276e+00
1.705241656052508770e+00 4.807558133175519055e-01 2.824457975930282139e+00 4.807558133175519055e-01 -5.563909258814400793e+00 -6.675018711193477783e-01 2.824457975930282139e+00 -6.675018711193477783e-01 -7.848416189190346337e+00
-1.067880419008454318e+01 -1.339346501561020419e+00 2.264481080318009099e+00 -1.339346501561020419e+00 -5.106521015366467964e+00 -8.238108809331304849e-01 2.264481080318009099e+00 -8.238108809331304849e-01 -2.793145359935782501e+00
1.224912860515634971e+00 -1.153772797798512974e-02 -2.774264903273638172e+00 -1.153772797798512974e-02 -6.670740529054487666e+00 5.431570641912230712e+00 -2.774264903273638172e+00 5.431570641912230712e+00 -9.227887491871349823e+00
-7.947860340710368732e+00 -2.059790746150087504e-01 -1.473784101935384783e+00 -2.059790746150087504e-01 -3.530190530380523661e-01 4.594810834771789310e+00 -1.473784101935384783e+00 4.594810834771789310e+00 3.387966122964961802e+00
-6.922465582395782135e+00 1.043812457799643045e+00 2.653399717220835896e+00 1.043812457799643045e+00 -2.371739002097892346e+00 -2.754415018821047667e+00 2.653399717220835896e+00 -2.754415018821047667e+00 2.906023016498893163e+00
-9.744460309553756971e+00 -1.353033372033194681e-01 9.938896057991769561e-01 -1.353033372033194681e-01 -3.861673779337296164e+00 5.098489896125505544e-02 9.938896057991769561e-01 5.098489896125505544e-02 -3.048858476921294525e+00
-6.311521453032097106e+00 1.388331340658066904e-01 7.408012704644377777e-01 1.388331340658066904e-01 -3.685682763494984471e+00 6.682076487184950286e-01 7.408012704644377777e-01 6.682076487184950286e-01 1.446107416759194519e+00
4.836505869737756313e+00 -4.510742693084751620e-02 3.047212760761417893e+00 -4.510742693084751620e-02 5.318638819301131804e+00 -4.905407633285759239e+00 3.047212760761417893e+00 -4.905407633285759239e+00 1.343639372672218180e+01
-1.149332263136353482e+01 4.692183198057919280e-01 3.917623197438926952e-01 4.692183198057919280e-01 -3.128153011822739415e+00 -4.590161142039194536e-02 3.917623197438926952e-01 -4.590161142039194536e-02 -3.708854478430087198e+00
-4.966565815461883027e+00 -3.851319062710482299e+00 2.446484804873796826e+00 -3.851319062710482299e+00 3.577867801579012408e+00 -4.158865916946935748e+00 2.446484804873796826e+00 -4.158865916946935748e+00 2.953061235723623668e+00
9.407863989912354508e-02 -1.081036932611444401e+00 1.496790795819082920e-01 -1.081036932611444401e+00 -1.362044099867354863e+00 -2.558897641312586568e+00 1.496790795819082920e-01 -2.558897641312586568e+00 -4.004029737954162976e-02
-7.241116972911395777e+00 -1.174990038230459444e+00 3.008769391020758466e+00 -1.174990038230459444e+00 -4.253877917531002417e+00 -8.373267249086029373e-01 3.008769391020758466e+00 -8.373267249086029373e-01 -1.302319265025051021e+00
-6.389395454987254475e+00 1.115731101447314799e+00 1.958535788119380783e+00 1.115731101447314799e+00 -1.636443682023835500e+00 -7.939852198491399449e-01 1.958535788119380783e+00 -7.939852198491399449e-01 2.366966495313097330e+00
-6.061114614867022077e+00 -1.232341371858492129e+00 -2.203238288598380334e-02 -1.232341371858492129e+00 -5.771549977637615569e+00 4.766578904085434942e+00 -2.203238288598380334e-02 4.766578904085434942e+00 -9.013251968217284471e+00
-1.084300183807911111e+01 -3.209905576117251802e-01 1.458967081176602010e+00 -3.209905576117251802e-01 -4.885071581987690870e+00 -2.087810163507763050e+00 1.458967081176602010e+00 -2.087810163507763050e+00 1.038483972883223316e+01
-6.471953468308820234e+00 -1.425897862879709654e+00 -1.583268202793213231e+00 -1.425897862879709654e+00 -4.519224954686624329e+00 5.015845327581249791e+00 -1.583268202793213231e+00 5.015845327581249791e+00 -9.237488339504583479e+00
-3.048208762060387933e+00 -9.034323247708463400e-01 -1.246587600659975759e-01 -9.034323247708463400e-01 -2.465804436539782429e+00 -1.304068883188797656e+00 -1.246587600659975759e-01 -1.304068883188797656e+00 -5.875079062056800971e+00
4.705916747861841110e+00 2.304144405321917777e+00 1.388169420233139162e+00 2.304144405321917777e+00 8.776758900863534052e+00 1.373751031675624956e+00 1.388169420233139162e+00 1.373751031675624956e+00 2.889028407102113061e+00
-1.001433754896647654e+00 -1.439454368096346304e+00 -1.069465517773005470e+00 -1.439454368096346304e+00 1.328064337711110632e+01 4.139107710621201086e+00 -1.069465517773005470e+00 4.139107710621201086e+00 2.121466650214306426e+01
-6.340916632152742594e+00 -1.310934724796411155e+00 -2.834210722088325252e+00 -1.310934724796411155e+00 4.500346102222570366e+00 2.176369179364375572e+00 -2.834210722088325252e+00 2.176369179364375572e+00 -1.920401898001820262e+00
-7.430989077793994646e+00 1.165218119785319306e+00 3.294335627747386752e+00 1.165218119785319306e+00 -1.640014887974816871e+00 1.552557928049219882e+00 3.294335627747386752e+00 1.552557928049219882e+00 9.190894446684884755e+00
-1.203854797674527966e+01 -2.739274388842682581e-02 6.196123699750476499e-01 -2.739274388842682581e-02 -7.591115572307879589e+00 8.193451890748020272e-01 6.196123699750476499e-01 8.193451890748020272e-01 -4.880231581917717776e+00
-5.321294640212717475e+00 -1.641612329601677578e+00 -2.363587108606566289e+00 -1.641612329601677578e+00 2.409259272353134751e+00 1.452223366889058509e+00 -2.363587108606566289e+00 1.452223366889058509e+00 1.108432572029145291e+01
-8.672342709089511104e+00 -6.561621575410572227e-01 1.090272538162757154e+00 -6.561621575410572227e-01 -1.761874587767183753e+00 -1.425068782296846637e+00 1.090272538162757154e+00 -1.425068782296846637e+00 2.038089506044840349e-01
-8.822798518827021041e+00 9.443821857399858910e-01 -2.052104177302360166e-01 9.443821857399858910e-01 5.367927889471347802e-01 1.132147900806624446e-01 -2.052104177302360166e-01 1.132147900806624446e-01 1.025897689730546347e-01
9.583214675979631281e+00 3.200797669148540692e+00 -4.280172460026956394e+00 3.200797669148540692e+00 5.436122708182169028e+00 -2.292204752146731916e+00 -4.280172460026956394e+00 -2.292204752146731916e+00 1.155189051355737995e+01
-7.978628358682329669e+00 4.635174365823940268e-01 -5.339090921832994052e-01 4.635174365823940268e-01 2.379786194247250908e+00 2.220125833471964238e+00 -5.339090921832994052e-01 2.220125833471964238e+00 1.443057444234676634e+00
-7.291510405238222248e+00 -2.971894178037413514e+00 -3.276107559045982748e-02 -2.971894178037413514e+00 -3.341596455074766325e+00 7.881803607868936856e-01 -3.276107559045982748e-02 7.881803607868936856e-01 -2.478976811598354590e+00
-3.630574891725920850e+00 -1.540928309375705130e+00 5.321096762516646095e-01 -1.540928309375705130e+00 9.195715018358340487e+00 -2.900455795887484811e+00 5.321096762516646095e-01 -2.900455795887484811e+00 1.440293351745780903e+01
-4.554245577731787620e+00 1.498348885397606800e+00 2.384411035762232345e+00 1.498348885397606800e+00 -4.407827893610852255e-01 -2.792482632261062414e-01 2.384411035762232345e+00 -2.792482632261062414e-01 2.979592745757010608e+00
-5.414689866293725728e+00 -2.853305427914336057e-01 3.353564204826260386e-01 -2.853305427914336057e-01 8.397784738702814167e+00 -3.462152782195459522e-01 3.353564204826260386e-01 -3.462152782195459522e-01 1.307050224346562572e+01
2.182495487482641661e+00 -4.428521125948501336e-01 -3.765335451801207073e-02 -4.428521125948501336e-01 -5.279620762578900450e-01 -1.896030712848126853e+00 -3.765335451801207073e-02 -1.896030712848126853e+00 5.050812458940109551e+00
-6.815911846958244702e+00 -9.243293290016838526e-01 3.002465164322884461e-01 -9.243293290016838526e-01 -4.086459604835874337e+00 -4.755391740797343392e-01 3.002465164322884461e-01 -4.755391740797343392e-01 -6.291185927500635433e-01
-1.186911535197788403e+01 -8.522820418979834001e-01 -2.414112637356135238e+00 -8.522820418979834001e-01 -6.073659226639850139e+00 2.502949025552742568e-01 -2.414112637356135238e+00 2.502949025552742568e-01 -5.883967088117304733e+00
-4.121748065153237661e+00 4.682343994954742072e+00 1.407465794560617045e+00 4.682343994954742072e+00 2.380737691151851187e+00 8.718812692421976096e-02 1.407465794560617045e+00 8.718812692421976096e-02 -2.518266013752781696e+00
4.578175957417617958e+00 2.194850633812546192e+00 2.998152515087206815e-01 2.194850633812546192e+00 1.449579414427501600e+00 -5.321220434991309922e+00 2.998152515087206815e-01 -5.321220434991309922e+00 9.459383185499401492e-01
-4.626374600755102762e+00 3.639321414289876655e-01 -6.378222772170347721e-01 3.639321414289876655e-01 -2.763972774032561475e+00 -1.900210904322242877e-01 -6.378222772170347721e-01 -1.900210904322242877e-01 -8.127027043973184206e+00
-3.845321036488080768e-01 -4.494061349555425466e-01 3.156501106390679823e+00 -4.494061349555425466e-01 -3.956500189795501665e+00 -4.745025391583136409e-01 3.156501106390679823e+00 -4.745025391583136409e-01 -7.677902957703108378e+00
-2.804900770890204620e-01 1.663736997294523734e+00 1.160530916357031428e+00 1.663736997294523734e+00 -1.908539236734458688e+00 -7.464452000446916147e-01 1.160530916357031428e+00 -7.464452000446916147e-01 -3.524623569539797163e+00
-6.456920104276850481e+00 6.049634754589247043e-01 -4.556739714142024611e-01 6.049634754589247043e-01 -5.642080988316542367e+00 1.761606171182082070e+00 -4.556739714142024611e-01 1.761606171182082070e+00 -1.670140250598682652e+00
1.466168361375139817e+01 5.359617472668887217e-01 -2.533561507224955101e+00 5.359617472668887217e-01 9.577078226321672716e+00 -1.508130790021192935e-01 -2.533561507224955101e+00 -1.508130790021192935e-01 7.863133123624149512e+00
-1.073876798012264899e+01 -7.798285668646157687e-01 -3.376645010058614282e+00 -7.798285668646157687e-01 -2.849099528773432866e+00 -2.801271493897134271e-02 -3.376645010058614282e+00 -2.801271493897134271e-02 -5.100266671396798124e+00
-9.731246137315521239e+00 3.388462465907116639e-01 -2.468026365073411110e+00 3.388462465907116639e-01 -1.198762721272028653e+00 -9.912529473083554477e-01 -2.468026365073411110e+00 -9.912529473083554477e-01 -6.267365737098871570e+00
-6.578382172087362534e+00 -4.730355361974587503e-01 -2.491734913178717203e+00 -4.730355361974587503e-01 -1.893500855291411655e+00 1.757009834083217648e+00 -2.491734913178717203e+00 1.757009834083217648e+00 -2.224517888921990316e+00
-1.006387129508870082e+01 2.628796022709251057e-01 -2.999066012700933648e+00 2.628796022709251057e-01 -1.585033190177381313e+00 -5.971461393388404204e-01 -2.999066012700933648e+00 -5.971461393388404204e-01 -5.039110446617797834e+00
-3.619423544169757090e+00 2.186649851851003579e+00 2.308775788737524426e+00 2.186649851851003579e+00 2.891015607022178746e-01 9.759681428290409300e-02 2.308775788737524426e+00 9.759681428290409300e-02 3.856181033415562176e-01
-7.575996354925825571e+00 -5.276690004216885166e-01 1.899638806228603150e+00 -5.276690004216885166e-01 3.766716067779565247e-01 -3.782868570245859763e-01 1.899638806228603150e+00 -3.782868570245859763e-01 4.081618604832006336e-01
-5.867056890176614914e+00 1.236022762836569866e+00 -4.525483076032040808e-01 1.236022762836569866e+00 -2.252614671359867593e+00 2.872798876402358204e-01 -4.525483076032040808e-01 2.872798876402358204e-01 -8.331858859378018067e+00
-5.983003111262981122e+00 -2.289923599850280045e+00 2.319422716592950684e-01 -2.289923599850280045e+00 -1.740198001186985310e+00 -7.456617057190193139e-03 2.319422716592950684e-01 -7.456617057190193139e-03 5.141125057296625833e+00
5.926127490701196265e+00 -2.664147584231577159e+00 6.330590787996408508e-01 -2.664147584231577159e+00 7.255898258025767156e+00 -3.340277202141465729e+00 6.330590787996408508e-01 -3.340277202141465729e+00 1.022923362338054787e+01
-6.459468874151311546e+00 1.187030778671877895e+00 -2.504507266967137991e+00 1.187030778671877895e+00 2.011197964806470395e+00 1.223509305197595154e+00 -2.504507266967137991e+00 1.223509305197595154e+00 -3.311567052695517877e+00
-3.234108434758328432e+00 1.133612111576329129e+00 1.469902197037648239e+00 1.133612111576329129e+00 5.159864508144136330e-01 7.063407950767078836e-01 1.469902197037648239e+00 7.063407950767078836e-01 1.184056179267398612e+01
-4.811773475876748307e+00 3.172617525597233534e+00 1.775894009760722980e+00 3.172617525597233534e+00 4.226919865988359448e-01 1.176493646180630792e+00 1.775894009760722980e+00 1.176493646180630792e+00 2.496036704644372661e-01
-6.249336333344690964e+00 1.314780209020682378e+00 -9.545529137990685919e-01 1.314780209020682378e+00 7.857395257640844566e-01 -8.568836042108209927e-01 -9.545529137990685919e-01 -8.568836042108209927e-01 5.976557849347030604e+00
-4.255055345638445452e+00 1.341408358370278255e-02 2.732903586062254586e+00 1.341408358370278255e-02 3.610390985519655871e-01 1.919720086650218427e+00 2.732903586062254586e+00 1.919720086650218427e+00 3.686702595067210986e+00
-9.154086344410711007e+00 1.465875229336326635e+00 6.117237728146707187e-01 1.465875229336326635e+00 -5.096812886310623014e+00 8.050834795442683711e-02 6.117237728146707187e-01 8.050834795442683711e-02 -5.237748221065057663e+00
2.261875645981050287e+00 2.025166334167417315e+00 8.876619532357487019e-01 2.025166334167417315e+00 4.643165627809240803e+00 -1.340141219884827484e+00 8.876619532357487019e-01 -1.340141219884827484e+00 6.551911577899492301e+00
1.007641009673355725e+01 3.296146703635957298e+00 1.429006217188793393e+00 3.296146703635957298e+00 3.915269142816518944e+00 -3.627797550995651710e-01 1.429006217188793393e+00 -3.627797550995651710e-01 -3.463792686884444194e+00
-1.043747386147511502e+00 1.273008769976988752e+00 9.628489187763590584e-02 1.273008769976988752e+00 3.798946793124731158e+00 -4.618737885604425331e-01 9.628489187763590584e-02 -4.618737885604425331e-01 1.299918715094186439e+01
-6.562600227030588762e+00 2.473036016205972132e+00 -1.260607802773856534e-01 2.473036016205972132e+00 -4.004492780923461837e+00 1.826565360144691175e+00 -1.260607802773856534e-01 1.826565360144691175e+00 4.082307461554833261e-01
-5.036034345045172778e+00 7.643862994332368821e-01 4.050460902648127082e+00 7.643862994332368821e-01 1.458585224914406675e+00 -2.159066998781362656e+00 4.050460902648127082e+00 -2.159066998781362656e+00 8.812819597818064565e+00
-5.148290241731747763e+00 1.219479618580158631e+00 7.042649364624857800e-01 1.219479618580158631e+00 -2.525259022494394934e+00 1.140851628192464773e+00 7.042649364624857800e-01 1.140851628192464773e+00 -9.051404123231336030e+00
