-3.866601909418481142e-01 -4.475838715835120496e+00 1.012469751117679229e+00 -4.475838715835120496e+00 2.391408427698230810e+00 3.943829236643483949e+00 1.012469751117679229e+00 3.943829236643483949e+00 7.250964956404585271e-01
8.871335172318337570e+00 -1.268023972709118707e+00 -4.123009505400189845e+00 -1.268023972709118707e+00 5.953246030630349850e+00 -3.539374150310874434e+00 -4.123009505400189845e+00 -3.539374150310874434e+00 1.599649650233250497e+01
2.496393367886844317e+01 -9.220960026624475114e-01 2.495805711028104557e-01 -9.220960026624475114e-01 2.385262164809449104e+01 -4.053909907738405316e+00 2.495805711028104557e-01 -4.053909907738405316e+00 2.665565390366309373e+01
-5.177565398082925263e+00 -9.040487741897825780e-01 3.020780725868467798e+00 -9.040487741897825780e-01 -3.088942547822764784e+00 7.336984755992419505e-01 3.020780725868467798e+00 7.336984755992419505e-01 1.370841580155347295e+01
3.400168606694254247e+00 -5.865381527383056515e+00 -9.831637027569517517e-01 -5.865381527383056515e+00 5.419925577389067328e+00 7.222790666580567454e+00 -9.831637027569517517e-01 7.222790666580567454e+00 1.171667771524685797e+01
3.165764053872843764e+00 3.280145870294669752e+00 -1.718316063331572829e+00 3.280145870294669752e+00 -2.121420808933824453e+00 2.217718316976716952e+00 -1.718316063331572829e+00 2.217718316976716952e+00 -9.530038950891099869e-01
-5.651447457170836408e+00 8.773550593008548892e-01 3.379891421758704162e+00 8.773550593008548892e-01 -6.015011119027551700e+00 -3.499308463241692646e+00 3.379891421758704162e+00 -3.499308463241692646e+00 -6.340347774444309970e+00
7.466853635621313323e+00 -3.250518925779154689e+00 3.237878767824490911e+00 -3.250518925779154689e+00 -2.579746814244630482e+00 1.163509403038473167e+00 3.237878767824490911e+00 1.163509403038473167e+00 -7.267048958826911154e+00
-5.375657305072180314e+00 -7.259229070480129886e-01 2.686104489322151512e+00 -7.259229070480129886e-01 1.288818276666314211e-01 -9.151810655302984543e+00 2.686104489322151512e+00 -9.151810655302984543e+00 -4.623883243460599424e+00
1.078011396168903069e+01 1.781197281636244467e+00 -2.632554115437628184e+00 1.781197281636244467e+00 9.917190363415546717e-01 -1.191391643049971805e+00 -2.632554115437628184e+00 -1.191391643049971805e+00 -1.109923446124525981e+01
6.183434337109169343e-01 -4.270057446342550023e+00 -1.303076785753870759e+00 -4.270057446342550023e+00 -1.809232602530910505e-01 2.834273113562574942e+00 -1.303076785753870759e+00 2.834273113562574942e+00 -2.138280281581172559e+00
-6.614738304941822022e+00 1.093260807217792285e+00 6.961273432346195555e-01 1.093260807217792285e+00 -5.599919691846032777e+00 1.408530313729664529e+00 6.961273432346195555e-01 1.408530313729664529e+00 2.916414147020900405e+00
9.848075600244840189e+00 8.510508865430853831e+00 -1.707430081290310264e+00 8.510508865430853831e+00 -9.945179618596962368e-02 -1.612050923767243571e+00 -1.707430081290310264e+00 -1.612050923767243571e+00 3.209590795554456921e+00
8.084668618875399115e-01 1.067603700455540983e+00 1.373601480275558617e-01 1.067603700455540983e+00 -8.392492132141601502e+00 -2.196637802935637040e+00 1.373601480275558617e-01 -2.196637802935637040e+00 -8.842503065028664011e+00
-5.745479686038855505e+00 2.978267494497274903e+00 -1.797289577526792748e+00 2.978267494497274903e+00 6.277753501672060032e+00 8.842780968011788589e-01 -1.797289577526792748e+00 8.842780968011788589e-01 -2.125272075142388140e+00
2.382412307966857412e+01 -1.439270326050019477e-01 4.448318574951046322e+00 -1.439270326050019477e-01 2.338475813179002216e+01 2.573904589054666125e+00 4.448318574951046322e+00 2.573904589054666125e+00 2.572687234426024361e+01
1.150379428106303337e+01 1.826963866464494490e+00 -1.860173917518059827e+00 1.826963866464494490e+00 4.734747118269877042e+00 -1.370402039399057914e+00 -1.860173917518059827e+00 -1.370402039399057914e+00 -7.752703987952310527e+00
-8.555666092322372629e-01 7.335469097328957133e+00 -1.547405507210019682e+00 7.335469097328957133e+00 -1.529418466521994535e+00 1.340423602021507260e-02 -1.547405507210019682e+00 1.340423602021507260e-02 -4.317280082911346462e+00
3.692409107888300124e+00 -6.169848701394885282e+00 6.325701775267646099e+00 -6.169848701394885282e+00 9.928421949682256553e+00 -4.236053998971809342e+00 6.325701775267646099e+00 -4.236053998971809342e+00 4.893443534546966234e+00
1.051762269608886946e+01 -1.028835810564630693e+00 -5.812163131911006531e+00 -1.028835810564630693e+00 1.083930919074169097e+01 -4.827096872767779878e+00 -5.812163131911006531e+00 -4.827096872767779878e+00 1.090782407684981692e+01
-7.350715060472187368e+00 3.708740431613483324e+00 -1.858964267535762716e+00 3.708740431613483324e+00 -1.060465123982235092e+01 -1.393132292894502466e+00 -1.858964267535762716e+00 -1.393132292894502466e+00 -1.057669727493158618e+01
8.091984997684850356e+00 2.406236091908557029e+00 6.392607428837376204e+00 2.406236091908557029e+00 3.601783018690245530e+00 -3.570678046116036342e+00 6.392607428837376204e+00 -3.570678046116036342e+00 1.507034997832789358e+01
-3.298016759357768279e+00 1.675898988348203167e+00 -5.139074154815746809e+00 1.675898988348203167e+00 -4.307008749636807465e+00 -5.763503708568648243e+00 -5.139074154815746809e+00 -5.763503708568648243e+00 -9.829761410514487707e+00
