-2.053036162168227374e+00 -1.745329138851220652e+00 -1.667036360393513217e+00 -1.745329138851220652e+00 -1.098988983776088446e+00 1.511814631105008744e-01 -1.667036360393513217e+00 1.511814631105008744e-01 9.022324109104006951e+00
3.693879901231057250e+00 1.400802427474969969e+00 1.134842765961567634e+00 1.400802427474969969e+00 -5.970595723782684550e-01 -1.415076322908542794e+00 1.134842765961567634e+00 -1.415076322908542794e+00 6.639621599163320731e+00
-2.472892798494788380e+00 1.217118290172256451e-01 3.808552844516090996e+00 1.217118290172256451e-01 -3.999343491498937309e-01 -2.151426561764218093e+00 3.808552844516090996e+00 -2.151426561764218093e+00 7.289556463035387956e+00
-3.607536272815516476e+00 5.652922406464276905e-01 3.616581907926964767e+00 5.652922406464276905e-01 -8.013856166537550507e+00 1.059472681605201361e+00 3.616581907926964767e+00 1.059472681605201361e+00 7.973191051510472249e+00
2.059835625443552143e+00 8.485345786116548217e-01 -3.172617365669920808e+00 8.485345786116548217e-01 -4.337963981120476653e+00 2.139288895632095233e+00 -3.172617365669920808e+00 2.139288895632095233e+00 1.228303629649336237e+01
-2.694163920240082000e+00 -1.246538450996040659e+00 -2.933792238957572351e+00 -1.246538450996040659e+00 -1.828386533996932295e+00 -7.240871098152027452e-01 -2.933792238957572351e+00 -7.240871098152027452e-01 7.421224131801645640e+00
2.082451265306926036e+00 -6.664493647546304578e-01 3.096248734718702877e+00 -6.664493647546304578e-01 2.008208565213875030e+00 -3.458537606351097082e+00 3.096248734718702877e+00 -3.458537606351097082e+00 1.756347439617804929e+00
6.358920966593915480e+00 -1.162621189675252298e+00 2.324183204643671008e+00 -1.162621189675252298e+00 1.279966790212681005e+01 1.639630153483351560e-01 2.324183204643671008e+00 1.639630153483351560e-01 6.925871620875875045e+00
1.283385333033370879e+00 -2.763739557678516423e+00 -5.952692387007274988e+00 -2.763739557678516423e+00 -4.168514130520670768e+00 -2.486688077470546876e+00 -5.952692387007274988e+00 -2.486688077470546876e+00 1.725516376616256409e+01
4.249117411030040259e+00 -1.308292966598258111e+00 1.048460399258730247e+00 -1.308292966598258111e+00 8.362617066086988515e+00 -3.120684345019720807e-01 1.048460399258730247e+00 -3.120684345019720807e-01 1.112074973768392105e+01
2.355108742709655534e+00 3.247264668208502236e+00 -1.333245911604451939e+00 3.247264668208502236e+00 -7.313243708495125617e+00 -1.124667997316175949e+00 -1.333245911604451939e+00 -1.124667997316175949e+00 1.337660697778198760e+01
-1.469113772905453086e+00 1.006948847673654335e+00 -2.748048295525857831e-01 1.006948847673654335e+00 -1.187889123234598943e+00 1.919401968795172220e+00 -2.748048295525857831e-01 1.919401968795172220e+00 7.461436243073659824e+00
