1.817519892917351143e+01 3.540137595528362269e+00 2.367947695062307401e-01 3.540137595528362269e+00 3.214100135220149213e+01 -3.820093825382723018e+00 2.367947695062307401e-01 -3.820093825382723018e+00 2.425820649208658608e+01
-2.788752923699299169e-01 1.441396618802443852e+00 7.673735981115285654e+00 1.441396618802443852e+00 -2.072298149624220542e+00 8.474759072022531869e-01 7.673735981115285654e+00 8.474759072022531869e-01 3.444685121156416230e+00
-4.294705747208051427e+00 -4.870556316638888217e-01 -4.950999168462170141e-01 -4.870556316638888217e-01 -5.565685262967327240e+00 -5.449939418123422863e-01 -4.950999168462170141e-01 -5.449939418123422863e-01 -1.555560935934291855e+01
9.433596223889276544e+00 1.146433088903436176e-01 -1.024607360041520199e+00 1.146433088903436176e-01 -5.700617878773225122e+00 -2.762029677810689865e+00 -1.024607360041520199e+00 -2.762029677810689865e+00 8.917159209751678972e+00
9.483759750589298321e+00 4.447446345759620279e+00 -5.786048323751070699e-01 4.447446345759620279e+00 2.837657570946117591e+00 1.081624747403214037e+01 -5.786048323751070699e-01 1.081624747403214037e+01 9.825456550634029895e+00
6.424869726473758647e+00 5.379340799625722980e+00 -2.096416713295058631e+00 5.379340799625722980e+00 6.653255478427754888e+00 -4.884551067031758009e+00 -2.096416713295058631e+00 -4.884551067031758009e+00 3.223698796272914446e+00
2.532166854597104688e+01 -1.721672730671463425e+00 5.909619074110269210e+00 -1.721672730671463425e+00 2.091226473225287208e+01 3.363218880149957180e+00 5.909619074110269210e+00 3.363218880149957180e+00 3.009251155405893741e+01
1.915724040758092528e+01 -4.002591258133795016e+00 -1.548506349147570627e-01 -4.002591258133795016e+00 -3.162090417823332444e+00 -3.151759003268155723e+00 -1.548506349147570627e-01 -3.151759003268155723e+00 -5.494081750215571436e-01
-6.607224453884735560e+00 5.471255518267098772e+00 9.742470261620661542e-01 5.471255518267098772e+00 -1.327107288634323368e+01 -2.350236994907751509e+00 9.742470261620661542e-01 -2.350236994907751509e+00 -6.578303818919243540e+00
2.094671467767267981e+00 1.008348416098613226e-01 2.134557827616321735e+00 1.008348416098613226e-01 2.631722055187232456e+00 -2.950623873679843356e+00 2.134557827616321735e+00 -2.950623873679843356e+00 6.340320851318118400e+00
-9.614190495243424284e-01 -3.265910719609618873e+00 -3.883378712476565298e+00 -3.265910719609618873e+00 -4.147287856808318018e+00 -9.646874182150588783e-01 -3.883378712476565298e+00 -9.646874182150588783e-01 5.186039976647282224e+00
8.120283047511763996e+00 -1.309862156638940123e+00 -3.702156212801962276e+00 -1.309862156638940123e+00 2.373175251191446566e+00 -6.251666694079501818e-01 -3.702156212801962276e+00 -6.251666694079501818e-01 8.552725359354733214e+00
1.571964922292526090e+01 -2.200522046942454235e+00 -1.214966915031130945e+01 -2.200522046942454235e+00 7.027676891225428379e-01 7.910641220590262535e+00 -1.214966915031130945e+01 7.910641220590262535e+00 1.504783508161485628e+01
2.033729908617465298e+01 6.538026620815919898e+00 -6.957381392295134859e+00 6.538026620815919898e+00 1.068775602412591574e+01 -4.162327725440579940e+00 -6.957381392295134859e+00 -4.162327725440579940e+00 2.111695427293570404e+01
1.225126723409755947e+01 4.395716353549900646e+00 3.812678403474907274e+00 4.395716353549900646e+00 9.543219026642217884e+00 2.195864282900432229e+00 3.812678403474907274e+00 2.195864282900432229e+00 1.557918392382208239e+01
2.433115204149307687e+01 6.978671591723445644e+00 -2.476226992225070145e+00 6.978671591723445644e+00 8.508045736674480608e+00 -2.672388837480832890e+00 -2.476226992225070145e+00 -2.672388837480832890e+00 1.394210482155280673e+01
2.476145828534528803e+00 3.821640073321913800e+00 -2.533291879268453783e+00 3.821640073321913800e+00 7.148470125558191057e+00 -4.558287435038810287e-01 -2.533291879268453783e+00 -4.558287435038810287e-01 1.254199496672228875e+01
1.336179860981585588e+00 -1.807592885145958006e-01 -2.280217779381886523e+00 -1.807592885145958006e-01 8.303899254020244314e+00 -2.975424780614080333e+00 -2.280217779381886523e+00 -2.975424780614080333e+00 4.100295882045536189e+00
2.379850174612110791e+00 3.945910069741742188e+00 -4.625439940815295969e+00 3.945910069741742188e+00 2.668775277848118321e+01 -8.687372337160359947e+00 -4.625439940815295969e+00 -8.687372337160359947e+00 3.177745938756469357e+01
-4.630967080550782988e+00 -8.130508235547392104e+00 4.003309008049568796e+00 -8.130508235547392104e+00 -1.718005957439781684e+00 3.135815608395431831e+00 4.003309008049568796e+00 3.135815608395431831e+00 7.022080257495838751e+00
7.273020151803345712e+00 4.857180645601332003e+00 -1.242687492272356531e+00 4.857180645601332003e+00 1.227947910396592768e+01 5.241628555012421309e+00 -1.242687492272356531e+00 5.241628555012421309e+00 1.665308236382570328e+01
1.412142004759893821e+00 1.620129376298511614e+00 4.520187892312463873e+00 1.620129376298511614e+00 1.160283675426171612e+01 -1.006358064512449424e+01 4.520187892312463873e+00 -1.006358064512449424e+01 5.875611113988099987e+00
5.845693414138202204e-01 2.270538378635154952e+00 -4.027290835828564397e+00 2.270538378635154952e+00 1.727760283977357814e+00 -4.169968731034119358e+00 -4.027290835828564397e+00 -4.169968731034119358e+00 1.161589026942474412e+01
-3.511178367825910307e+00 3.557168261397087861e+00 -1.792066627661118794e+00 3.557168261397087861e+00 3.684795637972774429e+00 -7.229220891460976504e-05 -1.792066627661118794e+00 -7.229220891460976504e-05 7.362699418695688891e+00
-2.027309404269956872e+00 5.756722676072934419e+00 2.300704268198708657e+00 5.756722676072934419e+00 3.194117659995583836e+00 -8.508239478421876223e-01 2.300704268198708657e+00 -8.508239478421876223e-01 4.100047269876382572e+00
6.122944156375213609e+00 -1.729362629259618478e+00 -8.562811522516613039e+00 -1.729362629259618478e+00 -2.935388664086291843e+00 -7.248050511163032894e+00 -8.562811522516613039e+00 -7.248050511163032894e+00 1.026782504961592224e+01
1.750948593966993982e+00 3.288028921693437301e+00 1.236354581555025201e+00 3.288028921693437301e+00 -2.830447155544791649e+00 1.854452603145643474e-01 1.236354581555025201e+00 1.854452603145643474e-01 -7.095038597209493147e-01
-1.916888025518385774e+01 7.176816568293618914e+00 -4.131547772299347443e+00 7.176816568293618914e+00 -4.931533897789855736e+00 -7.839343667355720413e+00 -4.131547772299347443e+00 -7.839343667355720413e+00 -1.250448044742795695e+01
-2.108968762650010209e+00 -3.013740136875585396e+00 8.583875736949769575e+00 -3.013740136875585396e+00 1.175299977022860709e+00 -3.689658417707684934e-02 8.583875736949769575e+00 -3.689658417707684934e-02 1.818238807267861645e+01
7.608430310407924502e+00 -2.667800590713178543e+00 -1.264049608305142058e+01 -2.667800590713178543e+00 2.561909026716783444e+00 -4.948027140841193550e+00 -1.264049608305142058e+01 -4.948027140841193550e+00 1.731237545650828125e+01
3.473998626682815782e+00 -2.335426371206042351e+00 -6.747456004854679890e+00 -2.335426371206042351e+00 -5.429195627959538584e+00 4.425766567492539494e-01 -6.747456004854679890e+00 4.425766567492539494e-01 8.030744550789263581e-02
-6.919011884787138023e+00 -2.717369520283677842e-01 4.787705940969793517e+00 -2.717369520283677842e-01 5.278326613386217225e-01 9.008707380542482213e+00 4.787705940969793517e+00 9.008707380542482213e+00 4.356431533386415644e+00
-4.988364894566061913e+00 3.179842141550400125e+00 1.778191842482877316e+00 3.179842141550400125e+00 -4.604262203001014520e+00 5.987620671806142880e+00 1.778191842482877316e+00 5.987620671806142880e+00 6.428679570673028643e+00
-6.847401113607678447e+00 1.139075207991428584e+01 4.769437688589330371e+00 1.139075207991428584e+01 7.168071228363251279e+00 3.486899496698697476e+00 4.769437688589330371e+00 3.486899496698697476e+00 2.349675863092349104e+00
-3.262962244116501598e+00 8.168716242252104465e+00 1.755996241376711176e+00 8.168716242252104465e+00 9.050685177255269664e+00 4.576806675410010072e+00 1.755996241376711176e+00 4.576806675410010072e+00 1.806202215977578973e+01
-6.135003249668919967e-01 4.976931644223083318e+00 -5.863416613214460504e+00 4.976931644223083318e+00 2.706707288452852467e+00 1.010081734424175259e+00 -5.863416613214460504e+00 1.010081734424175259e+00 7.588021525813400281e+00
2.582909574930630558e+00 -1.308970910569312363e+00 3.801958005798110385e+00 -1.308970910569312363e+00 3.847398537258753137e+00 9.049649521549311126e-01 3.801958005798110385e+00 9.049649521549311126e-01 1.132837057886997734e+01
2.669874463689481559e+01 -3.467174942595228071e+00 -7.800712247263069665e-01 -3.467174942595228071e+00 1.577517156585005331e+01 5.365313691469454360e-01 -7.800712247263069665e-01 5.365313691469454360e-01 1.931725360620774268e+01
5.429909477633507286e+00 4.700243900864221835e+00 -9.181244414676827947e-01 4.700243900864221835e+00 4.196511908114741729e-01 -3.302451569376379403e+00 -9.181244414676827947e-01 -3.302451569376379403e+00 1.912231524276290529e+01
-5.800985598731149828e+00 2.577456116296765187e-01 1.774466062145958922e+00 2.577456116296765187e-01 3.623337135572119116e+00 -2.351958432075490268e+00 1.774466062145958922e+00 -2.351958432075490268e+00 1.694533916665979856e+00
6.414001569694825378e+00 -4.414567136044990292e+00 -2.046653557340684770e+00 -4.414567136044990292e+00 1.130120902300365415e+01 -2.456448095086275263e+00 -2.046653557340684770e+00 -2.456448095086275263e+00 2.070356018495437667e+01
3.535481810319831997e+00 4.643796601007910141e+00 -2.460770566928743186e+00 4.643796601007910141e+00 -9.579495343856779144e+00 -1.025349241779822451e+00 -2.460770566928743186e+00 -1.025349241779822451e+00 1.275943608406918806e+01
3.699889479498241940e+01 -1.938121652570933939e+00 -7.760037743343938033e+00 -1.938121652570933939e+00 9.382644011917451010e+00 -2.315147151732861897e+00 -7.760037743343938033e+00 -2.315147151732861897e+00 1.922574841923963973e+01
-3.527477118189442873e+00 -4.377453971858400017e+00 -2.153170036359665362e-01 -4.377453971858400017e+00 -5.424058614575367088e+00 -7.053595674241530666e+00 -2.153170036359665362e-01 -7.053595674241530666e+00 3.100293427456825679e+00
-6.889728460213239813e+00 5.813206193542340694e-01 5.938380000003862236e+00 5.813206193542340694e-01 6.401075282112675069e+00 -5.132440706085941606e+00 5.938380000003862236e+00 -5.132440706085941606e+00 3.241660819736126853e-01
1.657044078432085898e+00 1.844721111517549694e+00 -3.562173162889421096e+00 1.844721111517549694e+00 3.706880748455694263e+00 3.143727604485051064e+00 -3.562173162889421096e+00 3.143727604485051064e+00 4.818845395600546588e+00
2.310064282159746796e+00 7.192602524788632934e+00 -4.391515256587611660e+00 7.192602524788632934e+00 -1.718327939630551082e+00 -3.485478119640712080e+00 -4.391515256587611660e+00 -3.485478119640712080e+00 7.520421293547537189e+00
-1.760093303459839387e+00 4.317422068115793543e+00 -5.092946341462917248e-01 4.317422068115793543e+00 1.581695420759913429e+00 2.181838391453747583e+00 -5.092946341462917248e-01 2.181838391453747583e+00 1.015728561941036290e+01
1.047044086116252970e+01 4.404841971594864347e+00 -7.450053849946547402e+00 4.404841971594864347e+00 3.212963619422366079e+00 1.138076162078717246e+01 -7.450053849946547402e+00 1.138076162078717246e+01 8.938988282506519667e+00
6.364487514483206931e-01 1.518628805673851501e+00 9.055911788780561800e-01 1.518628805673851501e+00 1.665656573526586470e+01 2.536339641781471421e+00 9.055911788780561800e-01 2.536339641781471421e+00 2.022759611170576832e+01
7.614519097686804905e+00 -1.948506459521068823e+00 -1.338297680924742217e+00 -1.948506459521068823e+00 7.130951700417723416e+00 -2.106602487088761855e+00 -1.338297680924742217e+00 -2.106602487088761855e+00 1.353659178253522199e+01
7.853922909516106721e+00 -6.658450272928877034e+00 6.016661415884797748e+00 -6.658450272928877034e+00 9.505037517604121078e+00 -4.973469271268272429e+00 6.016661415884797748e+00 -4.973469271268272429e+00 1.729584181074918092e+01
3.873398465403495639e+00 -3.430424479872834720e+00 1.804155255952480497e+00 -3.430424479872834720e+00 4.847968429411741553e+00 2.208086387777475679e+00 1.804155255952480497e+00 2.208086387777475679e+00 9.745663192048407808e+00
5.350269366714402786e+00 4.534330387003588037e+00 1.587965216176600691e+00 4.534330387003588037e+00 1.183769042248999703e+01 6.039454093612152796e+00 1.587965216176600691e+00 6.039454093612152796e+00 2.406769049521546577e+01
4.202763688923193186e+00 2.059711452645833329e+00 -5.265692013839363028e+00 2.059711452645833329e+00 3.202302001308343637e+00 6.183162241610267174e-01 -5.265692013839363028e+00 6.183162241610267174e-01 -5.063735304101734336e+00
-2.421289525630646033e-01 -1.032880185437252507e+01 1.937137813637108685e+00 -1.032880185437252507e+01 5.615507201872296239e-01 5.480815563603050222e+00 1.937137813637108685e+00 5.480815563603050222e+00 1.681240490920830766e+01
2.835377322993371418e+00 5.696845438698258768e+00 -6.359008621690442453e+00 5.696845438698258768e+00 1.616554708957210096e+00 4.258172877582061311e+00 -6.359008621690442453e+00 4.258172877582061311e+00 6.287588549094799362e+00
5.125631347436504726e+00 -1.597095972024580757e+00 3.045462603222266917e+00 -1.597095972024580757e+00 -3.197162034658663554e+00 -6.929157983919443708e+00 3.045462603222266917e+00 -6.929157983919443708e+00 1.045870212373051800e+01
-4.610219351871849724e+00 -6.555677747355720397e-01 1.250303239480238693e+00 -6.555677747355720397e-01 8.934743570707215810e+00 -2.127878382052763140e+00 1.250303239480238693e+00 -2.127878382052763140e+00 2.208576339009054479e+00
1.053835824843703861e+01 -5.222643515264051572e-01 1.049318652527816864e+00 -5.222643515264051572e-01 -1.049191056179544645e+01 -3.693071390889287042e-01 1.049318652527816864e+00 -3.693071390889287042e-01 3.107944765548898911e-02
9.106294041104792569e+00 1.460079581677383498e+00 7.978367472155143858e+00 1.460079581677383498e+00 -7.471063763893777576e+00 1.569264452215399119e+00 7.978367472155143858e+00 1.569264452215399119e+00 4.058926701572800333e+00
-6.357964103807990597e+00 -1.623854281421148960e+00 -3.298088359469549147e+00 -1.623854281421148960e+00 1.259910539668141816e+00 3.958055415277421663e+00 -3.298088359469549147e+00 3.958055415277421663e+00 -1.741238834150467651e+00
1.124213594839364561e+01 -5.403427449466088994e+00 4.481722749888430890e+00 -5.403427449466088994e+00 3.549364950551388631e+01 -1.398904144436614594e+00 4.481722749888430890e+00 -1.398904144436614594e+00 1.886385826363408569e+01
