4.972561366449319564e+00 -2.892745898798716464e+00 4.988913429805334476e-01 -2.892745898798716464e+00 7.136455914708704107e+00 -2.233779373934091872e+00 4.988913429805334476e-01 -2.233779373934091872e+00 1.172522414358373233e+00
7.251545559966769972e-01 6.196740773538294000e+00 -8.962879623828345910e-01 6.196740773538294000e+00 6.611548444425056736e+00 4.766461159562038197e-01 -8.962879623828345910e-01 4.766461159562038197e-01 -3.641663464228822811e+00
2.178030182081080923e+01 -2.998773688757759626e+00 2.176463855040630668e-01 -2.998773688757759626e+00 2.201455810575472682e+01 -1.217519152213279110e+00 2.176463855040630668e-01 -1.217519152213279110e+00 2.353167704389356629e+01
1.424725744735135535e+01 8.948684228532536311e-01 -4.771011107666554452e+00 8.948684228532536311e-01 1.769551574412713535e+01 -1.436083226611205133e+00 -4.771011107666554452e+00 -1.436083226611205133e+00 1.629228657769093758e+01
-4.781729840630561057e+00 -6.283162756865734444e-01 -2.776765603368443802e+00 -6.283162756865734444e-01 1.501730689097596327e+00 3.167487617463610849e+00 -2.776765603368443802e+00 3.167487617463610849e+00 -4.293941641373425711e+00
4.714251874992282154e+00 9.689971720071730577e-01 9.281264167806109189e-01 9.689971720071730577e-01 5.549553450644205910e+00 3.152999926974339395e+00 9.281264167806109189e-01 3.152999926974339395e+00 1.307576052564979330e+00
1.657209426457827206e+01 -1.518416036331152519e+00 3.529090856360520778e+00 -1.518416036331152519e+00 1.824338739645375540e+01 -1.164973127174214307e+00 3.529090856360520778e+00 -1.164973127174214307e+00 1.297761486226719363e+01
