-3.637075816078616519e+00 -3.519734054861131667e-01 -4.471105133838040757e+00 -3.519734054861131667e-01 -1.253176568338589192e+01 1.333847516062425242e+00 -4.471105133838040757e+00 1.333847516062425242e+00 5.587611067326880843e+00
7.543511815188651548e-01 -2.067671524792547455e+00 -5.214604900846680380e+00 -2.067671524792547455e+00 -9.875479745270904886e+00 9.897540593385028007e-01 -5.214604900846680380e+00 9.897540593385028007e-01 -4.767418188771229914e+00
3.214062273682310789e+00 3.654957336537159596e-02 1.542394002720945512e+00 3.654957336537159596e-02 3.392537118875244673e+00 -1.995782041359627224e+00 1.542394002720945512e+00 -1.995782041359627224e+00 7.685659638542659877e+00
-6.124313782565949937e-01 1.462681727823149647e+00 -1.848429856701937046e+00 1.462681727823149647e+00 -3.373019755052243607e+00 -5.487540457713931952e-01 -1.848429856701937046e+00 -5.487540457713931952e-01 4.683596603165402605e+00
-2.558487507938442818e+00 -6.749817130468842574e-01 -4.348135711189308417e+00 -6.749817130468842574e-01 6.990957287615378490e+00 2.263150700722688091e-01 -4.348135711189308417e+00 2.263150700722688091e-01 -7.126011753272177174e+00
-4.833091025428061016e+00 -7.301918423034471362e-01 -1.532294804412560330e-01 -7.301918423034471362e-01 -9.502545012121126788e+00 -5.044183284271587020e+00 -1.532294804412560330e-01 -5.044183284271587020e+00 8.309219486165080326e+00
4.505387558237730516e+00 1.391691674089074793e+00 1.698724593839279207e+00 1.391691674089074793e+00 -2.614304789807890897e-02 4.566743039236392798e-01 1.698724593839279207e+00 4.566743039236392798e-01 4.529304572683104935e-01
1.629475655446562588e+00 -1.750228728952550050e-01 -1.747869455819499040e-01 -1.750228728952550050e-01 -1.601092687229886735e+00 -1.202303837124217151e-01 -1.747869455819499040e-01 -1.202303837124217151e-01 3.439813710659136436e+00
3.185352684770881737e+00 -8.575820548627851592e-01 -1.337462082965488852e+00 -8.575820548627851592e-01 -1.678804024808714379e+00 7.285059031961761411e-01 -1.337462082965488852e+00 7.285059031961761411e-01 6.546252776763321179e+00
5.731184138249514781e+00 1.581673832123348555e+00 1.908442051887226654e-01 1.581673832123348555e+00 -1.846474889277635034e+00 1.274667927918623711e+00 1.908442051887226654e-01 1.274667927918623711e+00 -2.735121866277458125e+00
-3.287396279047354763e+00 -1.857946493953039069e-01 -4.702446388308104908e+00 -1.857946493953039069e-01 6.354922962983325263e+00 -2.371605833890295667e-01 -4.702446388308104908e+00 -2.371605833890295667e-01 -8.570390504929768838e+00
-1.396384252509204726e+00 7.003451749018925199e-01 -5.484216415344584927e-01 7.003451749018925199e-01 -6.775322324868390034e+00 -6.761062399682016277e-01 -5.484216415344584927e-01 -6.761062399682016277e-01 -6.965748915331808622e-01
2.776468236052143546e+00 4.751181157826125379e-01 2.357771062806577334e+00 4.751181157826125379e-01 2.915421080150794264e+00 -2.237880636029327963e+00 2.357771062806577334e+00 -2.237880636029327963e+00 1.036928654015064666e+01
5.672934466512032259e+00 1.055817526154699593e+00 9.077869958834091646e-01 1.055817526154699593e+00 2.988370061894659591e-01 -5.378974459378024209e-01 9.077869958834091646e-01 -5.378974459378024209e-01 2.482485559927664731e+00
3.542172274522242592e+00 4.655328173862619684e-02 -5.073414835423990521e-01 4.655328173862619684e-02 -1.281952116016524146e+00 -5.550678845184538190e-02 -5.073414835423990521e-01 -5.550678845184538190e-02 1.226990176277173550e+00
-1.966384851620603280e+00 2.539601576272872141e-02 -2.219789743764315038e+00 2.539601576272872141e-02 -8.925279747843672951e+00 -7.444830915534252913e-01 -2.219789743764315038e+00 -7.444830915534252913e-01 -5.723107281860296602e+00
9.162324874623802629e+00 -1.516747397611171388e+00 -1.377952552949425646e+00 -1.516747397611171388e+00 5.600028154107557832e+00 7.832440810342707893e-01 -1.377952552949425646e+00 7.832440810342707893e-01 3.158736114335825906e+00
-3.144797481229173020e+00 6.340515831942046265e-01 -1.434851252442205682e+00 6.340515831942046265e-01 -6.955120274647557110e+00 2.036196048291282423e+00 -1.434851252442205682e+00 2.036196048291282423e+00 2.849078664668246663e+00
-2.955417967455319372e-01 -8.206844397304498273e-02 2.295597360997199132e+00 -8.206844397304498273e-02 -8.715813709732994852e+00 -4.385678401481315491e-01 2.295597360997199132e+00 -4.385678401481315491e-01 1.830876596458034800e-01
-4.688183793276363698e-01 -2.037623304560257864e+00 -1.440689012214600329e+00 -2.037623304560257864e+00 -5.947386742221213218e+00 2.423784442282201468e+00 -1.440689012214600329e+00 2.423784442282201468e+00 2.962150174861539309e+00
1.839934535902375323e+00 -1.716165981501056592e+00 3.149947027431067692e+00 -1.716165981501056592e+00 -4.167426394599708317e+00 4.999293548307863766e-01 3.149947027431067692e+00 4.999293548307863766e-01 1.013889738914066818e+01
3.312276160596772101e+00 -1.088896214451281486e+00 4.002620824119762943e+00 -1.088896214451281486e+00 -5.027433035145075557e+00 3.983560761223485791e-01 4.002620824119762943e+00 3.983560761223485791e-01 6.839272510302499164e+00
2.555046758599814893e+00 -1.135032327490408166e+00 -4.602186404949514476e+00 -1.135032327490408166e+00 -7.548521728890207783e+00 1.314429384654959954e+00 -4.602186404949514476e+00 1.314429384654959954e+00 -1.657272376759586052e+00
-1.559676327833367626e+00 -5.310319478134084559e-01 -2.508841768816280737e+00 -5.310319478134084559e-01 7.535309306573010346e+00 7.533575508435028656e-01 -2.508841768816280737e+00 7.533575508435028656e-01 -5.569825281605274903e+00
4.391503866215430207e+00 -2.364450854157200688e+00 -1.194264301248220209e-02 -2.364450854157200688e+00 5.950678140976597419e-01 3.199051562014944561e-01 -1.194264301248220209e-02 3.199051562014944561e-01 -1.527814322708454853e+00
-2.410676162021054392e+00 -3.978300622764658900e-01 -3.067017924776866411e-01 -3.978300622764658900e-01 -8.722211594533485268e+00 1.412291905607665043e+00 -3.067017924776866411e-01 1.412291905607665043e+00 -5.496068471846846215e+00
3.331812904219997318e+00 -2.084258966477336161e-01 3.102845049764779706e+00 -2.084258966477336161e-01 -3.823827538266955539e+00 -8.586160440268949534e-01 3.102845049764779706e+00 -8.586160440268949534e-01 1.476101200183423057e+00
-2.155772247567790956e+00 -9.028911893171083225e-01 2.402367013447021638e+00 -9.028911893171083225e-01 -4.063368533577291331e+00 -2.764568464033438366e-01 2.402367013447021638e+00 -2.764568464033438366e-01 3.447799652677231208e+00
-2.287813226435859271e+00 5.263786018342269113e-01 1.438283289062083137e+00 5.263786018342269113e-01 -4.671278685094190308e+00 -3.185435838680931164e-01 1.438283289062083137e+00 -3.185435838680931164e-01 1.472632220333993436e+00
