-1.672591895234110559e+00 2.754250597636944686e+00 4.224141325231868471e+00 2.754250597636944686e+00 -6.079003844093479714e+00 1.136688311437310306e+00 4.224141325231868471e+00 1.136688311437310306e+00 3.461738589106106989e+00
8.592482140261486379e+00 -1.577418461437015473e+00 4.625817763416793404e+00 -1.577418461437015473e+00 1.372934209960112817e+01 2.285319594079274541e+00 4.625817763416793404e+00 2.285319594079274541e+00 8.430040293278556973e+00
7.827776250534419056e+00 1.847572033268310099e+00 1.216443000834494859e+00 1.847572033268310099e+00 1.040847678290426259e+01 -5.678344908157655802e+00 1.216443000834494859e+00 -5.678344908157655802e+00 1.468702890129830507e+01
-3.368813333331200699e+00 -1.936103123934060255e+00 2.076470060467332956e+00 -1.936103123934060255e+00 -2.657953739556400130e+00 -4.945440449044249398e+00 2.076470060467332956e+00 -4.945440449044249398e+00 1.157323917562312410e+01
-2.973642993185795280e+00 7.446183990078589776e-01 -1.099055831801963867e+00 7.446183990078589776e-01 6.258593454849349591e+00 7.844800945443683560e+00 -1.099055831801963867e+00 7.844800945443683560e+00 1.330034766413858982e+00
1.289398347520199017e+01 -4.569477086584456060e+00 3.333155032034427201e-01 -4.569477086584456060e+00 1.363269783872086727e+01 -1.319158063615257559e+00 3.333155032034427201e-01 -1.319158063615257559e+00 1.075481408049415305e-01
-1.198726704419737743e+01 3.690237973490803070e-01 -3.326796814632029808e-02 3.690237973490803070e-01 -1.143073557669426243e+01 -7.368708238226528984e-02 -3.326796814632029808e-02 -7.368708238226528984e-02 3.088628690076160588e+00
-6.216840684975593945e+00 -3.812530734886478978e+00 -3.382360635451445940e+00 -3.812530734886478978e+00 -6.233529535878401084e+00 -3.634839338421980592e+00 -3.382360635451445940e+00 -3.634839338421980592e+00 5.601084883934508873e+00
-8.766915903951067790e+00 -9.644456983935405514e-01 5.295489144015398608e+00 -9.644456983935405514e-01 -6.431836118753195386e+00 3.598098938883772746e+00 5.295489144015398608e+00 3.598098938883772746e+00 -5.586344302952181984e+00
3.984092019069727098e+00 6.525008876653487500e-01 -4.577727114008933285e+00 6.525008876653487500e-01 -9.971842365794460150e+00 1.516996924563908333e+00 -4.577727114008933285e+00 1.516996924563908333e+00 -9.190978198925796150e+00
-4.511731742367129705e+00 -6.876785610025657469e-01 -2.525748610525504922e+00 -6.876785610025657469e-01 -2.230045060145826596e+00 -4.894346030231338851e+00 -2.525748610525504922e+00 -4.894346030231338851e+00 4.970689170335049312e+00
-2.857051183056403154e+00 4.784149926423851618e+00 -1.620144793985385911e+00 4.784149926423851618e+00 -2.602035344303544218e+00 1.854991238298393297e+00 -1.620144793985385911e+00 1.854991238298393297e+00 7.609374083801968558e-01
