2.135002312919422707e+01 -7.763611365520360907e-01 -9.397140508224373079e-01 -7.763611365520360907e-01 1.722859532007733918e+01 2.630748057149818742e-01 -9.397140508224373079e-01 2.630748057149818742e-01 9.660619559597584782e+00
1.889222330825698037e+01 -1.058420788361716935e+00 -8.924209837700407544e-01 -1.058420788361716935e+00 1.620993025472229121e+01 -1.929694211765527190e-01 -8.924209837700407544e-01 -1.929694211765527190e-01 4.259374802507657876e+00
2.033798126145322627e+01 -9.254974660145892651e-01 -1.134287592270057932e+00 -9.254974660145892651e-01 1.746783341305872739e+01 -8.361637692463907978e-02 -1.134287592270057932e+00 -8.361637692463907978e-02 7.693646548222180748e+00
2.055989926545972324e+01 -1.238433217451861523e+00 -1.297814148425471492e+00 -1.238433217451861523e+00 1.772113282376560051e+01 -2.997518305381757231e-01 -1.297814148425471492e+00 -2.997518305381757231e-01 8.385448680473794880e+00
2.052961575321748811e+01 -6.373373797261627782e-01 -7.722415057986181663e-01 -6.373373797261627782e-01 1.699538324362397645e+01 2.611289141146831416e-01 -7.722415057986181663e-01 2.611289141146831416e-01 6.272718465842588742e+00
1.824279107185109794e+01 1.003997267847362540e+00 2.785856737504439906e-02 1.003997267847362540e+00 2.206875579615328320e+01 5.900864632677343957e-01 2.785856737504439906e-02 5.900864632677343957e-01 1.527842947182490541e+01
2.102594305995165769e+01 -1.280430666381443316e+00 -1.385789947278069700e+00 -1.280430666381443316e+00 1.823039599156313173e+01 -2.554997933238284946e-01 -1.385789947278069700e+00 -2.554997933238284946e-01 1.027469903287352970e+01
2.102594305995165769e+01 -1.280430666381443316e+00 -1.385789947278069700e+00 -1.280430666381443316e+00 1.823039599156313173e+01 -2.554997933238284946e-01 -1.385789947278069700e+00 -2.554997933238284946e-01 1.027469903287352970e+01
2.102594305995165769e+01 -1.280430666381443316e+00 -1.385789947278069700e+00 -1.280430666381443316e+00 1.823039599156313173e+01 -2.554997933238284946e-01 -1.385789947278069700e+00 -2.554997933238284946e-01 1.027469903287352970e+01
1.799784103574545213e+01 9.420726839876690795e-01 -4.842019853241312788e-01 9.420726839876690795e-01 2.208395606753826712e+01 5.737095006726726787e-01 -4.842019853241312788e-01 5.737095006726726787e-01 1.438636455235979206e+01
2.278612971730023062e+01 -1.773467045961564681e+00 -1.449327258610391356e+00 -1.773467045961564681e+00 1.896494985839298053e+01 -1.676195434449938015e-01 -1.449327258610391356e+00 -1.676195434449938015e-01 1.147841030450381972e+01
2.118856741329711113e+01 -1.315001938821311001e+00 -1.254787710547667468e+00 -1.315001938821311001e+00 1.834801402204558585e+01 -2.285200705974962387e-01 -1.254787710547667468e+00 -2.285200705974962387e-01 1.000976102217016006e+01
2.102594305995165769e+01 -1.280430666381443316e+00 -1.385789947278069700e+00 -1.280430666381443316e+00 1.823039599156313173e+01 -2.554997933238284946e-01 -1.385789947278069700e+00 -2.554997933238284946e-01 1.027469903287352970e+01
2.280226095654387564e+01 -1.786686797725822728e+00 -1.218966032787683229e+00 -1.786686797725822728e+00 1.834655046901476538e+01 -1.413114197554029942e-02 -1.218966032787683229e+00 -1.413114197554029942e-02 1.143128444815550893e+01
2.113769401594898056e+01 -1.070156774812243583e+00 -1.292209833618190196e+00 -1.070156774812243583e+00 1.825884386102094581e+01 -1.080962077508708652e-01 -1.292209833618190196e+00 -1.080962077508708652e-01 9.676996102456568494e+00
2.033488326972697280e+01 -1.298642852024843197e+00 -9.719452921452319538e-01 -1.298642852024843197e+00 1.765789134675589267e+01 -2.490722873579693242e-01 -9.719452921452319538e-01 -2.490722873579693242e-01 7.818309478039427773e+00
2.102594305995165769e+01 -1.280430666381443316e+00 -1.385789947278069700e+00 -1.280430666381443316e+00 1.823039599156313173e+01 -2.554997933238284946e-01 -1.385789947278069700e+00 -2.554997933238284946e-01 1.027469903287352970e+01
2.002699858768652419e+01 -2.257320969617578887e-01 -5.812363842720440488e-01 -2.257320969617578887e-01 1.772378142041092985e+01 -6.925394602798793375e-01 -5.812363842720440488e-01 -6.925394602798793375e-01 8.081604268415826908e+00
2.276399699287933487e+01 -3.144209734014659086e-01 -9.543189725964180692e-01 -3.144209734014659086e-01 1.943169109053241428e+01 -5.625891072660300640e-01 -9.543189725964180692e-01 -5.625891072660300640e-01 1.280087661886069661e+01
1.873216683358142376e+01 -1.691998683466339415e+00 -1.614761119280545554e+00 -1.691998683466339415e+00 1.645724682968735664e+01 -1.459538136441231593e-01 -1.614761119280545554e+00 -1.459538136441231593e-01 5.473510099679490537e+00
2.317880577577900070e+01 -3.389513560413677240e-01 -7.170486627427850035e-01 -3.389513560413677240e-01 1.908145568372312439e+01 -2.974469303781522855e-01 -7.170486627427850035e-01 -2.974469303781522855e-01 1.294575525897857915e+01
2.110795531660522784e+01 -1.257575168109190900e+00 -1.389010131441925644e+00 -1.257575168109190900e+00 1.824161197109875232e+01 -2.786676632410770571e-01 -1.389010131441925644e+00 -2.786676632410770571e-01 1.019634979312760237e+01
2.073559635980782545e+01 -2.142948013838058274e-01 -8.308759174914623902e-01 -2.142948013838058274e-01 1.835129399963415864e+01 -7.077455814703919046e-01 -8.308759174914623902e-01 -7.077455814703919046e-01 9.639001371338435931e+00
1.809931453355703113e+01 9.276380678421201065e-01 -4.619681631238377051e-01 9.276380678421201065e-01 2.235954601442031020e+01 7.881920999190111798e-01 -4.619681631238377051e-01 7.881920999190111798e-01 1.481023935243955769e+01
1.894637423804818255e+01 1.094932931705670187e+00 -5.420831035667270648e-01 1.094932931705670187e+00 2.243877118287968742e+01 5.888952649057510591e-01 -5.420831035667270648e-01 5.888952649057510591e-01 1.549814673505032481e+01
1.855077145917275772e+01 1.047358338938745970e+00 -6.067334200788071508e-01 1.047358338938745970e+00 2.254766105912629115e+01 8.527706866244496586e-01 -6.067334200788071508e-01 8.527706866244496586e-01 1.552512761973511068e+01
1.955598089796888317e+01 -1.281684746662089092e+00 -1.145555021253090500e+00 -1.281684746662089092e+00 1.691325155075320197e+01 -3.024097457410388490e-01 -1.145555021253090500e+00 -3.024097457410388490e-01 5.403254960499490167e+00
2.192507634580760723e+01 -1.333479025825939218e-02 -6.984524673401147910e-01 -1.333479025825939218e-02 1.834925447317869995e+01 -5.580852049224247630e-02 -6.984524673401147910e-01 -5.580852049224247630e-02 1.089509675166958580e+01
2.142127602015795063e+01 -1.242136658925328874e+00 -1.256061084371092429e+00 -1.242136658925328874e+00 1.843210355013838253e+01 -2.093000270289179232e-01 -1.256061084371092429e+00 -2.093000270289179232e-01 9.914903859726326374e+00
2.049983019812698615e+01 -1.379381734854989716e+00 -1.330219031633278703e+00 -1.379381734854989716e+00 1.758695542113782651e+01 -1.752708112671314822e-01 -1.330219031633278703e+00 -1.752708112671314822e-01 8.310981117787010319e+00
