-1.591112721551987441e+01 8.729697597318282209e-01 3.564039102078594978e-01 8.729697597318282209e-01 -1.416873580187644244e+01 2.592356760046875319e+00 3.564039102078594978e-01 2.592356760046875319e+00 -1.230146581639985115e+01
1.812632044779819651e+00 5.404200696134319415e+00 3.685385622785771198e-01 5.404200696134319415e+00 -1.761954878884079534e+00 4.459915407744806659e-01 3.685385622785771198e-01 4.459915407744806659e-01 -3.417138290711847493e+00
1.085109282504330475e+00 4.598679770350488027e+00 -3.962443780136506444e+00 4.598679770350488027e+00 2.279186773814590783e+00 5.899070621891293165e+00 -3.962443780136506444e+00 5.899070621891293165e+00 1.082884044641911814e+01
-4.636660733579302529e-01 -1.114835014662948209e+00 -2.505506772253829784e+00 -1.114835014662948209e+00 1.267317221134211991e+01 -1.240395922037005549e+00 -2.505506772253829784e+00 -1.240395922037005549e+00 8.041937627873487315e+00
-1.205890221393117834e+01 7.632053561230468519e-01 5.527886285111979214e-01 7.632053561230468519e-01 -1.169116931640211199e+01 -1.390970810004878155e-01 5.527886285111979214e-01 -1.390970810004878155e-01 -1.140422371516962485e+01
-1.286708589726734608e+01 -1.660318763061378267e+00 4.148676241125660580e-01 -1.660318763061378267e+00 -1.032898519511029889e+01 3.375541815567393300e-01 4.148676241125660580e-01 3.375541815567393300e-01 -1.062542796446318860e+01
6.714669183961492926e+00 4.167163932815765470e+00 1.448581026594088383e+00 4.167163932815765470e+00 2.340601969305466934e+00 -1.846525755914461220e+00 1.448581026594088383e+00 -1.846525755914461220e+00 1.605079145100186455e+00
-5.891564281807698755e+00 -2.555645527870073597e+00 2.261116795998670437e+00 -2.555645527870073597e+00 -9.731449726061905281e+00 1.421581427292022637e+00 2.261116795998670437e+00 1.421581427292022637e+00 -1.050370481297202119e+01
1.236436583862399274e+01 -3.944279899966949721e+00 -2.392882578342844901e+00 -3.944279899966949721e+00 8.335559452405624015e+00 2.137405455998607540e+00 -2.392882578342844901e+00 2.137405455998607540e+00 3.285580707520650900e+00
-8.634412145920835613e+00 -2.038816844798800876e+00 7.687218372916104769e-02 -2.038816844798800876e+00 -7.558803497693725504e+00 -7.938713424547588771e-01 7.687218372916104769e-02 -7.938713424547588771e-01 -8.485905107220018451e+00
5.010853988283002103e+00 4.409860608674386562e+00 1.762187735137965561e+00 4.409860608674386562e+00 9.652229842619098221e+00 -2.602080509101243333e-01 1.762187735137965561e+00 -2.602080509101243333e-01 7.148061930340746883e+00
9.453996317932034543e+00 6.360459720589919819e+00 -3.910324483771356885e+00 6.360459720589919819e+00 1.909534067600852580e+01 7.409234206532443245e+00 -3.910324483771356885e+00 7.409234206532443245e+00 1.290872802541192677e+01
-9.089913145365210667e+00 5.216886266407184669e-01 1.119177487633554513e+00 5.216886266407184669e-01 -1.185143422263415580e+01 3.254920167789192575e-01 1.119177487633554513e+00 3.254920167789192575e-01 -1.163031939267041714e+01
-1.167456494064595951e+01 -9.707307710321170235e-01 -2.474527190130154652e-01 -9.707307710321170235e-01 -1.015285833250113079e+01 -2.349189798791761152e+00 -2.474527190130154652e-01 -2.349189798791761152e+00 -6.605348535041994928e+00
-1.507121163911533834e+01 -6.360920188973454570e-01 2.751781047425307380e-01 -6.360920188973454570e-01 -1.405817357884971308e+01 1.385361974592422163e+00 2.751781047425307380e-01 1.385361974592422163e+00 -1.180989751573987157e+01
-1.021393037658121195e+01 2.110723122503908478e+00 -1.525509798393258842e+00 2.110723122503908478e+00 -1.067722877711231533e+01 3.094271837919320145e+00 -1.525509798393258842e+00 3.094271837919320145e+00 -7.139458124306746534e+00
4.752343512687493998e+00 3.749787933525385863e-01 -6.489553799328048322e-01 3.749787933525385863e-01 3.351288317714783638e+00 4.406173394331266202e+00 -6.489553799328048322e-01 4.406173394331266202e+00 1.067873300700097872e+01
-4.001810333847951817e+00 -1.183732787478968262e+00 2.086541510702288438e+00 -1.183732787478968262e+00 -7.055501249602825098e+00 1.219488518743809147e+00 2.086541510702288438e+00 1.219488518743809147e+00 -7.112537916981127140e+00
6.856370586038437409e+00 -3.561859723619584361e+00 -2.830567325492713060e+00 -3.561859723619584361e+00 1.546964413237657432e+01 2.868709625230960736e+00 -2.830567325492713060e+00 2.868709625230960736e+00 9.171872996270240108e+00
1.953626633255524991e+00 -2.311866470673013652e+00 1.132338797554066634e+00 -2.311866470673013652e+00 -2.195717442390716201e+00 -5.592971833854357491e-03 1.132338797554066634e+00 -5.592971833854357491e-03 -1.324866468552836274e+01
-1.118009766787090697e+01 8.720078616050977449e-02 -7.243520732403587736e-01 8.720078616050977449e-02 -1.125122796891719368e+01 -2.114879086700393263e+00 -7.243520732403587736e-01 -2.114879086700393263e+00 -6.187735742349601331e+00
8.474579952124177140e+00 2.209159455861469556e+00 -1.613652923346436729e+00 2.209159455861469556e+00 8.701681830405505025e+00 2.655511415534849373e+00 -1.613652923346436729e+00 2.655511415534849373e+00 7.345476479738672460e+00
-1.097635624943776023e+01 -1.371343439272076248e+00 3.184296358446256026e+00 -1.371343439272076248e+00 -9.328093531339730404e+00 5.596033002398622891e+00 3.184296358446256026e+00 5.596033002398622891e+00 -6.550562228141846077e+00
-1.390999553291309887e+01 1.668497868438608700e+00 6.816139952752480191e-01 1.668497868438608700e+00 -1.210098972338583678e+01 2.455607893232623518e+00 6.816139952752480191e-01 2.455607893232623518e+00 -1.113281122805808288e+01
-4.812058064415918324e+00 -4.718003451293922290e-01 2.266116764608702372e+00 -4.718003451293922290e-01 -8.120491911213964187e+00 1.158216420558689119e+00 2.266116764608702372e+00 1.158216420558689119e+00 -7.455847633084349724e+00
7.254363174545094495e+00 -9.379779256095676088e-01 -8.430073680124523960e+00 -9.379779256095676088e-01 6.228497308648245356e-01 -4.681537297830920541e-02 -8.430073680124523960e+00 -4.681537297830920541e-02 7.626424766996479754e+00
-7.206160182699637318e+00 1.790013475938639465e+00 1.997399541680980883e+00 1.790013475938639465e+00 -7.341209172833881524e+00 1.609878053319361513e+00 1.997399541680980883e+00 1.609878053319361513e+00 -7.512588032415570716e+00
-6.155897148695259169e+00 -1.289758803702618861e+00 1.124728467974187351e+00 -1.289758803702618861e+00 -7.726842276773021823e+00 8.413010116688144358e-01 1.124728467974187351e+00 8.413010116688144358e-01 -8.092864841192938030e+00
2.536218735950457770e+00 4.741440806546983744e+00 3.020399292684330939e-01 4.741440806546983744e+00 4.620489920472309997e+00 8.457884507607484892e-01 3.020399292684330939e-01 8.457884507607484892e-01 -3.880994049990331263e+00
-1.180175314261546227e+01 -1.847013543997218177e+00 6.972860295487417481e-01 -1.847013543997218177e+00 -8.978532321401857530e+00 -8.401878814844280369e-03 6.972860295487417481e-01 -8.401878814844280369e-03 -9.781842355728748828e+00
-1.080972262996345101e+01 3.439523454998772989e-01 3.712543190171662122e-01 3.439523454998772989e-01 -9.911691883300997929e+00 9.968672544878769415e-01 3.712543190171662122e-01 9.968672544878769415e-01 -1.052015736182847405e+01
-3.771382360549342838e+00 4.066909415884922829e-01 2.428928166809356526e+00 4.066909415884922829e-01 -4.391605504848737240e+00 -4.033348987630801297e+00 2.428928166809356526e+00 -4.033348987630801297e+00 -6.137996433128675156e-01
5.406066526244035941e+00 9.824449585832050191e-01 2.056870508819437671e+00 9.824449585832050191e-01 8.776288740754899509e-01 -3.808744712150685441e+00 2.056870508819437671e+00 -3.808744712150685441e+00 4.664724147728618320e+00
1.159363124534794842e+00 -1.906726987622915093e-01 5.777289975883673039e-03 -1.906726987622915093e-01 -1.468999901893953464e+00 3.632670238360032222e+00 5.777289975883673039e-03 3.632670238360032222e+00 2.029373424692664241e+00
1.363815999919088195e+00 5.544072238797992824e+00 2.785247912607856424e+00 5.544072238797992824e+00 -5.639015498455743902e-01 8.152005906271764246e-01 2.785247912607856424e+00 8.152005906271764246e-01 -3.534440169026035417e+00
1.113273130542306433e+01 -4.196992832998099665e+00 -1.683334879643353932e-01 -4.196992832998099665e+00 1.116056462953012129e+01 1.136927988080836283e+00 -1.683334879643353932e-01 1.136927988080836283e+00 8.585191918858690485e+00
4.032334911904928099e+00 -3.149528297721145176e+00 2.913348881221771158e+00 -3.149528297721145176e+00 6.376510405587360708e+00 4.998847694634958927e+00 2.913348881221771158e+00 4.998847694634958927e+00 3.571615175447923285e+00
-6.878279751982362633e+00 1.019421700134278685e+00 9.718180699882525975e-01 1.019421700134278685e+00 -7.368501100204147392e+00 -4.689822835106472354e+00 9.718180699882525975e-01 -4.689822835106472354e+00 -3.974738620811083312e+00
-1.178683409025647144e+01 -1.120224788025546259e+00 1.484036198991554700e+00 -1.120224788025546259e+00 -1.006611046463035564e+01 1.387225283386993357e+00 1.484036198991554700e+00 1.387225283386993357e+00 -9.433039868069732492e+00
