8.352981180945816320e+00 -5.452854282716046441e-01 7.480124086216362045e+00 -5.452854282716046441e-01 3.762455213423091305e+00 -3.682848036144759529e+00 7.480124086216362045e+00 -3.682848036144759529e+00 3.288719383216787406e+01
-5.603003802427793723e+00 -8.258621069842756457e-01 3.284893672178610391e-01 -8.258621069842756457e-01 -1.023399344386533905e+01 7.239357063462326991e+00 3.284893672178610391e-01 7.239357063462326991e+00 4.676933033951092611e+00
3.850886066121990137e+00 -3.930721466957902255e+00 -1.081654811844717479e+01 -3.930721466957902255e+00 -3.376004074391445009e+00 5.175248983962828397e+00 -1.081654811844717479e+01 5.175248983962828397e+00 6.723244119527025831e+00
1.141022419162665003e+01 -2.111922592760457018e+00 4.826899174989778829e-01 -2.111922592760457018e+00 -6.267445018385164879e+00 -5.738352358803489928e+00 4.826899174989778829e-01 -5.738352358803489928e+00 1.951141242884688154e+01
1.231010018096712244e+01 3.256442359535679731e+00 -2.485255477466741247e+00 3.256442359535679731e+00 1.711937881564614017e+00 2.117047636796315579e+00 -2.485255477466741247e+00 2.117047636796315579e+00 3.625372898465315519e+00
1.011837706578129747e+01 -4.140835061916268600e+00 -2.935004770034553845e-01 -4.140835061916268600e+00 7.316312009868093824e+00 1.552513363013817038e+00 -2.935004770034553845e-01 1.552513363013817038e+00 4.689237657547256077e+00
