-2.333386412228835471e+00 8.308430552567994676e-01 1.174317338430842073e+00 8.308430552567994676e-01 -3.331722770788143606e+00 -1.021768492953627705e+00 1.174317338430842073e+00 -1.021768492953627705e+00 -9.584170897488061280e-01
7.361729820978637484e+00 -1.123865017042889880e-01 -5.463432702097482246e-02 -1.123865017042889880e-01 8.281212447566295154e+00 -1.565860073082781800e-01 -5.463432702097482246e-02 -1.565860073082781800e-01 -5.543638364075564873e+00
7.675927538713157361e+00 8.257862231763557492e-03 2.577328170188052797e-02 8.257862231763557492e-03 8.632209303002246870e+00 1.546666180229084968e-02 2.577328170188052797e-02 1.546666180229084968e-02 -4.819591336337997411e+00
7.206196010421296982e+00 1.287298736082704287e-01 1.532068217716218428e-01 1.287298736082704287e-01 8.141024687774482516e+00 2.099408058663900511e-01 1.532068217716218428e-01 2.099408058663900511e-01 -6.371884362630846788e+00
-7.001642684306094822e+00 -1.738275737916419525e-02 2.349126703232476063e-02 -1.738275737916419525e-02 -7.153692234592401888e+00 3.027385836541233166e-01 2.349126703232476063e-02 3.027385836541233166e-01 3.895307855254481755e+00
9.924052430282986892e-01 8.382846811413792454e-02 -1.114327529266543187e-01 8.382846811413792454e-02 1.442583123963718128e+00 -7.064684668084225683e-02 -1.114327529266543187e-01 -7.064684668084225683e-02 -5.879660460624671181e+00
-5.878119035486354171e+00 3.482760764516999452e-01 1.121935566347377122e+00 3.482760764516999452e-01 -4.873815354870729699e+00 4.953793268778249881e-01 1.121935566347377122e+00 4.953793268778249881e-01 7.825810348883159406e+00
-4.207898960507613140e+00 5.171999632514296952e-01 -1.442377623958357002e+00 5.171999632514296952e-01 -3.945804045031193752e+00 7.537235196708387264e-01 -1.442377623958357002e+00 7.537235196708387264e-01 -2.215496351612177506e+00
4.942175309583441312e+00 -1.293250732316703067e+00 1.507417841654217217e-01 -1.293250732316703067e+00 4.843394058087166165e+00 -1.375694598592279050e+00 1.507417841654217217e-01 -1.375694598592279050e+00 5.136884472370461197e+00
1.544738004227740324e-01 -7.239921769461097334e-01 6.141489653665092030e-01 -7.239921769461097334e-01 1.176103896710005037e+00 -1.224884291169789696e+00 6.141489653665092030e-01 -1.224884291169789696e+00 -7.530673961709331010e+00
-3.266818342303643430e+00 3.121184936784051067e-01 -2.081784267821399359e-01 3.121184936784051067e-01 -3.204822280408528901e+00 6.382818245062422680e-01 -2.081784267821399359e-01 6.382818245062422680e-01 -3.304997338309890065e+00
1.287474730944534018e+00 3.969094616935766595e-01 -5.320987528108236386e-01 3.969094616935766595e-01 1.034778584192202810e+00 4.477071911441678487e-01 -5.320987528108236386e-01 4.477071911441678487e-01 -5.583355067014896811e+00
6.161357042415962049e+00 5.589932906037203136e-02 2.672412525370548297e-01 5.589932906037203136e-02 7.508358678173741474e+00 -3.790574559588222314e-01 2.672412525370548297e-01 -3.790574559588222314e-01 -7.029716600077996702e+00
-1.124391699591431326e+01 -4.654520253809049657e-02 2.376077235661905596e-01 -4.654520253809049657e-02 -1.084521772833512543e+01 -7.865661256238914989e-02 2.376077235661905596e-01 -7.865661256238914989e-02 8.599760969984120429e-01
6.612785407764008916e+00 -7.290168350247645812e-02 -3.650499694823607366e-01 -7.290168350247645812e-02 7.222259395871899912e+00 -1.413236871129379124e-01 -3.650499694823607366e-01 -1.413236871129379124e-01 -8.288284259337068249e+00
5.728504672572104717e+00 1.339850049521605982e-02 -1.672627721252080979e-01 1.339850049521605982e-02 5.651418762940664919e+00 8.930292623379776362e-02 -1.672627721252080979e-01 8.930292623379776362e-02 5.396818029548344775e+00
3.291500426962011172e+00 1.000883615948233024e-01 -1.108036757825864305e-01 1.000883615948233024e-01 3.667850095473389693e+00 1.685467111901216564e-01 -1.108036757825864305e-01 1.685467111901216564e-01 -1.783363852487779844e-01
9.038377272367853488e-01 5.265179791990006741e-01 -3.100124872213051441e-01 5.265179791990006741e-01 8.200196044921048699e-01 6.056699652272821144e-01 -3.100124872213051441e-01 6.056699652272821144e-01 -9.097237796034297830e+00
6.810391830464503915e-01 -3.641548475598793688e-01 -8.326956715997205771e-01 -3.641548475598793688e-01 3.298720203191495948e+00 -2.633868883527024640e-01 -8.326956715997205771e-01 -2.633868883527024640e-01 -1.407393544685051401e+00
-1.087238268917738004e+00 1.095337025487987281e+00 -1.034718701423497977e+00 1.095337025487987281e+00 -3.475776846930398012e+00 4.399796386149191774e-01 -1.034718701423497977e+00 4.399796386149191774e-01 -1.323284337110821607e+00
2.850159610628661522e+00 -7.990720269226195271e-02 4.263679098352054359e-02 -7.990720269226195271e-02 2.966967048082122638e+00 4.657585337402834341e-02 4.263679098352054359e-02 4.657585337402834341e-02 -1.195226616343884718e+00
3.059660333768803864e-01 -4.600883542730545457e-03 2.107911269361449017e-03 -4.600883542730545457e-03 7.253464263877656970e-01 -8.356220757073163849e-03 2.107911269361449017e-03 -8.356220757073163849e-03 -7.846022866165176524e+00
-5.758977979149499049e+00 -5.011873211262491967e-01 5.438919916780257102e-01 -5.011873211262491967e-01 -5.043398546308253572e+00 -1.012337435876237368e+00 5.438919916780257102e-01 -1.012337435876237368e+00 6.337959731686798603e-01
1.650474016036828973e+00 -1.594653784529700136e-01 -8.894940595054001697e-01 -1.594653784529700136e-01 7.095142887617587490e+00 2.407357579224756461e-01 -8.894940595054001697e-01 2.407357579224756461e-01 -7.228658831600961454e-01
9.834941246614020471e+00 -9.399964566622157069e-02 -2.888823475644438643e-01 -9.399964566622157069e-02 1.004179390970832486e+01 5.547107327577861097e-02 -2.888823475644438643e-01 5.547107327577861097e-02 6.925309586614333268e-01
-8.447457185575258265e+00 -9.118901574687456046e-02 -9.457484421636854766e-01 -9.118901574687456046e-02 -1.102612283460534215e+01 4.431306873777231259e-02 -9.457484421636854766e-01 4.431306873777231259e-02 2.941020499537022381e+00
-4.796010031774353699e+00 4.661389252051790222e-01 8.953100461271713550e-01 4.661389252051790222e-01 -6.489414053634222412e+00 1.662077225454815510e+00 8.953100461271713550e-01 1.662077225454815510e+00 2.499883755712463962e-01
-2.153278149889977566e+00 1.793555761970346274e-01 3.852543651517660872e-01 1.793555761970346274e-01 -1.523732441578295127e+00 3.649195881887618564e-01 3.852543651517660872e-01 3.649195881887618564e-01 -2.008322925970681960e-01
-2.256643980684675643e+00 1.110610293312938868e-01 -4.319722901506781176e-01 1.110610293312938868e-01 -2.820971867407272793e+00 -2.957821615042664776e-02 -4.319722901506781176e-01 -2.957821615042664776e-02 -2.363368478751068924e+00
-1.193236040633267013e-02 1.622808544356041660e-01 -6.399052960109075094e-01 1.622808544356041660e-01 -3.624016844788391367e-01 1.250369321661800592e-01 -6.399052960109075094e-01 1.250369321661800592e-01 -9.138487750675519550e+00
6.521514066653860908e+00 2.939347339230125380e-02 7.483993113695478483e-01 2.939347339230125380e-02 5.571305436251588361e+00 -2.060289802953264360e+00 7.483993113695478483e-01 -2.060289802953264360e+00 7.669778042172118226e+00
1.152285490336451268e+01 -1.273573290662339055e-02 2.077705065323336431e-01 -1.273573290662339055e-02 1.233223872328459869e+01 -1.829969198370429975e-03 2.077705065323336431e-01 -1.829969198370429975e-03 6.399470728222606652e+00
-2.580550017676918717e+00 5.257534212284917796e-01 -1.462681266412954928e+00 5.257534212284917796e-01 -4.367310835314158091e+00 3.574644841906315373e-01 -1.462681266412954928e+00 3.574644841906315373e-01 -2.683830721824942422e+00
3.440834537896289902e+00 -3.803456033390535951e-01 4.211619616119299803e-01 -3.803456033390535951e-01 2.415073183923023059e+00 -1.288079199771887673e+00 4.211619616119299803e-01 -1.288079199771887673e+00 -2.673024296607375394e+00
4.781403759153498356e+00 -4.895044839365921691e-02 -1.876435604582703601e-02 -4.895044839365921691e-02 4.960467108920417978e+00 -3.503411083058291520e-01 -1.876435604582703601e-02 -3.503411083058291520e-01 3.259218328770260964e+00
4.161167694360245584e+00 8.435614778518039231e-03 5.464822819419867111e-02 8.435614778518039231e-03 4.591930543578944146e+00 3.223661917400101606e-02 5.464822819419867111e-02 3.223661917400101606e-02 2.959122361179466587e+00
-2.288959950839403401e+00 -1.110923422519090030e-06 5.301770941630104539e-02 -1.110923422519090030e-06 -1.942845093013045421e+00 6.665540535114539333e-06 5.301770941630104539e-02 6.665540535114539333e-06 -1.244826355405583396e+00
7.192425838644549430e-01 -2.406107951415513858e-03 3.852361132206773009e-01 -2.406107951415513858e-03 1.230556527150107771e+00 1.171255498732716727e-01 3.852361132206773009e-01 1.171255498732716727e-01 -6.970646421639814960e+00
2.738345795397696403e+00 -5.866076121741886640e-01 -5.384853734985960427e-01 -5.866076121741886640e-01 1.689308494290831852e+00 -1.001189032946373292e+00 -5.384853734985960427e-01 -1.001189032946373292e+00 -5.211503877608693713e+00
-3.053266194860530192e+00 7.593418623511108967e-01 -3.023988914752339108e-01 7.593418623511108967e-01 -2.592151233573404490e+00 -2.546397231841042608e+00 -3.023988914752339108e-01 -2.546397231841042608e+00 -8.514733172661794747e-01
5.431093592642702639e+00 -1.389011637515007169e-01 -1.059314731128253584e-01 -1.389011637515007169e-01 5.409671762423184482e+00 -1.233544911189033283e-01 -1.059314731128253584e-01 -1.233544911189033283e-01 5.339412023145540864e+00
-1.202185677815518972e+01 -8.762008060018258715e-02 -1.013889160691092556e-01 -8.762008060018258715e-02 -1.353455613734356611e+01 -4.592139795269809532e-01 -1.013889160691092556e-01 -4.592139795269809532e-01 -1.180877395340955260e+01
-1.902950816633949938e+00 1.939560340454943077e+00 7.377924403894632333e-01 1.939560340454943077e+00 3.243557190168720794e+00 7.232962620368194040e-01 7.377924403894632333e-01 7.232962620368194040e-01 -2.822948701679259376e+00
1.159821972938236634e+01 1.118700925606248148e-01 -2.240697861333310059e-01 1.118700925606248148e-01 1.192201575329659491e+01 1.095077431014103708e-01 -2.240697861333310059e-01 1.095077431014103708e-01 5.295724525827269602e+00
-3.506054461371315600e+00 -5.211726747711971086e-01 -3.269822046226337764e-01 -5.211726747711971086e-01 -4.181056467735108306e+00 -3.405364295468915614e-01 -3.269822046226337764e-01 -3.405364295468915614e-01 -6.018858943313723842e+00
-1.921334644516467405e+00 1.074658907927697360e+00 1.082793713606468478e+00 1.074658907927697360e+00 -1.923915415650512051e+00 2.012073482268184943e+00 1.082793713606468478e+00 2.012073482268184943e+00 -2.288718168660837993e+00
-9.137196951036322901e+00 -1.935622219908928465e-01 -1.661424874684870254e-02 -1.935622219908928465e-01 -9.154245141018558130e+00 -3.129577209329549303e-01 -1.661424874684870254e-02 -3.129577209329549303e-01 -8.211610766385890603e-02
-6.535096907205966588e+00 -2.290351467282028541e-01 -1.715719060176938426e-01 -2.290351467282028541e-01 -6.612888394907335154e+00 -3.558944638240813529e-01 -1.715719060176938426e-01 -3.558944638240813529e-01 -2.640086717953944451e+00
6.562944033126549837e-02 -9.109033594505692166e-01 3.392388671457221561e-01 -9.109033594505692166e-01 -1.781102399322133323e+00 -1.615194978232437739e+00 3.392388671457221561e-01 -1.615194978232437739e+00 4.146157012557081245e+00
-2.746140807919388305e+00 -9.513135659966876975e-03 -2.477948130371541435e-01 -9.513135659966876975e-03 -2.951163917573711881e+00 -1.675250720691159878e-01 -2.477948130371541435e-01 -1.675250720691159878e-01 -2.947775275573014664e+00
-8.472352230008631579e+00 -2.063941781070413040e-01 2.341256688038816147e+00 -2.063941781070413040e-01 -7.355357503678765063e+00 -2.345882948715886762e+00 2.341256688038816147e+00 -2.345882948715886762e+00 -3.416369602806272443e+00
3.725190739880977819e+00 1.504014152272400429e-01 2.381832477786124114e-01 1.504014152272400429e-01 4.403735928933313559e+00 2.792966698667141978e-01 2.381832477786124114e-01 2.792966698667141978e-01 8.714676679797528358e-01
-5.328919033098602931e+00 -9.075839726063379409e-01 1.077226706081223950e+00 -9.075839726063379409e-01 -6.254169963280949318e+00 -6.944690870450679343e-01 1.077226706081223950e+00 -6.944690870450679343e-01 4.080272106341311655e+00
1.273399221628842781e+01 -7.098487290501941105e-02 -1.112095023321031828e+00 -7.098487290501941105e-02 1.210910956961998508e+01 6.361905317786682723e-02 -1.112095023321031828e+00 6.361905317786682723e-02 7.329693579620592203e+00
-5.607524871739912875e+00 1.640626249696289785e-01 4.456098658399387791e-02 1.640626249696289785e-01 -5.208556501578285314e+00 1.964884107015215653e-01 4.456098658399387791e-02 1.964884107015215653e-01 1.395052108856001505e+00
8.619905687751549195e+00 2.284164974616099408e-01 -5.644653861356540014e-01 2.284164974616099408e-01 8.633030790243271468e+00 6.731264545690333057e-01 -5.644653861356540014e-01 6.731264545690333057e-01 -4.426456424614509721e+00
1.303179906355590445e+00 -1.679440696072371231e-01 -8.511477764684723946e-01 -1.679440696072371231e-01 1.201723678434148290e+00 -1.822936593838703490e-01 -8.511477764684723946e-01 -1.822936593838703490e-01 -6.580267289046261681e+00
-5.125445570885130309e+00 -3.764823294683673494e-01 1.141489318847845880e+00 -3.764823294683673494e-01 -4.127319290754464021e+00 -8.513584269897043200e-01 1.141489318847845880e+00 -8.513584269897043200e-01 3.345579142993062138e+00
-7.282246802048841339e+00 8.555207646892052376e-01 -2.372391354067723834e-01 8.555207646892052376e-01 -8.069951726458556962e+00 -8.796384210498560119e-01 -2.372391354067723834e-01 -8.796384210498560119e-01 -2.622788768759824585e+00
1.024848156238102881e+01 -3.419110384952597781e-02 2.461438277939554664e-01 -3.419110384952597781e-02 1.127290219137307048e+01 6.342715584136433826e-02 2.461438277939554664e-01 6.342715584136433826e-02 2.690612541436310678e+00
4.397539209661338155e+00 -1.993960799513606885e-01 -3.471839101783442127e-01 -1.993960799513606885e-01 5.258865608084587251e+00 -9.502159063506564196e-02 -3.471839101783442127e-01 -9.502159063506564196e-02 -9.550350992474538003e+00
-4.582423784653795629e+00 -1.456845741968826602e-01 5.454306553232014521e-01 -1.456845741968826602e-01 -3.861017506641633013e+00 -5.227844527085226956e-01 5.454306553232014521e-01 -5.227844527085226956e-01 3.876205355293913968e+00
-1.031599076173994867e+01 -1.379320603363713010e-02 -2.884390880720272832e-01 -1.379320603363713010e-02 -1.046633130811098411e+01 1.221163306974104405e-02 -2.884390880720272832e-01 1.221163306974104405e-02 -4.630095347272860096e+00
-2.015573653118733599e+00 3.770420601135343608e-01 -6.444895233772340859e-01 3.770420601135343608e-01 -2.634866247657241534e+00 5.326206219655222895e-01 -6.444895233772340859e-01 5.326206219655222895e-01 -2.652215481605859182e+00
-5.927180579154824436e+00 -8.354186737009273722e-01 1.941141628919670070e-01 -8.354186737009273722e-01 -6.808510906730566248e+00 -9.544576046715947948e-01 1.941141628919670070e-01 -9.544576046715947948e-01 5.751977681988763358e+00
-5.692190104005470097e+00 7.123758443585076483e-02 4.655341451100549754e-01 7.123758443585076483e-02 -4.923075565340504056e+00 1.900825311032603993e-01 4.655341451100549754e-01 1.900825311032603993e-01 9.106274371162191850e-01
-7.337233472876229179e+00 -4.421325474382811760e-01 7.518789787582697004e-02 -4.421325474382811760e-01 -7.579412824070993260e+00 -2.636268347030247261e-01 7.518789787582697004e-02 -2.636268347030247261e-01 -3.187608350270139557e+00
2.326708636455092183e+00 -3.188722229018831622e-01 8.373156519267181963e-01 -3.188722229018831622e-01 5.470922621573175881e+00 6.283657033832248939e-02 8.373156519267181963e-01 6.283657033832248939e-02 2.831813019195426939e+00
-3.860583071440380820e+00 -4.499198282229127654e-01 8.196452155207488710e-01 -4.499198282229127654e-01 -3.214842668862010200e+00 -1.082778485644950939e+00 8.196452155207488710e-01 -1.082778485644950939e+00 -4.011094444672412607e+00
5.722171190301150734e-01 -2.212624621487680188e-01 1.447257675645626795e-01 -2.212624621487680188e-01 4.775271524379181010e+00 1.157010648081403748e+00 1.447257675645626795e-01 1.157010648081403748e+00 2.741206343771122045e-01
1.079439913339035328e+01 -1.203434174935455570e+00 -1.053104811093686921e-01 -1.203434174935455570e+00 1.000494581108437231e+01 -7.733528397248452535e-01 -1.053104811093686921e-01 -7.733528397248452535e-01 1.989550301987841885e-01
1.598286971741076368e+00 -2.718379224441713066e-02 -2.950213070002215554e-01 -2.718379224441713066e-02 2.836005810507759239e+00 -5.485799943136069334e-01 -2.950213070002215554e-01 -5.485799943136069334e-01 -3.540719964894958327e+00
-1.612199498707431955e+00 2.875543378555637797e-01 -1.199767892174799178e+00 2.875543378555637797e-01 -1.845025586475487644e+00 6.656440649129561349e-01 -1.199767892174799178e+00 6.656440649129561349e-01 5.788280045602473001e-01
-1.104762614828486278e+01 1.943579748193253465e-01 2.027622415336474970e-01 1.943579748193253465e-01 -1.052529701649322291e+01 4.461276547999304953e-01 2.027622415336474970e-01 4.461276547999304953e-01 -4.674447562275621415e+00
4.014628792627706666e+00 2.325461316416823909e-01 4.604568505858158134e-01 2.325461316416823909e-01 2.471749118651490829e+00 -4.183855237014835748e-01 4.604568505858158134e-01 -4.183855237014835748e-01 -2.574939127410976969e+00
2.657489637276746683e-02 1.881471956904110787e-01 -6.831548872860107036e-01 1.881471956904110787e-01 -1.038764406595172440e+00 1.740292819923783818e-01 -6.831548872860107036e-01 1.740292819923783818e-01 1.294814370591000463e+00
-1.041447612871632700e+01 -9.041567589727977916e-01 6.367497486413326024e-01 -9.041567589727977916e-01 -1.202651933625210923e+01 -7.645018346924341568e-01 6.367497486413326024e-01 -7.645018346924341568e-01 -8.221430281598999912e+00
-7.474552716574051736e+00 -1.819087039776768888e-01 3.567470628738699800e-01 -1.819087039776768888e-01 -7.207977217483570342e+00 -1.104077840082996476e-01 3.567470628738699800e-01 -1.104077840082996476e-01 -3.467412326600505690e+00
-1.143858506222220761e+01 -1.936723243246196713e-02 5.012235907477730068e-02 -1.936723243246196713e-02 -1.121534868282909514e+01 2.855086300317326992e-02 5.012235907477730068e-02 2.855086300317326992e-02 -6.187836771614453113e+00
-5.901694578779593137e+00 6.902046804334682761e-01 -2.698954897261475194e-01 6.902046804334682761e-01 -6.155819066997646694e+00 1.274430088877051448e+00 -2.698954897261475194e-01 1.274430088877051448e+00 7.077653847931143716e+00
5.720702049077258877e+00 3.672043012225821856e-01 3.901501907224819155e-01 3.672043012225821856e-01 6.399261917004421818e+00 -3.152723175751717122e-01 3.901501907224819155e-01 -3.152723175751717122e-01 -9.624612437431718348e+00
-1.627835152531138307e+00 -1.193853693045507258e+00 -2.429870057227365709e+00 -1.193853693045507258e+00 3.893796667792318811e+00 -1.685584069399940432e+00 -2.429870057227365709e+00 -1.685584069399940432e+00 -1.934007971873908271e+00
-6.941723703943205592e+00 -4.448602347132633583e-01 1.854038495560156097e+00 -4.448602347132633583e-01 -6.243569913170201602e+00 2.688952266470608365e-01 1.854038495560156097e+00 2.688952266470608365e-01 7.271985305375159747e+00
2.198495681133119922e-03 -1.865006975529274191e-01 2.824928916851421890e-01 -1.865006975529274191e-01 1.210054783563761838e+00 -2.407980195407299906e-01 2.824928916851421890e-01 -2.407980195407299906e-01 -6.835396629753878628e+00
6.982996248839090647e+00 -2.325080015753562268e-01 -1.275242984561440751e-01 -2.325080015753562268e-01 7.657901845629498716e+00 -3.365922438075642509e-01 -1.275242984561440751e-01 -3.365922438075642509e-01 -7.078558033224053858e+00
6.839679959861995506e+00 2.966316152625007585e-01 -2.817705559879695176e-01 2.966316152625007585e-01 7.404109521417814754e+00 3.308113351023259097e-01 -2.817705559879695176e-01 3.308113351023259097e-01 -9.690173198765110740e+00
6.857140305254001866e+00 -1.306882378519254595e-01 -7.585488649937637273e-01 -1.306882378519254595e-01 7.663696905948407689e+00 -9.833138535667720892e-02 -7.585488649937637273e-01 -9.833138535667720892e-02 -4.339336946454946720e+00
1.703252625810482535e+00 1.414679438066615558e-01 -4.363677842830768761e-01 1.414679438066615558e-01 8.185639432586265807e-01 -8.776672577786079898e-01 -4.363677842830768761e-01 -8.776672577786079898e-01 -6.951693939447099346e+00
7.262108051872147918e+00 -3.931082323146541796e-02 -2.948465276273479901e-02 -3.931082323146541796e-02 8.247140698985438334e+00 -9.909181138002912115e-02 -2.948465276273479901e-02 -9.909181138002912115e-02 -7.691635552045958946e+00
-5.906593294017872253e+00 -9.317716512857534550e-01 7.731586773232311804e-01 -9.317716512857534550e-01 -8.571824468659174912e+00 -2.309360270809092397e-01 7.731586773232311804e-01 -2.309360270809092397e-01 -3.308972000599275098e+00
-6.396900584852082794e+00 -6.104479568508588416e-01 4.062993767165414272e-01 -6.104479568508588416e-01 -5.844095906506078464e+00 -9.056736217084027096e-01 4.062993767165414272e-01 -9.056736217084027096e-01 -4.064027305981312010e-01
-5.872139977516684262e+00 -1.504223789269551192e-01 1.344107615261469713e+00 -1.504223789269551192e-01 -4.334534773346438108e+00 -1.636246186471807806e-01 1.344107615261469713e+00 -1.636246186471807806e-01 1.785241464963712721e+00
1.025101927877811647e+01 -3.050514150828942950e-01 6.128418751839471712e-01 -3.050514150828942950e-01 1.147908178124698431e+01 -7.393722440384827843e-01 6.128418751839471712e-01 -7.393722440384827843e-01 2.596558381446098185e+00
6.423595608257711476e+00 9.862206252850287402e-01 -2.392204058117568977e+00 9.862206252850287402e-01 3.989087769046931076e+00 1.166098366737920777e+00 -2.392204058117568977e+00 1.166098366737920777e+00 5.308023596767309726e+00
-1.067949447986621436e+01 -1.058863904494875829e-01 -5.644976724286205894e-01 -1.058863904494875829e-01 -1.162369350234295240e+01 2.161769599979286235e-02 -5.644976724286205894e-01 2.161769599979286235e-02 5.541132751791318922e-01
-7.235880775011590771e+00 8.001661067017905304e-02 -7.550939981586726746e-02 8.001661067017905304e-02 -7.660018115729377186e+00 -1.417725226390031956e-01 -7.550939981586726746e-02 -1.417725226390031956e-01 -4.668368434108207232e+00
-4.721935434620150751e+00 7.667817183588418462e-02 3.865470964150904704e-03 7.667817183588418462e-02 -7.716691038964998306e+00 -3.490062663015076061e-01 3.865470964150904704e-03 -3.490062663015076061e-01 6.223734911801053649e+00
-6.981231644091788757e-01 -9.984457587592995287e-01 9.198401501521165091e-01 -9.984457587592995287e-01 -8.436341361375743197e-01 -1.793804717571306773e+00 9.198401501521165091e-01 -1.793804717571306773e+00 1.143722325645543547e+00
5.169340709612978202e+00 -5.581285579104269812e-02 -2.400573150729589655e-01 -5.581285579104269812e-02 6.323819010477397917e+00 -1.250979962964383352e-01 -2.400573150729589655e-01 -1.250979962964383352e-01 -1.042729270880856340e+01
