-6.648207365706880978e+00 -4.489205389662705770e+00 2.809097007050425532e+00 -4.489205389662705770e+00 5.338391316778245965e+00 -9.857486988733281663e+00 2.809097007050425532e+00 -9.857486988733281663e+00 -1.532693226162061784e+01
-1.266646547307091453e+01 -4.820696345066765254e+00 2.673249933607131812e+00 -4.820696345066765254e+00 -1.000523214946737305e+01 7.697446610555421564e+00 2.673249933607131812e+00 7.697446610555421564e+00 -1.555115479540924639e+01
-9.120983233930203937e+00 -1.099927637846747751e-03 -3.940984639443193771e+00 -1.099927637846747751e-03 -1.130310879784084399e+01 4.415168741220865556e+00 -3.940984639443193771e+00 4.415168741220865556e+00 -1.643884543171705204e+01
-7.464025725611034723e+00 6.697932358033630074e+00 -5.857539280109006485e-01 6.697932358033630074e+00 -1.107607771530151552e+01 4.088256338407122215e+00 -5.857539280109006485e-01 4.088256338407122215e+00 -1.059427905029286698e+01
1.654957430699571574e+00 -3.021702728583189890e-01 -6.888342110907389459e-01 -3.021702728583189890e-01 8.896707331473736602e+00 -7.677284923449034792e+00 -6.888342110907389459e-01 -7.677284923449034792e+00 -5.312940213684576918e+00
5.429692171336277795e+00 3.350882398611793267e+00 -5.650670628452949096e+00 3.350882398611793267e+00 6.272145863334253058e+00 -8.860761549187289310e-01 -5.650670628452949096e+00 -8.860761549187289310e-01 1.502147834926346270e+01
-1.164495156686960620e+01 2.867713186149214000e+00 6.620814060119022848e+00 2.867713186149214000e+00 -1.944141726940653125e+00 -3.820029664772889078e+00 6.620814060119022848e+00 -3.820029664772889078e+00 7.455155071654896659e+00
-1.819447895079615662e+01 6.630081518541579122e+00 -5.692080351872155219e-01 6.630081518541579122e+00 -7.734769516304696779e+00 -2.427160482147099785e+00 -5.692080351872155219e-01 -2.427160482147099785e+00 -1.498050070369388820e+01
-7.439479523701599817e-01 1.260253280963015976e-01 -2.265405641318861907e+00 1.260253280963015976e-01 1.027879936721219067e+01 -6.758746896012372218e+00 -2.265405641318861907e+00 -6.758746896012372218e+00 -4.873142073273096564e+00
-2.489549392277046636e+00 -5.267916542123778356e+00 -2.818064819736910476e+00 -5.267916542123778356e+00 -1.967172135500845576e+00 1.855538872535132278e+00 -2.818064819736910476e+00 1.855538872535132278e+00 1.787080260012827893e+01
5.878013819650140803e+00 1.130078156973763015e+01 -5.503194885513948087e+00 1.130078156973763015e+01 -1.371632700700945229e+00 -5.275273528273165091e+00 -5.503194885513948087e+00 -5.275273528273165091e+00 -1.026563561579441597e+01
1.373027743481510576e+00 3.902824629961341607e+00 4.174208085887419095e+00 3.902824629961341607e+00 1.370809825964879103e+00 -1.839619958053143323e-01 4.174208085887419095e+00 -1.839619958053143323e-01 1.319495306245117128e+01
-4.035303372004303668e+00 4.929408412093648550e+00 2.287959661969973801e+00 4.929408412093648550e+00 6.205315425595517631e+00 -1.657759122864679080e+00 2.287959661969973801e+00 -1.657759122864679080e+00 9.349967567419078307e+00
-1.066877160620153697e+00 -1.073883068810272157e+01 -7.158525576903796761e+00 -1.073883068810272157e+01 8.231391407912820313e+00 2.918474858406429728e+00 -7.158525576903796761e+00 2.918474858406429728e+00 7.382248693328056000e+00
