-1.346213332766323845e+01 -9.873874393133976746e-01 -2.156072411921356125e+00 -9.873874393133976746e-01 -4.797580114109630145e+00 -1.893688785234090011e-01 -2.156072411921356125e+00 -1.893688785234090011e-01 1.066351769238470304e+01
-1.622290475796833320e+01 -6.076227286340327716e-01 -1.801041641868756260e+00 -6.076227286340327716e-01 -9.812493200440437491e+00 3.295266308902457641e+00 -1.801041641868756260e+00 3.295266308902457641e+00 4.591570758629616167e-01
2.380073281730696433e+00 1.142278945089697961e+00 2.962106187173187133e-02 1.142278945089697961e+00 1.065573835387932378e-01 -7.783653573007300874e-01 2.962106187173187133e-02 -7.783653573007300874e-01 1.383661967956086869e+01
-1.402841399260702637e+01 7.479608471399874503e-01 2.150464361099933885e+00 7.479608471399874503e-01 -3.785075228707444506e+00 2.166959317822647169e+00 2.150464361099933885e+00 2.166959317822647169e+00 9.608350460157813799e+00
-6.818584607649129659e+00 -9.274198808421916240e-01 -1.283704082177051342e+00 -9.274198808421916240e-01 -3.645449313310570538e+00 3.591311840127721089e-01 -1.283704082177051342e+00 3.591311840127721089e-01 1.007240613352369962e+01
-1.259539469303974712e+01 1.717674310658279468e+00 2.144213907169258970e+00 1.717674310658279468e+00 -8.788162381842548498e+00 -1.159528046570011073e+00 2.144213907169258970e+00 -1.159528046570011073e+00 2.684167315371500440e+00
2.711580649120017128e+01 -1.215684717555780114e+00 9.119806996216732742e-01 -1.215684717555780114e+00 4.590785990361175095e+01 2.644258504997706982e+00 9.119806996216732742e-01 2.644258504997706982e+00 2.050013713733440213e+01
-8.914259628458096607e-01 -5.498655530383191881e-01 4.158822971042664740e+00 -5.498655530383191881e-01 3.399248567545877897e+00 -9.634397372884494493e-01 4.158822971042664740e+00 -9.634397372884494493e-01 1.224643516608561633e+01
-6.530675924100049379e+00 -3.997610482173631352e-01 -3.867531829718394709e-01 -3.997610482173631352e-01 3.237535190016054720e+00 2.632386109285220210e-01 -3.867531829718394709e-01 2.632386109285220210e-01 -3.441684033138448839e+00
-7.725108125891164690e+00 -1.913809459904198595e+00 9.551578228461322650e-01 -1.913809459904198595e+00 5.337017135444605209e+00 -4.065238772479025542e+00 9.551578228461322650e-01 -4.065238772479025542e+00 1.218760257121356716e+01
-9.499330854858520468e+00 -1.141108075222262208e+00 3.647683979992744518e+00 -1.141108075222262208e+00 -8.667528777293417974e+00 -2.814385530290889115e+00 3.647683979992744518e+00 -2.814385530290889115e+00 7.779136934426675865e+00
-1.213360528484507128e+01 2.921772357664667030e-01 -2.267917716334819644e+00 2.921772357664667030e-01 -5.547056017419730978e+00 3.034614857361613627e+00 -2.267917716334819644e+00 3.034614857361613627e+00 7.379814669002110250e+00
-4.613272617725239222e-02 -2.162202841271179121e+00 -9.234437712248816377e-01 -2.162202841271179121e+00 4.752812978138086564e+00 -3.532347093099337698e+00 -9.234437712248816377e-01 -3.532347093099337698e+00 1.445931788838732146e+01
-1.637400112562759347e+01 -5.785826757152104705e+00 6.049190411431303316e-01 -5.785826757152104705e+00 1.739762213822709791e+00 -3.020046339739418162e+00 6.049190411431303316e-01 -3.020046339739418162e+00 -7.936546958449156364e+00
-6.284149013649964033e+00 1.333495360566925303e+00 1.701774982776379064e+00 1.333495360566925303e+00 8.511019089956166184e+00 4.242558276524277971e+00 1.701774982776379064e+00 4.242558276524277971e+00 3.488635655555802906e+00
-9.403761401895225802e+00 -3.468520262042690039e+00 -3.514304298542709315e+00 -3.468520262042690039e+00 -4.103995624931921604e+00 2.596338558577910849e+00 -3.514304298542709315e+00 2.596338558577910849e+00 4.697673678308220246e+00
-1.404678557114319126e+01 1.445074546859667908e-01 -3.836722330143440995e+00 1.445074546859667908e-01 -1.132624091428370328e+01 6.964866149302926246e-01 -3.836722330143440995e+00 6.964866149302926246e-01 2.636216277610238912e+00
-1.196753071622655185e+01 -1.883626976557973398e+00 2.625207420064966435e+00 -1.883626976557973398e+00 -1.173702872988144685e+00 3.042305861340950823e+00 2.625207420064966435e+00 3.042305861340950823e+00 4.321796011366506818e+00
-6.109813251284117008e+00 -6.043773417727932973e+00 -5.117109596724391807e-01 -6.043773417727932973e+00 1.213374744740837619e+00 -2.429111927430175122e+00 -5.117109596724391807e-01 -2.429111927430175122e+00 1.591264601817311863e+01
-1.832094104784662392e+01 8.984204514914200246e-01 1.242374848692840317e+00 8.984204514914200246e-01 -5.436323179857226684e+00 -3.013465003656228269e+00 1.242374848692840317e+00 -3.013465003656228269e+00 3.004850121237264471e+00
2.917137108518293687e+01 3.817004425457260375e+00 2.336596875527048756e+00 3.817004425457260375e+00 5.187672302165257321e+01 -1.009739259399476374e+01 2.336596875527048756e+00 -1.009739259399476374e+01 2.702906669156515562e+01
-6.454455096557400573e+00 4.871661450913378211e+00 4.702642980793639182e+00 4.871661450913378211e+00 2.543976104457633003e+00 5.771713970122461568e+00 4.702642980793639182e+00 5.771713970122461568e+00 8.656200871287426324e+00
6.301924483870486426e+00 -2.456667317150051932e+00 3.387095842925355704e+00 -2.456667317150051932e+00 1.990731209610932595e+01 2.813374526958228872e-01 3.387095842925355704e+00 2.813374526958228872e-01 4.922840180454646664e+00
-1.123546708507114822e+01 5.214640592073361836e-01 -2.626335851596252713e+00 5.214640592073361836e-01 -5.641233175125690558e+00 3.372165734695082850e+00 -2.626335851596252713e+00 3.372165734695082850e+00 6.875293798238170773e+00
-2.054808878873808098e+01 3.115035191929155234e-02 -2.615547983831283840e+00 3.115035191929155234e-02 -1.426395953613930878e+01 5.804393524618443045e-01 -2.615547983831283840e+00 5.804393524618443045e-01 -5.432201667310825322e+00
-1.122283301055692029e+01 -1.287095664328200773e+00 4.685731179572055538e+00 -1.287095664328200773e+00 -3.580054442307920581e+00 -1.038171148419902545e+00 4.685731179572055538e+00 -1.038171148419902545e+00 5.557526295423224738e+00
5.274484747845068627e-02 9.318048772682978598e-01 1.946874032981611213e+00 9.318048772682978598e-01 4.615430283699701874e+00 -2.418171076572948497e+00 1.946874032981611213e+00 -2.418171076572948497e+00 1.172856520480442200e+01
-8.023931063468516811e+00 -3.564340312710780445e+00 1.852547949296986962e+00 -3.564340312710780445e+00 -8.926358900327953372e-02 -2.438847733246193972e+00 1.852547949296986962e+00 -2.438847733246193972e+00 1.859487251706552158e+01
-1.001667121033038477e+01 -2.308929239488213270e-01 -1.384375026733705161e+00 -2.308929239488213270e-01 8.525600308244454806e-02 1.499447470539158278e+00 -1.384375026733705161e+00 1.499447470539158278e+00 9.705834779829732639e+00
2.695350336079953024e+01 -4.156702904215362260e+00 1.668047927664026542e+00 -4.156702904215362260e+00 3.514638959333939994e+01 -2.325409941045372797e+00 1.668047927664026542e+00 -2.325409941045372797e+00 3.143179923452623825e+01
-6.795358411798672726e+00 -1.301601089091196206e+00 -5.458443771746251949e-01 -1.301601089091196206e+00 2.788399476903516305e+00 -3.235408739287547686e+00 -5.458443771746251949e-01 -3.235408739287547686e+00 -6.607446825336317886e+00
-1.499446192531077138e+01 -9.310675340230306629e-01 -1.218809331344674396e+00 -9.310675340230306629e-01 -3.160254401762023768e+00 7.455768110104457058e-01 -1.218809331344674396e+00 7.455768110104457058e-01 -1.231358156559060113e+00
-7.001811571466483031e+00 2.735517180260177650e+00 -6.280416216044124589e-01 2.735517180260177650e+00 1.093948823335764153e+01 1.929870558074615328e-01 -6.280416216044124589e-01 1.929870558074615328e-01 -3.370321666900959912e+00
7.910390433345819261e+00 1.289618765673744338e+00 -2.674687056832352638e+00 1.289618765673744338e+00 4.093095294785863203e+00 2.518110069961551289e+00 -2.674687056832352638e+00 2.518110069961551289e+00 5.431284831857952078e+00
-3.556540286785686789e+00 5.141034527752844419e+00 2.440000805557332342e+00 5.141034527752844419e+00 9.608207339650512324e+00 2.897980454730113120e+00 2.440000805557332342e+00 2.897980454730113120e+00 -3.987970182561337840e+00
-3.146896807597639789e+00 3.687718448721680198e-01 -4.532362241146997484e+00 3.687718448721680198e-01 1.113354268850000439e+00 -5.912105196711306299e+00 -4.532362241146997484e+00 -5.912105196711306299e+00 1.540784390131767445e+01
1.979955552069365465e+00 6.159038781366867887e-01 3.779575831099323047e+00 6.159038781366867887e-01 1.131420744543859824e-01 -1.260154020482509907e+00 3.779575831099323047e+00 -1.260154020482509907e+00 1.093373938045490590e+01
1.748647553198583537e+01 -1.364550506866280655e+00 -7.901459014373237721e-01 -1.364550506866280655e+00 2.755752607355017147e+01 -3.088690989556307276e+00 -7.901459014373237721e-01 -3.088690989556307276e+00 4.247517798166180825e+01
-1.748243580858482460e+01 3.165406811796437569e+00 3.032387215061322916e+00 3.165406811796437569e+00 -6.213275141059160234e+00 -3.128951599349893531e+00 3.032387215061322916e+00 -3.128951599349893531e+00 1.088243021369779573e+00
-1.654366206200307943e+01 3.722836809836796323e+00 2.718669166580210739e+00 3.722836809836796323e+00 -4.274845852744673991e+00 7.189109235531202131e-03 2.718669166580210739e+00 7.189109235531202131e-03 4.834317132511684600e-01
-1.171692281824076254e+01 -4.303854287225500896e-01 -1.834131002488085693e+00 -4.303854287225500896e-01 4.961267163643098499e+00 -1.056976266030145162e+00 -1.834131002488085693e+00 -1.056976266030145162e+00 5.422770031218033360e+00
-5.090762866876445969e+00 7.207200866486180857e-01 -4.704757051274403579e-01 7.207200866486180857e-01 1.754078484832977125e-01 7.689052500398462442e+00 -4.704757051274403579e-01 7.689052500398462442e+00 -7.563529402223954534e+00
-7.576906209230876321e+00 -2.437815613892101219e+00 -1.778022890813738544e-01 -2.437815613892101219e+00 4.932760598058794521e+00 -3.880733677231314349e+00 -1.778022890813738544e-01 -3.880733677231314349e+00 1.354775342223137713e+01
-1.278445271953195395e+01 -1.257835432660298736e+00 -4.982864386233445408e+00 -1.257835432660298736e+00 -6.019590962151387892e+00 -3.862093521415759678e+00 -4.982864386233445408e+00 -3.862093521415759678e+00 1.557560010007181361e+01
-1.283216243072476814e+01 -2.400817884502948196e-01 8.420603490410041303e-01 -2.400817884502948196e-01 4.932029888121866712e+00 -5.018226165920005588e-01 8.420603490410041303e-01 -5.018226165920005588e-01 -3.373629209736210832e+00
6.549697260108215957e+00 -3.606105924094218373e+00 3.391139522210760315e+00 -3.606105924094218373e+00 4.413574140185702710e+00 -2.356389506765777409e+00 3.391139522210760315e+00 -2.356389506765777409e+00 6.125477516255249277e+00
-1.742376468788184596e+01 -1.467688458737876678e+00 -8.601420910827774213e-02 -1.467688458737876678e+00 -4.210278920385453899e-02 1.939669954740163904e+00 -8.601420910827774213e-02 1.939669954740163904e+00 -1.046301426626349595e+01
-9.891823238274703556e+00 -8.222451137355495376e-01 -3.786432962942105629e+00 -8.222451137355495376e-01 -6.863354518646501923e+00 1.713316513540300012e-01 -3.786432962942105629e+00 1.713316513540300012e-01 6.857261210946028918e+00
-9.533678228957048972e+00 4.133357109158120046e+00 1.328525832558716369e+00 4.133357109158120046e+00 -4.700238127760310303e-02 2.775581980581258712e+00 1.328525832558716369e+00 2.775581980581258712e+00 1.220654343922572771e+01
7.973618112681654102e-01 3.407501252523550406e+00 3.874512072931433515e+00 3.407501252523550406e+00 1.340194366681620330e+01 3.233232572539310290e+00 3.874512072931433515e+00 3.233232572539310290e+00 6.800514943100140819e+00
-1.478376072321483470e+01 -4.961954726031326812e-01 -1.908000221659908124e+00 -4.961954726031326812e-01 -5.755393591124985164e+00 1.746428690808446316e+00 -1.908000221659908124e+00 1.746428690808446316e+00 6.379495200448604741e+00
8.584952899780287083e+00 9.153573465238663553e-01 2.922677013692538406e+00 9.153573465238663553e-01 6.666844445058009327e+00 2.426108630228859475e+00 2.922677013692538406e+00 2.426108630228859475e+00 9.683173549441226768e+00
8.423022448208254076e+00 -1.878228049717314940e+00 4.583664348422701096e+00 -1.878228049717314940e+00 4.718060023996627272e+00 -1.563095629649864149e+00 4.583664348422701096e+00 -1.563095629649864149e+00 1.119404210139220268e+01
-6.426037630454410454e+00 1.115647185273535014e+00 -3.646244505132928637e+00 1.115647185273535014e+00 3.825794126175821486e+00 1.863870532722573081e+00 -3.646244505132928637e+00 1.863870532722573081e+00 5.056385264393491674e+00
-1.298194287125106250e+01 -1.796107255042593387e+00 1.056962021537515950e+00 -1.796107255042593387e+00 -6.658405655219484132e+00 -3.088253171482132853e+00 1.056962021537515950e+00 -3.088253171482132853e+00 3.959653029233385801e+00
-5.692949671492804065e+00 -1.587253581697084526e+00 -1.288571038831279436e+00 -1.587253581697084526e+00 4.305613229423055799e+00 -2.520852612138189563e+00 -1.288571038831279436e+00 -2.520852612138189563e+00 1.688501458126542687e+01
-2.018853495546279930e+01 -1.406081529994005708e+00 -3.718323032366811720e+00 -1.406081529994005708e+00 -9.604487587741239452e+00 1.557210687771183100e+00 -3.718323032366811720e+00 1.557210687771183100e+00 1.714063123811965517e-01
1.486417243901288288e+01 1.534797446231909390e+00 1.115530767012507640e+00 1.534797446231909390e+00 3.055411857041112711e+01 -4.629908927574986954e+00 1.115530767012507640e+00 -4.629908927574986954e+00 4.721115759367593867e+00
-7.117771712244167048e+00 5.178526927320727502e+00 -3.613154868733819303e+00 5.178526927320727502e+00 2.642578156907128939e+00 1.137528640797157209e+00 -3.613154868733819303e+00 1.137528640797157209e+00 2.949236890748273332e+00
8.118967712842765749e+00 1.413031321125144957e-01 1.832768285810770115e+00 1.413031321125144957e-01 8.392954642681266009e+00 -2.796660074765288106e-01 1.832768285810770115e+00 -2.796660074765288106e-01 2.209215388617136178e+00
1.102491544258619349e+01 -2.125031591476070236e+00 -2.494645017873516057e-01 -2.125031591476070236e+00 2.106202867256434175e+01 1.938364024481397774e+00 -2.494645017873516057e-01 1.938364024481397774e+00 1.649348565716854154e+01
-9.475225675842898099e+00 -1.908424689781599293e+00 -2.607349603121416060e-01 -1.908424689781599293e+00 -5.823271569330232822e+00 -2.752841297536963161e+00 -2.607349603121416060e-01 -2.752841297536963161e+00 5.031636578186062358e+00
-1.202727245090585662e+01 -6.362647342643269477e-01 4.029050500618601427e-02 -6.362647342643269477e-01 -3.542109933509113961e+00 -1.137874763076166973e+00 4.029050500618601427e-02 -1.137874763076166973e+00 1.854818749686865686e+01
-1.816370459922030278e+01 -4.911844584319088880e-01 4.565707433394984860e-01 -4.911844584319088880e-01 -5.439765703632076788e-01 7.541504934210334632e+00 4.565707433394984860e-01 7.541504934210334632e+00 7.441972991710992247e+00
-1.179440922944665893e+01 -1.349471313696657626e+00 -1.257073872052665076e+00 -1.349471313696657626e+00 -7.372539029802205768e+00 -2.648640738417156748e-01 -1.257073872052665076e+00 -2.648640738417156748e-01 4.684749474270533121e+00
-1.020431180007697591e+01 3.400089770286821356e+00 2.371827823209316843e+00 3.400089770286821356e+00 -5.701904612818451401e-01 1.321138671090065442e+00 2.371827823209316843e+00 1.321138671090065442e+00 5.319518550392731804e+00
-1.245304267670816678e+01 -8.772306291289562186e-01 4.510965692905540836e-01 -8.772306291289562186e-01 2.824101974186978836e+00 -1.935138047331669719e+00 4.510965692905540836e-01 -1.935138047331669719e+00 -7.439771279332995313e+00
-1.672094922945331774e+01 4.503685469853637713e+00 -3.075119782356879661e+00 4.503685469853637713e+00 1.826523072218335875e+00 -2.200540123312939855e-01 -3.075119782356879661e+00 -2.200540123312939855e-01 -9.027811763970446934e-01
-1.274211131475352410e+01 3.537250979222253400e-01 -1.372452856648301855e+00 3.537250979222253400e-01 -1.668364592089540410e-01 8.265524381094195849e-01 -1.372452856648301855e+00 8.265524381094195849e-01 2.424602852659102137e+00
-7.837572103691600178e-01 6.320912271713032826e-01 -1.973244112339110456e+00 6.320912271713032826e-01 4.734630474725965321e+00 -5.208150950636991627e-01 -1.973244112339110456e+00 -5.208150950636991627e-01 4.634746542148813653e+00
-1.220933994899651154e+01 6.839293921330819037e-01 3.291108313274296204e+00 6.839293921330819037e-01 -3.914422237761872037e+00 -2.811756317158723206e+00 3.291108313274296204e+00 -2.811756317158723206e+00 -1.989439825124939554e-01
-1.290597425842848445e+01 -5.168988663707823505e+00 2.694862873165155825e+00 -5.168988663707823505e+00 4.326582073496009428e+00 -5.050846760647795364e+00 2.694862873165155825e+00 -5.050846760647795364e+00 -1.026464621573305980e+00
-1.758536043963984552e+00 4.803266534959848011e-01 8.903338068725378252e-01 4.803266534959848011e-01 5.237177058758912374e+00 -2.712156604032178175e-01 8.903338068725378252e-01 -2.712156604032178175e-01 9.020696617957643326e+00
-1.005007793030330276e+01 1.801412975317479459e+00 3.114608928481723993e+00 1.801412975317479459e+00 -3.305783187598907880e+00 -3.386209072117925878e+00 3.114608928481723993e+00 -3.386209072117925878e+00 9.339579894023133377e+00
-3.973938127884462990e+00 -1.111508876579010874e+00 4.307224886480478965e+00 -1.111508876579010874e+00 -3.542680234053324106e+00 -6.285398644102924592e+00 4.307224886480478965e+00 -6.285398644102924592e+00 6.686323341294492018e+00
-5.897486816732300241e+00 -2.323075397997505231e-01 -7.002551931972945454e+00 -2.323075397997505231e-01 -1.285498477129370709e+00 1.836075737275009390e+00 -7.002551931972945454e+00 1.836075737275009390e+00 8.209095154350922741e+00
-4.280594112710081056e+00 -8.413859816422194493e-01 1.016654887483870173e-01 -8.413859816422194493e-01 -1.484767120384129280e+00 5.011545298669136450e+00 1.016654887483870173e-01 5.011545298669136450e+00 -3.794548147803084692e+00
-3.268975067884216212e+00 1.355037774040127152e+00 -4.302757689505075644e-01 1.355037774040127152e+00 -4.396310169447980698e+00 -1.552117616984928228e+00 -4.302757689505075644e-01 -1.552117616984928228e+00 -4.259903182669754429e+00
-8.229829215535662712e+00 3.154716619772839348e+00 -1.060258055324420745e+00 3.154716619772839348e+00 1.180400829849291000e+01 1.206681833240842661e+00 -1.060258055324420745e+00 1.206681833240842661e+00 6.722916800867083431e+00
3.595365975286491711e+00 4.709919052719479526e-01 -5.764369038153590807e+00 4.709919052719479526e-01 -3.704644199616989653e+00 6.183910467991027282e-01 -5.764369038153590807e+00 6.183910467991027282e-01 1.070416224434077712e+01
3.920015223319445852e+00 1.535740983141637761e+00 -5.956703057964903181e+00 1.535740983141637761e+00 1.872228366540951683e+01 4.510807826734428844e-02 -5.956703057964903181e+00 4.510807826734428844e-02 1.971192445736714305e+01
-1.168404809040253589e+01 -3.534119040237197473e-01 2.020067453823024550e+00 -3.534119040237197473e-01 4.135914874493786364e+00 -3.472586617358969452e+00 2.020067453823024550e+00 -3.472586617358969452e+00 -8.301180766539090428e+00
8.656409187301051134e+00 2.079362882801556733e-01 1.689762770188622865e+00 2.079362882801556733e-01 6.625723748164099369e+00 -7.898383286925226773e-03 1.689762770188622865e+00 -7.898383286925226773e-03 1.254387642803991554e+01
2.339148230791825256e+01 2.118972518607135314e+00 -5.505180945726738884e+00 2.118972518607135314e+00 3.032616123515607143e+01 -3.995238632891427333e+00 -5.505180945726738884e+00 -3.995238632891427333e+00 3.302190894248387565e+01
6.882721942096428513e+00 -4.631759061700576829e+00 2.653976924955875116e+00 -4.631759061700576829e+00 2.429906314238045439e+01 2.059451617760173825e+00 2.653976924955875116e+00 2.059451617760173825e+00 -3.525166522524577406e+00
-1.447714173418780881e+01 2.035353450266183806e-01 -6.027949042179083783e-01 2.035353450266183806e-01 -1.001002573966565556e+01 1.247490576635663206e+00 -6.027949042179083783e-01 1.247490576635663206e+00 6.661885011157865577e+00
-4.994796171972901155e-01 3.561125338355059178e+00 2.655928382879238825e+00 3.561125338355059178e+00 1.284375435953932687e+01 1.199692623914795808e+00 2.655928382879238825e+00 1.199692623914795808e+00 2.010690475265029420e+01
-1.434111618773335728e+01 1.672158081024256226e+00 -1.496814705402320200e+00 1.672158081024256226e+00 -1.015945229586441734e+01 -5.010593946267556831e+00 -1.496814705402320200e+00 -5.010593946267556831e+00 -1.360044883430612472e+00
-1.329765677243233846e+01 -3.745668065973001504e+00 -6.130032147149275801e-01 -3.745668065973001504e+00 2.286825002512902660e+00 3.058468757805410387e+00 -6.130032147149275801e-01 3.058468757805410387e+00 -6.519476892336212970e+00
5.025656880026450501e+00 -5.502581138020828933e-01 4.483856892152509599e-01 -5.502581138020828933e-01 6.389699967309618422e+00 6.489408297249019686e-01 4.483856892152509599e-01 6.489408297249019686e-01 1.032030041951587229e+01
-5.717709218511542346e+00 2.359983007234649488e+00 -2.579491209577478905e+00 2.359983007234649488e+00 5.666701118276993299e+00 -9.783028061588076696e+00 -2.579491209577478905e+00 -9.783028061588076696e+00 1.297123865189971248e+01
6.812720335560416451e+00 8.550787412629107465e+00 -5.807079067133155137e-01 8.550787412629107465e+00 2.300891034014865255e+01 3.659558646565590490e+00 -5.807079067133155137e-01 3.659558646565590490e+00 5.682375718269198295e+00
-1.312274078882942518e+01 -2.594961706801794943e+00 -2.874011055182084995e+00 -2.594961706801794943e+00 8.969699506953716650e+00 7.383887353925423724e+00 -2.874011055182084995e+00 7.383887353925423724e+00 1.114412078275305085e+01
-1.080626166958941781e+01 2.511254605686231933e+00 1.031368136921372303e+00 2.511254605686231933e+00 -5.523858578998069646e+00 -4.324680849376957958e+00 1.031368136921372303e+00 -4.324680849376957958e+00 2.808424803913022849e+00
-1.216145876922919200e+01 -1.574734817576494805e+00 1.335411954002549528e+00 -1.574734817576494805e+00 -5.490570678692863638e+00 -3.781246457486422408e+00 1.335411954002549528e+00 -3.781246457486422408e+00 2.217169928986525984e-01
6.312028179655771787e+00 1.591521306656061618e+00 3.463894190417926122e+00 1.591521306656061618e+00 6.479638804258225804e+00 -1.357013743497089697e+00 3.463894190417926122e+00 -1.357013743497089697e+00 3.607319438041485693e+00
-1.563818319659255351e+01 -1.292022207408354939e+00 1.032292445261123071e+00 -1.292022207408354939e+00 -2.618864636801454537e+00 2.519747284596698389e+00 1.032292445261123071e+00 2.519747284596698389e+00 -2.647372743380609794e+00
2.271938149225635328e+01 -3.577532700376456765e-01 5.275810951638743695e+00 -3.577532700376456765e-01 2.620108782639627520e+01 1.156991953787711136e+00 5.275810951638743695e+00 1.156991953787711136e+00 4.774921676056091968e+01
-4.760141730018836448e+00 -8.395196649796958788e-01 3.582741625014697284e+00 -8.395196649796958788e-01 -6.625844796307395868e+00 2.237846769969125127e+00 3.582741625014697284e+00 2.237846769969125127e+00 2.031448455252824914e+01
-1.302848293314272965e+01 -6.904306596856094602e-01 -3.598905168699611856e+00 -6.904306596856094602e-01 -5.846004333634216898e+00 8.978054341878483058e-02 -3.598905168699611856e+00 8.978054341878483058e-02 9.465303966702046878e+00
