-8.503035165072997392e-01 9.473521889059034473e-01 -9.744753077791530771e+00 9.473521889059034473e-01 -9.878251183344142206e+00 -1.553886326752701164e-01 -9.744753077791530771e+00 -1.553886326752701164e-01 1.571625746461993423e+01
1.494999623252400944e+01 3.561322749988354186e+00 -1.632852825259934582e+00 3.561322749988354186e+00 7.004061818065053124e+00 8.299887468454175021e+00 -1.632852825259934582e+00 8.299887468454175021e+00 1.712343565491161712e+01
8.991420669200525850e+00 1.315642808516169282e+01 -5.413054232746795646e-01 1.315642808516169282e+01 3.486360051504032942e+00 -1.657400795196673826e+00 -5.413054232746795646e-01 -1.657400795196673826e+00 6.344260521571396971e+00
1.319484092344816162e+01 -4.694033487470931298e+00 -4.641628242648183189e+00 -4.694033487470931298e+00 2.531927225375055102e+01 5.121641666826059591e+00 -4.641628242648183189e+00 5.121641666826059591e+00 2.447470238728677927e+01
1.274847110963705177e+01 6.372026061221609083e+00 -6.626576973364270096e+00 6.372026061221609083e+00 1.260972835643040035e+01 -1.878343524438749412e+00 -6.626576973364270096e+00 -1.878343524438749412e+00 1.743529915471208369e+01
