5.506138922108415379e+00 -5.187485756477956400e-01 -3.776367278409511918e+00 -5.187485756477956400e-01 8.393823924311981655e-01 3.548840613671137012e-01 -3.776367278409511918e+00 3.548840613671137012e-01 6.460844600628552037e+00
1.114634221444766382e+01 1.910513698877322822e-02 4.906428048303918210e+00 1.910513698877322822e-02 4.739744033828010572e+00 -1.814895091353659229e+00 4.906428048303918210e+00 -1.814895091353659229e+00 9.655199574404857543e+00
7.084461391137794273e+00 1.033289096041761557e+00 6.462962256260559535e+00 1.033289096041761557e+00 4.412166235487638311e+00 -1.209815872072062426e+00 6.462962256260559535e+00 -1.209815872072062426e+00 1.289187318607257282e+01
-5.101156199933114976e+00 -3.200898294418489165e+00 -3.095616724993260349e-01 -3.200898294418489165e+00 -4.664097072269807853e+00 -3.566532509036684839e+00 -3.095616724993260349e-01 -3.566532509036684839e+00 -5.900941948714140128e-01
1.257683695977196159e+01 9.077454070970022437e-01 5.115029056652854678e+00 9.077454070970022437e-01 6.489424022020512162e+00 -1.744063900218987717e+00 5.115029056652854678e+00 -1.744063900218987717e+00 1.154514174160948059e+01
1.522237542157810486e+00 2.992655482447405646e+00 -2.248027574936738215e+00 2.992655482447405646e+00 -2.155553164255568976e+00 2.152724393774621436e+00 -2.248027574936738215e+00 2.152724393774621436e+00 7.409241218396276363e-01
8.779169294892446018e+00 5.126568262470629023e+00 -4.853441703513908578e+00 5.126568262470629023e+00 8.151540124735813464e+00 2.255539387915006078e+00 -4.853441703513908578e+00 2.255539387915006078e+00 7.070936302498939341e+00
-7.006495926437136923e+00 -7.406613124995423125e-02 -2.053979074185170450e+00 -7.406613124995423125e-02 -6.074099492226920916e+00 6.011759864922375796e-01 -2.053979074185170450e+00 6.011759864922375796e-01 -3.431095754819244004e+00
5.652777116240119248e+00 1.634192309716235414e+00 5.655466176524703847e+00 1.634192309716235414e+00 6.271415425844113045e+00 3.988123223997914503e-03 5.655466176524703847e+00 3.988123223997914503e-03 1.195298410703142267e+01
7.945029977167203938e+00 5.101522860140453863e-01 -1.243994296667036092e+00 5.101522860140453863e-01 6.734911059063087180e+00 3.259527820131441267e+00 -1.243994296667036092e+00 3.259527820131441267e+00 1.159955070698451962e+01
