1.551709933239721551e+01 -8.125726511750633874e-01 9.518556420657391826e+00 -8.125726511750633874e-01 1.227313057143705777e+01 4.749988152660993279e+00 9.518556420657391826e+00 4.749988152660993279e+00 1.323280759789589389e+01
-1.182673300942432171e+00 1.460596485258131683e+00 1.658843187102364558e+00 1.460596485258131683e+00 2.406710425148454569e+00 -2.426932738743987628e+00 1.658843187102364558e+00 -2.426932738743987628e+00 -7.468662456710768005e+00
-1.032625957937713324e+01 3.035926695427368927e+00 1.504193099488640550e+00 3.035926695427368927e+00 9.036337834301120253e+00 -1.542849517273349846e+00 1.504193099488640550e+00 -1.542849517273349846e+00 -9.790368491041631316e+00
-9.341769974248668618e+00 2.013254429654385280e+00 8.785585301831927429e-01 2.013254429654385280e+00 -2.352778690346816415e+00 -2.900418149081264829e+00 8.785585301831927429e-01 -2.900418149081264829e+00 -7.807235260386111264e+00
-1.292839699821924881e+01 -8.922342373993661369e-01 -2.738768031973385142e+00 -8.922342373993661369e-01 -6.574454654518331331e+00 -7.715938281044292246e-01 -2.738768031973385142e+00 -7.715938281044292246e-01 -1.464423822920628915e+01
-8.943043934731484512e+00 1.921289183284716984e+00 1.010309749995690343e+00 1.921289183284716984e+00 -1.907000201365865566e+00 -4.789208683443856529e+00 1.010309749995690343e+00 -4.789208683443856529e+00 -8.029881579484612786e+00
-5.236429938842059428e+00 -5.411385464232012499e-01 1.878237022683352686e+00 -5.411385464232012499e-01 2.315502094939581923e+00 4.436728656864550757e+00 1.878237022683352686e+00 4.436728656864550757e+00 -4.493784277008050942e+00
5.341772383667178214e-01 -5.111704584663613993e+00 3.270640787681187156e-01 -5.111704584663613993e+00 2.210227051967008194e+00 4.608593679165020163e+00 3.270640787681187156e-01 4.608593679165020163e+00 2.790112700022073344e+00
-9.048840187161824034e+00 3.201077039280121550e+00 -1.337193873418734080e+00 3.201077039280121550e+00 -6.571720672677980324e-02 -1.201205338126349886e+00 -1.337193873418734080e+00 -1.201205338126349886e+00 -8.489216285207122681e+00
1.782200596735805387e-01 -2.582659772441218582e+00 -1.046367855542065683e+00 -2.582659772441218582e+00 -3.674473198289132103e+00 7.840590666902118144e+00 -1.046367855542065683e+00 7.840590666902118144e+00 -2.415600770448902423e-01
-5.424069018896207517e+00 3.368531761363380728e+00 6.734115369863005185e-01 3.368531761363380728e+00 5.069612006498900314e+00 1.957731791621173667e-01 6.734115369863005185e-01 1.957731791621173667e-01 -4.972609862776969258e+00
3.897301161293440508e+00 -2.583074332117681671e+00 4.131520967778279818e+00 -2.583074332117681671e+00 6.653520402406356560e+00 1.320631135105444498e+00 4.131520967778279818e+00 1.320631135105444498e+00 3.960032160583348393e+00
-5.518674505839129552e-01 1.960630200972764747e+00 2.634972804786737122e-01 1.960630200972764747e+00 8.261839123038052790e+00 -1.457607977044702796e+00 2.634972804786737122e-01 -1.457607977044702796e+00 1.383623595681734653e+00
-9.876110411992668148e+00 2.721777843081620407e+00 -7.399113259934543274e-01 2.721777843081620407e+00 -5.801808137101064133e+00 -2.246420178057461303e+00 -7.399113259934543274e-01 -2.246420178057461303e+00 -8.183408843769603536e+00
-3.791540203053965996e+00 -4.710156450005614559e+00 -4.183090160422802128e-01 -4.710156450005614559e+00 9.213426696426964213e+00 9.675680396461373567e-01 -4.183090160422802128e-01 9.675680396461373567e-01 4.542916047768919441e+00
-1.234964607591875030e+01 -3.805626689588846201e+00 7.522004528555137348e-01 -3.805626689588846201e+00 1.898628093662266147e+00 -3.654204042864100277e+00 7.522004528555137348e-01 -3.654204042864100277e+00 -1.792427020229647949e+00
-1.379286503639388251e+01 -8.306239918114682874e-01 -3.568720299381867633e+00 -8.306239918114682874e-01 -3.371398433570067521e+00 -8.857600729141426044e-01 -3.568720299381867633e+00 -8.857600729141426044e-01 -1.062490990596099394e+01
-2.853482407921194230e+00 -1.438743902219914661e+00 2.391459005171316043e+00 -1.438743902219914661e+00 1.225676569045164577e+01 -2.102309621027008912e+00 2.391459005171316043e+00 -2.102309621027008912e+00 8.502085434496905236e+00
-5.753051455251538826e+00 -5.405559279941121176e-01 1.464326160510200092e-01 -5.405559279941121176e-01 6.238331832250262998e+00 -7.555503717533451180e+00 1.464326160510200092e-01 -7.555503717533451180e+00 -2.053416988607391414e+00
-9.351865378514258254e+00 2.412004554030521941e+00 -6.632888859453743846e-01 2.412004554030521941e+00 2.978483222984021239e+00 3.339352962516521028e+00 -6.632888859453743846e-01 3.339352962516521028e+00 -2.293619398228979200e+00
1.302644288777199622e+00 5.475516225164110296e+00 -3.933091176604170958e+00 5.475516225164110296e+00 5.403671147365323613e+00 -5.726891232081584571e-01 -3.933091176604170958e+00 -5.726891232081584571e-01 1.058844205752585665e+01
-3.617056338504262225e+00 -4.780170887188749940e-01 -1.924768246553005380e+00 -4.780170887188749940e-01 -1.728508410816250063e+00 2.475738524683918307e+00 -1.924768246553005380e+00 2.475738524683918307e+00 -4.704298051528581048e+00
-7.988597620528733678e+00 -1.387391099151492391e+00 -1.478842267460652060e+00 -1.387391099151492391e+00 7.979889088089386462e+00 -2.986719291492711648e+00 -1.478842267460652060e+00 -2.986719291492711648e+00 -5.035078951137395897e+00
-9.796369663951546514e+00 1.264260943404828641e+00 2.036374263918407923e+00 1.264260943404828641e+00 1.584875535277507685e+00 -1.858978563815735507e-01 2.036374263918407923e+00 -1.858978563815735507e-01 -1.355940978688550125e+01
-7.422507084924140131e+00 3.661538583499147403e+00 -6.493554010684779998e-01 3.661538583499147403e+00 2.156825105350662852e+00 3.761779738119046090e+00 -6.493554010684779998e-01 3.761779738119046090e+00 1.876151059590598136e+00
5.022914454161954367e+00 6.182378117777837190e+00 7.034807321998753915e-01 6.182378117777837190e+00 1.155891644015837016e+01 5.865281821393256850e-02 7.034807321998753915e-01 5.865281821393256850e-02 5.126805057589585601e+00
-1.410932453481995985e+01 5.896806290060787603e-01 -4.450712935678783566e+00 5.896806290060787603e-01 -7.388041577377644220e-01 -1.121239530850023147e+00 -4.450712935678783566e+00 -1.121239530850023147e+00 -9.890756798009496364e+00
1.743566473714404985e+00 -2.202166751120071986e+00 3.710039199023225098e+00 -2.202166751120071986e+00 3.718783029659358697e+00 -1.911515073927813946e+00 3.710039199023225098e+00 -1.911515073927813946e+00 -1.195181069960040032e+00
1.498698255918317379e+01 -3.900016313874192786e+00 -2.261530580355294529e+00 -3.900016313874192786e+00 6.506517409044302980e+00 5.717854960066939718e+00 -2.261530580355294529e+00 5.717854960066939718e+00 6.559888901400640293e+00
2.654652089420896477e+00 2.600051079752113914e+00 -4.684815594253448623e+00 2.600051079752113914e+00 -1.125218960983439098e+00 -8.531986065925378782e-01 -4.684815594253448623e+00 -8.531986065925378782e-01 -7.068351015507232660e+00
-1.128144135881649390e+01 8.012131916768324702e-01 -8.374864291733933319e-01 8.012131916768324702e-01 -8.137046345791517865e+00 -1.806116739623354721e-03 -8.374864291733933319e-01 -1.806116739623354721e-03 -1.130854725703935415e+01
1.541191841322499645e+00 -1.483290248572828318e-01 4.608183393299655428e+00 -1.483290248572828318e-01 3.859868986795507162e+00 -1.163626273720125726e+00 4.608183393299655428e+00 -1.163626273720125726e+00 1.550335660165717888e+00
5.393910742151797777e+00 -2.164183148107501786e+00 8.866818187646957838e+00 -2.164183148107501786e+00 1.416503402551340773e+00 -2.364139811023246107e+00 8.866818187646957838e+00 -2.364139811023246107e+00 2.858117582206364471e+00
-1.703543240390859470e+00 -3.596115008721015638e+00 -1.160623921424093430e+00 -3.596115008721015638e+00 -3.054717166504978820e+00 7.215977448805593220e+00 -1.160623921424093430e+00 7.215977448805593220e+00 1.874895285630669539e+00
-2.560356889228629473e+00 -2.959607774339996222e+00 -1.401908337653191339e+00 -2.959607774339996222e+00 -6.574029652897387166e+00 6.844160157129430821e+00 -1.401908337653191339e+00 6.844160157129430821e+00 -4.997858804646950759e+00
-7.100020289087595193e-01 1.380847114992368230e+00 4.024135123141506232e-01 1.380847114992368230e+00 1.725634727270870306e+00 -9.590980905799657563e-01 4.024135123141506232e-01 -9.590980905799657563e-01 -6.293241491300894275e+00
-1.020724834827732330e+01 -1.982234175110671792e+00 -2.206504672110438214e+00 -1.982234175110671792e+00 9.974825048246957593e+00 -2.429411106016006627e+00 -2.206504672110438214e+00 -2.429411106016006627e+00 -2.750948984796026231e+00
-6.011758953030354569e+00 4.584247452400236789e+00 1.783017667992195188e+00 4.584247452400236789e+00 5.274889673279311575e-01 3.874707046188692328e+00 1.783017667992195188e+00 3.874707046188692328e+00 -5.338409361348260163e+00
-5.915352389507394726e+00 3.193232492331881556e+00 -2.309292268950592364e-01 3.193232492331881556e+00 -1.128839766850569415e+00 3.386937243203966386e+00 -2.309292268950592364e-01 3.386937243203966386e+00 -7.566544096373950090e+00
4.703303613382133541e+00 2.785033539880672926e+00 8.825212850812117482e-01 2.785033539880672926e+00 5.893513592157801462e+00 -4.113198930307074619e+00 8.825212850812117482e-01 -4.113198930307074619e+00 -4.149834070837027156e+00
-4.574255750598679171e+00 1.908113369615502819e+00 -1.411109722252323229e+00 1.908113369615502819e+00 -1.755360799378360870e+00 -2.367229536570872206e+00 -1.411109722252323229e+00 -2.367229536570872206e+00 -5.440525161158461742e+00
-6.518086386429703616e+00 -4.362193682333652400e-02 1.814267464580392897e+00 -4.362193682333652400e-02 -2.246623732693967757e+00 -6.816442796499959655e+00 1.814267464580392897e+00 -6.816442796499959655e+00 -3.807709693789103067e+00
-2.254680036914392893e+00 4.041786986889119859e+00 2.892688017396531919e+00 4.041786986889119859e+00 -8.743904813729441727e-01 2.575953511272730090e+00 2.892688017396531919e+00 2.575953511272730090e+00 -7.898790083881428004e+00
-2.923420183906861453e-02 1.629525070569436629e+00 -6.258557063765588513e-01 1.629525070569436629e+00 -1.568537834207265780e+00 -5.247043334928147562e-01 -6.258557063765588513e-01 -5.247043334928147562e-01 3.162963421116240514e+00
-3.709137197354647419e+00 -2.055370211818926818e-01 1.674984726833101512e+00 -2.055370211818926818e-01 -4.801162726078115561e+00 -5.433275630496515740e-01 1.674984726833101512e+00 -5.433275630496515740e-01 -6.238904364345513542e+00
-1.288121095569006513e+01 1.784311827095751840e-02 -4.843717150680136641e+00 1.784311827095751840e-02 -7.121387142321482511e-01 2.551139638425140577e-01 -4.843717150680136641e+00 2.551139638425140577e-01 -8.923866539398700226e+00
8.986339588801172340e+00 3.061801008399175905e-01 1.102285117799142355e+01 3.061801008399175905e-01 -3.990756588563669216e-01 1.173285086800599286e+00 1.102285117799142355e+01 1.173285086800599286e+00 3.792695360869690724e+00
-3.665329091643124482e+00 1.099954686988334207e-01 -6.793190336735412060e+00 1.099954686988334207e-01 -3.001519974689411008e+00 -2.628701104187233017e+00 -6.793190336735412060e+00 -2.628701104187233017e+00 -1.990015024007514510e+00
-1.678956387229286662e+01 -2.345320859668953872e+00 -2.228196411163061441e-01 -2.345320859668953872e+00 -2.936348725623314504e+00 -3.203477268445296122e+00 -2.228196411163061441e-01 -3.203477268445296122e+00 -3.811473003008345017e+00
-9.860384534150210101e+00 -2.441162439651868299e-01 -4.365467327241914219e-01 -2.441162439651868299e-01 -8.000738060358981940e+00 2.458016923827567979e+00 -4.365467327241914219e-01 2.458016923827567979e+00 -1.676554123510981498e+01
-6.975730759794107172e+00 -5.034399837075322459e+00 -2.235658672551499748e+00 -5.034399837075322459e+00 6.865256678173175864e+00 2.916206490183408384e+00 -2.235658672551499748e+00 2.916206490183408384e+00 7.552491997816880520e+00
-1.152849074634791116e+01 -1.455079021606085821e+00 1.875471122875298269e+00 -1.455079021606085821e+00 -1.122566302362008450e+01 2.357187365525178713e+00 1.875471122875298269e+00 2.357187365525178713e+00 -1.051820801673876282e+01
-4.700287597713493248e+00 1.511735622117258426e+00 2.779360229863286236e+00 1.511735622117258426e+00 -4.607668110765535729e+00 1.261811404314002516e+00 2.779360229863286236e+00 1.261811404314002516e+00 -1.203945099476705138e+01
-2.548731289488713081e+00 -1.191394522365670117e+00 1.936995615517244085e+00 -1.191394522365670117e+00 -5.728832199370342160e+00 3.419329156944415526e+00 1.936995615517244085e+00 3.419329156944415526e+00 1.455153538523876744e+00
-4.551710586510564482e+00 3.306086322182061998e+00 8.527898204241970426e-01 3.306086322182061998e+00 9.916695851940570128e-01 1.685904183078462903e+00 8.527898204241970426e-01 1.685904183078462903e+00 3.168425391079365827e+00
7.627866776665792159e+00 8.646031187105500670e-01 -1.209263191091777268e+00 8.646031187105500670e-01 7.658121063148586316e+00 -3.983785941726257551e+00 -1.209263191091777268e+00 -3.983785941726257551e+00 1.408642563557931027e+01
4.299033426179158290e+00 -4.603949367370231194e+00 4.629412067056510871e+00 -4.603949367370231194e+00 9.614159459182090028e-01 -1.417693490799938116e+00 4.629412067056510871e+00 -1.417693490799938116e+00 -1.243088908725808794e+00
-4.806820418333141554e+00 6.425747220048071418e-01 1.522725923475323206e-01 6.425747220048071418e-01 3.121630831509276227e+00 8.813381468057379653e-01 1.522725923475323206e-01 8.813381468057379653e-01 8.134833972954401915e+00
-1.093657273057470469e+01 2.011588014975936645e+00 -3.293581405337133727e-01 2.011588014975936645e+00 -1.517851555339991609e+00 1.275620235747666198e-01 -3.293581405337133727e-01 1.275620235747666198e-01 -4.209895016157916281e+00
4.237259033666153307e+00 -4.421029409698606916e-01 -1.087413003118060884e+00 -4.421029409698606916e-01 3.076239481612810689e+00 3.541875056835863234e+00 -1.087413003118060884e+00 3.541875056835863234e+00 1.582902204088623366e+00
-1.019481692303889275e+01 1.108528906418724480e+00 4.764446360645853695e-01 1.108528906418724480e+00 -2.917531660257874027e+00 9.887805371559941214e-01 4.764446360645853695e-01 9.887805371559941214e-01 -5.795937078769912709e+00
-9.871441661987303551e-01 -2.274761315132723116e-01 1.442014800624059179e+00 -2.274761315132723116e-01 -5.397277417360411889e+00 1.408676161215935307e+00 1.442014800624059179e+00 1.408676161215935307e+00 -3.008403114407329326e+00
-2.674344632850104819e+00 -4.175216098274925791e+00 -1.457337223370642476e-01 -4.175216098274925791e+00 3.396898116003566503e+00 -3.314275467165188171e+00 -1.457337223370642476e-01 -3.314275467165188171e+00 2.477626947331753107e-02
-3.437288500519426915e+00 1.825566574468668879e+00 -4.160956857959055455e+00 1.825566574468668879e+00 -5.047740077032939254e+00 8.724106874673070999e-01 -4.160956857959055455e+00 8.724106874673070999e-01 -6.529344037324293915e+00
5.463961559837928306e+00 -9.240065021628340869e-01 -1.208930989646734622e+00 -9.240065021628340869e-01 -3.812294105256167853e+00 3.117085252728793776e+00 -1.208930989646734622e+00 3.117085252728793776e+00 5.619994534188360369e+00
-5.687829048948341182e+00 -4.334406276492513421e-01 1.937082836241992512e+00 -4.334406276492513421e-01 5.841895783111791474e+00 -3.148995812431903740e+00 1.937082836241992512e+00 -3.148995812431903740e+00 2.010827179397036701e+00
2.074464188887759519e+00 -5.153091559330080784e-01 -1.747580637563446837e+00 -5.153091559330080784e-01 1.004422781362698203e+01 -1.588265107716356983e+00 -1.747580637563446837e+00 -1.588265107716356983e+00 8.353424318478849031e+00
-1.045826029043046645e+01 -8.910311355532166688e-01 4.011445799379449006e+00 -8.910311355532166688e-01 7.441537656867861728e+00 3.042575891376280151e+00 4.011445799379449006e+00 3.042575891376280151e+00 5.408360669386640396e+00
5.618478146272810392e+00 8.014250570134607843e-01 -7.518210685096918811e-01 8.014250570134607843e-01 7.014719410410643619e+00 -1.056313013966075465e+00 -7.518210685096918811e-01 -1.056313013966075465e+00 -1.914116050072929509e+00
6.149430510728914001e+00 6.888693383268841508e+00 6.909187972723669358e-01 6.888693383268841508e+00 1.729212139891098943e+01 6.299758178614871973e+00 6.909187972723669358e-01 6.299758178614871973e+00 5.152588006284434918e+00
-4.204928768283120455e+00 2.407820648149026077e+00 2.348656629088813119e+00 2.407820648149026077e+00 1.952341828738968887e+00 2.546555816594318511e+00 2.348656629088813119e+00 2.546555816594318511e+00 7.725550233047082216e+00
-8.607669438474733425e+00 9.433682546427489823e-01 -7.530823026351463056e-01 9.433682546427489823e-01 -2.433369765591738787e+00 2.785894987338249695e+00 -7.530823026351463056e-01 2.785894987338249695e+00 -4.893366784891789223e+00
-8.070600769455866796e+00 -7.091641599449982625e-01 7.230946472174779593e-01 -7.091641599449982625e-01 -7.866840414663298198e+00 6.642421314986006742e+00 7.230946472174779593e-01 6.642421314986006742e+00 -7.457847377155055746e+00
1.973767041558278423e+00 5.499845031850087551e+00 -2.051247643981815472e+00 5.499845031850087551e+00 6.001337207540437646e+00 -4.605293887839158273e+00 -2.051247643981815472e+00 -4.605293887839158273e+00 4.704576910646473209e+00
-5.084968987076432967e+00 5.149560796349267555e+00 4.071125871093298265e+00 5.149560796349267555e+00 -5.398128302563241832e+00 1.347159733421585015e+00 4.071125871093298265e+00 1.347159733421585015e+00 1.733612353849111898e+01
2.416606967885235324e+00 2.132170449284711000e-01 1.497550596966748637e+00 2.132170449284711000e-01 2.030269263535494861e+00 -8.205950841279018304e-01 1.497550596966748637e+00 -8.205950841279018304e-01 -4.241480451752526193e+00
-8.816713753110821727e+00 -5.742512770487635976e+00 5.035857336274287416e-02 -5.742512770487635976e+00 -5.285240606544380881e+00 9.433833366320665270e-01 5.035857336274287416e-02 9.433833366320665270e-01 -1.442293292587301856e+01
-6.696113753112649114e+00 2.952677356530921227e+00 2.481215234323619345e+00 2.952677356530921227e+00 -3.663360637128733277e+00 -2.417440516699435049e-01 2.481215234323619345e+00 -2.417440516699435049e-01 -7.064323288140399448e+00
-3.326878051219988475e+00 1.294958028024712160e+00 3.208537461192483509e+00 1.294958028024712160e+00 -3.023711324644609455e+00 -1.909636581895098661e+00 3.208537461192483509e+00 -1.909636581895098661e+00 -5.359527036807516076e+00
-1.153606845128211411e+01 1.790210651469961389e+00 -1.771288867089442665e+00 1.790210651469961389e+00 -1.050552087505864307e+01 -5.213735583537799645e-01 -1.771288867089442665e+00 -5.213735583537799645e-01 -1.323427561034985267e+01
-8.504589576849030053e+00 8.749865149547829901e+00 -7.036841069449006891e-01 8.749865149547829901e+00 2.907631230421592772e+00 1.728721274015856402e+00 -7.036841069449006891e-01 1.728721274015856402e+00 -5.913113689543592955e+00
-1.156972766417193377e+01 3.791533703552400075e-02 4.193822101670325320e-01 3.791533703552400075e-02 -1.162719355013888745e+01 3.124487032387925023e+00 4.193822101670325320e-01 3.124487032387925023e+00 -1.670576909872639249e+01
-1.062977123154580106e+01 -2.403001703932698518e+00 3.339308876840343387e-01 -2.403001703932698518e+00 1.677597288855405377e+00 -2.114172438418000510e+00 3.339308876840343387e-01 -2.114172438418000510e+00 -3.921418637578519384e+00
