-2.200004171085465199e+00 -1.101861328420681740e+00 -4.735514010653383288e+00 -1.101861328420681740e+00 -6.196841836004372439e+00 3.475131178126236620e+00 -4.735514010653383288e+00 3.475131178126236620e+00 1.793159809110747016e+00
1.043989875107722831e+01 -2.075682632146465534e-01 2.637843062152572582e+00 -2.075682632146465534e-01 -2.378826150587497246e+00 -2.673663613633030067e+00 2.637843062152572582e+00 -2.673663613633030067e+00 8.602375602502696950e+00
-1.649700235614340871e+00 1.395575202452003394e+00 1.092663757109488376e+00 1.395575202452003394e+00 8.955126451277880539e-01 1.133240670560467622e+00 1.092663757109488376e+00 1.133240670560467622e+00 4.513450462940864938e+00
7.827963059431747972e+00 -3.660894958878552874e+00 1.198915414156446202e+00 -3.660894958878552874e+00 5.867519150144150153e+00 7.355791796623677437e-01 1.198915414156446202e+00 7.355791796623677437e-01 2.073350427835217502e+00
-3.225129878894959390e+00 9.453115629692682154e-02 9.070026397396220297e-01 9.453115629692682154e-02 -6.734865974380165099e+00 -3.562648143942196421e-01 9.070026397396220297e-01 -3.562648143942196421e-01 -2.838433067822491385e+00
1.156177771266317267e+00 3.001245314397600783e+00 -1.170602472110905623e+00 3.001245314397600783e+00 -3.867468152778682722e+00 -1.406559588801237881e+00 -1.170602472110905623e+00 -1.406559588801237881e+00 1.262652132648380743e+01
2.102230460601521855e+00 -9.119236765488001328e-01 6.243834773274872102e-02 -9.119236765488001328e-01 4.484439529162728810e+00 1.119157802756624243e+00 6.243834773274872102e-02 1.119157802756624243e+00 4.381901014967793273e+00
1.622043954181999581e+01 -2.601545999233932371e-01 1.049184458287853339e+00 -2.601545999233932371e-01 1.824365137685704497e+01 2.785128874646384034e+00 1.049184458287853339e+00 2.785128874646384034e+00 6.536934254547476897e+00
7.914948721820037392e+00 -4.115514172567552031e-01 -1.173710759446498386e+00 -4.115514172567552031e-01 5.169355349610738060e+00 5.726282077644183621e-01 -1.173710759446498386e+00 5.726282077644183621e-01 1.395527262900294829e+01
