2.546488328386419653e+01 1.180391964766384083e+00 6.042915399466506354e-01 1.180391964766384083e+00 2.517657506394037981e+01 -1.993287132813413187e+00 6.042915399466506354e-01 -1.993287132813413187e+00 2.240121403715786030e+01
2.448825429996010072e+01 2.390103110776518047e+00 1.544171461879622287e+00 2.390103110776518047e+00 3.226028280546330507e+01 -1.970905912882406241e+00 1.544171461879622287e+00 -1.970905912882406241e+00 2.968937504511554337e+01
2.282983049095812333e+01 2.203087983643811754e+00 1.478272509700192749e+00 2.203087983643811754e+00 3.069304880907175104e+01 -2.080395008040198057e+00 1.478272509700192749e+00 -2.080395008040198057e+00 2.535290863157899821e+01
1.462537900710594840e+01 2.374617979389814781e+00 -7.596565633135127227e-01 2.374617979389814781e+00 2.381403332188372346e+01 -2.344687967045450350e+00 -7.596565633135127227e-01 -2.344687967045450350e+00 1.294091061236211715e+01
2.966412403709044554e+01 1.628931956999184694e+00 1.344794352653769787e+00 1.628931956999184694e+00 2.800184840314168611e+01 -7.841091179467739591e-01 1.344794352653769787e+00 -7.841091179467739591e-01 2.810981392388993072e+01
2.204296792984363407e+01 1.685556368720033449e+00 4.488633898856751459e-01 1.685556368720033449e+00 2.877059228873196517e+01 -1.860679868086930755e+00 4.488633898856751459e-01 -1.860679868086930755e+00 2.569175728007564885e+01
1.714123942568559045e+01 -1.630480297280661350e+00 -4.918757610062665098e-01 -1.630480297280661350e+00 1.864317216246934805e+01 -1.498392053397108015e+00 -4.918757610062665098e-01 -1.498392053397108015e+00 2.147241339543229088e+01
2.696589011026106775e+01 1.823945770410946021e-01 1.926970795725646335e+00 1.823945770410946021e-01 1.594527624473031580e+01 2.876598506728544336e-01 1.926970795725646335e+00 2.876598506728544336e-01 2.876749147149549657e+01
2.696589011026106775e+01 1.823945770410946021e-01 1.926970795725646335e+00 1.823945770410946021e-01 1.594527624473031580e+01 2.876598506728544336e-01 1.926970795725646335e+00 2.876598506728544336e-01 2.876749147149549657e+01
2.333322979424997357e+01 -3.341436833883369428e-01 1.249659082232647878e+00 -3.341436833883369428e-01 1.496646899142956855e+01 7.129832244017145770e-01 1.249659082232647878e+00 7.129832244017145770e-01 1.922270673804827013e+01
2.966412403709044554e+01 1.628931956999184694e+00 1.344794352653769787e+00 1.628931956999184694e+00 2.800184840314168611e+01 -7.841091179467739591e-01 1.344794352653769787e+00 -7.841091179467739591e-01 2.810981392388993072e+01
2.903172181965357979e+01 1.342138392951368386e+00 6.499391399290083138e-01 1.342138392951368386e+00 2.872680853967035475e+01 -1.223720532505730763e+00 6.499391399290083138e-01 -1.223720532505730763e+00 2.861434306434061270e+01
2.229692224753869922e+01 4.311061356847576964e-01 1.996612073534754783e+00 4.311061356847576964e-01 1.391448498595288363e+01 -5.782093225056551544e-01 1.996612073534754783e+00 -5.782093225056551544e-01 2.180684813022941171e+01
2.966412403709044554e+01 1.628931956999184694e+00 1.344794352653769787e+00 1.628931956999184694e+00 2.800184840314168611e+01 -7.841091179467739591e-01 1.344794352653769787e+00 -7.841091179467739591e-01 2.810981392388993072e+01
2.824728336270370832e+01 1.584826331335478233e+00 9.365809348509730459e-01 1.584826331335478233e+00 2.702732518682783436e+01 -6.760054872940045589e-01 9.365809348509730459e-01 -6.760054872940045589e-01 2.595014836917054524e+01
1.659159354565016997e+01 1.418870901875979973e+00 7.111412687986559122e-01 1.418870901875979973e+00 2.512619625777472265e+01 -1.389949762421492041e+00 7.111412687986559122e-01 -1.389949762421492041e+00 1.927667499564833875e+01
2.542583114072582617e+01 1.780407873031486510e-01 1.556171863165249691e+00 1.780407873031486510e-01 1.500220033615036463e+01 2.704664287893734920e-01 1.556171863165249691e+00 2.704664287893734920e-01 2.592667006475581459e+01
2.448825429996010072e+01 2.390103110776518047e+00 1.544171461879622287e+00 2.390103110776518047e+00 3.226028280546330507e+01 -1.970905912882406241e+00 1.544171461879622287e+00 -1.970905912882406241e+00 2.968937504511554337e+01
2.966412403709044554e+01 1.628931956999184694e+00 1.344794352653769787e+00 1.628931956999184694e+00 2.800184840314168611e+01 -7.841091179467739591e-01 1.344794352653769787e+00 -7.841091179467739591e-01 2.810981392388993072e+01
2.287368053843636062e+01 1.658072082954956672e+00 1.682865300141851650e+00 1.658072082954956672e+00 2.914763439713154725e+01 -1.312245513942904562e+00 1.682865300141851650e+00 -1.312245513942904562e+00 2.791833971658874702e+01
1.714123942568559045e+01 -1.630480297280661350e+00 -4.918757610062665098e-01 -1.630480297280661350e+00 1.864317216246934805e+01 -1.498392053397108015e+00 -4.918757610062665098e-01 -1.498392053397108015e+00 2.147241339543229088e+01
1.869704693642874105e+01 2.095383739222165254e+00 1.281878703699334876e+00 2.095383739222165254e+00 2.694859073970372165e+01 -2.212990437727989868e+00 1.281878703699334876e+00 -2.212990437727989868e+00 1.766181708445750331e+01
1.910688151990863659e+01 1.357611255331929501e+00 5.179728496186063180e-02 1.357611255331929501e+00 2.033569238889542774e+01 -4.367444957716216103e-01 5.179728496186063180e-02 -4.367444957716216103e-01 1.471238068012687172e+01
2.966412403709044554e+01 1.628931956999184694e+00 1.344794352653769787e+00 1.628931956999184694e+00 2.800184840314168611e+01 -7.841091179467739591e-01 1.344794352653769787e+00 -7.841091179467739591e-01 2.810981392388993072e+01
2.429464770899979342e+01 9.629599266152233383e-01 1.355100993990345781e-01 9.629599266152233383e-01 2.613788070708382349e+01 -1.409370598012327225e+00 1.355100993990345781e-01 -1.409370598012327225e+00 2.425676006442222388e+01
2.059695661681940493e+01 1.608281606796076124e+00 1.246026106920193888e+00 1.608281606796076124e+00 2.814753856960141576e+01 -1.409570591699634168e+00 1.246026106920193888e+00 -1.409570591699634168e+00 2.559161556956529893e+01
2.550681972501442729e+01 8.960817286437705587e-02 2.154483586712358179e+00 8.960817286437705587e-02 1.529772657329396424e+01 5.555094300926540773e-01 2.154483586712358179e+00 5.555094300926540773e-01 2.533397744009037922e+01
1.654405003083185477e+01 -1.444562345795557201e+00 -2.348749743833248860e-01 -1.444562345795557201e+00 1.852429701946563156e+01 -2.205814305091275962e+00 -2.348749743833248860e-01 -2.205814305091275962e+00 1.890076285335812756e+01
2.649059142489995722e+01 -1.854126649152163797e-01 1.928339934131516165e+00 -1.854126649152163797e-01 1.607277329918643716e+01 4.695423206752496470e-01 1.928339934131516165e+00 4.695423206752496470e-01 2.584309630782167488e+01
2.052122144291022110e+01 1.419638555584920470e+00 1.908188786103439893e+00 1.419638555584920470e+00 2.867116971849913654e+01 -1.404460985878601020e+00 1.908188786103439893e+00 -1.404460985878601020e+00 2.684354747332806568e+01
2.440094680474619082e+01 1.906971477867885900e+00 3.608417205507661873e-01 1.906971477867885900e+00 2.452367642605726772e+01 -8.056861345690826681e-01 3.608417205507661873e-01 -8.056861345690826681e-01 2.181753274450184676e+01
1.864780723265048223e+01 1.543894198093327175e+00 -2.848554723106924702e-02 1.543894198093327175e+00 2.002872111956564893e+01 -6.163511146868113633e-01 -2.848554723106924702e-02 -6.163511146868113633e-01 1.519167061494844617e+01
2.649805657286615101e+01 4.721697289528378194e-01 1.969262741959403762e+00 4.721697289528378194e-01 1.598148274031176364e+01 -8.677486588050763172e-02 1.969262741959403762e+00 -8.677486588050763172e-02 2.848720173861670801e+01
2.839052913444739445e+01 1.968550282990876088e+00 8.650217920119875892e-01 1.968550282990876088e+00 2.731076161781181710e+01 -8.483924488924381446e-01 8.650217920119875892e-01 -8.483924488924381446e-01 2.681168705974424071e+01
2.448825429996010072e+01 2.390103110776518047e+00 1.544171461879622287e+00 2.390103110776518047e+00 3.226028280546330507e+01 -1.970905912882406241e+00 1.544171461879622287e+00 -1.970905912882406241e+00 2.968937504511554337e+01
1.884369404709019946e+01 1.429321265750106207e+00 1.401263380001769088e+00 1.429321265750106207e+00 2.564679817093995240e+01 -1.215609612285465158e+00 1.401263380001769088e+00 -1.215609612285465158e+00 1.937216227047362338e+01
3.005666141354149445e+01 -2.269607369832273569e-01 2.759818783596364788e+00 -2.269607369832273569e-01 1.816620036281826600e+01 -1.413642240154019125e-01 2.759818783596364788e+00 -1.413642240154019125e-01 2.524012491734485408e+01
1.944974466981103234e+01 9.714013253950841698e-01 1.002174033352735583e+00 9.714013253950841698e-01 2.053287387258421859e+01 -2.753085872181292970e+00 1.002174033352735583e+00 -2.753085872181292970e+00 1.532999754932328429e+01
1.714123816789398091e+01 -1.630480297280661350e+00 -4.918757610062665098e-01 -1.630480297280661350e+00 1.864317090467773852e+01 -1.498392053397108015e+00 -4.918757610062665098e-01 -1.498392053397108015e+00 2.147241213764068135e+01
2.294800841469954378e+01 2.301731099328276908e+00 1.314215892036517008e+00 2.301731099328276908e+00 3.079223577498052578e+01 -1.728830513040585881e+00 1.314215892036517008e+00 -1.728830513040585881e+00 2.653184634282124321e+01
2.387442259679073686e+01 2.489704351856153242e+00 5.197656893726808613e-01 2.489704351856153242e+00 3.212976605163284916e+01 -2.310626152996961835e+00 5.197656893726808613e-01 -2.310626152996961835e+00 2.756030179199843744e+01
2.287368053843636062e+01 1.658072082954956672e+00 1.682865300141851650e+00 1.658072082954956672e+00 2.914763439713154725e+01 -1.312245513942904562e+00 1.682865300141851650e+00 -1.312245513942904562e+00 2.791833971658874702e+01
1.596366300906913871e+01 2.053708022033390979e+00 1.715637582599280675e+00 2.053708022033390979e+00 2.476596101449773712e+01 -1.911713838469167648e+00 1.715637582599280675e+00 -1.911713838469167648e+00 1.426502165847980130e+01
2.696589011026106775e+01 1.823945770410946021e-01 1.926970795725646335e+00 1.823945770410946021e-01 1.594527624473031580e+01 2.876598506728544336e-01 1.926970795725646335e+00 2.876598506728544336e-01 2.876749147149549657e+01
2.263581571651660340e+01 1.100611488380022651e+00 1.907446515231801198e+00 1.100611488380022651e+00 2.299054265898681138e+01 -6.958083228351090721e-01 1.907446515231801198e+00 -6.958083228351090721e-01 1.443152584197362387e+01
2.287368053843636062e+01 1.658072082954956672e+00 1.682865300141851650e+00 1.658072082954956672e+00 2.914763439713154725e+01 -1.312245513942904562e+00 1.682865300141851650e+00 -1.312245513942904562e+00 2.791833971658874702e+01
2.191126869122001608e+01 1.763372834768221764e-01 1.074206987211034470e+00 1.763372834768221764e-01 1.279818667176036584e+01 2.588762674255449259e-01 1.074206987211034470e+00 2.588762674255449259e-01 1.986849131202821539e+01
1.946805579939579900e+01 -1.812363253275760089e+00 -6.921740439867681838e-01 -1.812363253275760089e+00 2.083526773445292690e+01 -1.992272734232261255e+00 -6.921740439867681838e-01 -1.992272734232261255e+00 2.232416346118246864e+01
2.287368053843636062e+01 1.658072082954956672e+00 1.682865300141851650e+00 1.658072082954956672e+00 2.914763439713154725e+01 -1.312245513942904562e+00 1.682865300141851650e+00 -1.312245513942904562e+00 2.791833971658874702e+01
1.714123942568559045e+01 -1.630480297280661350e+00 -4.918757610062665098e-01 -1.630480297280661350e+00 1.864317216246934805e+01 -1.498392053397108015e+00 -4.918757610062665098e-01 -1.498392053397108015e+00 2.147241339543229088e+01
1.714123942568559045e+01 -1.630480297280661350e+00 -4.918757610062665098e-01 -1.630480297280661350e+00 1.864317216246934805e+01 -1.498392053397108015e+00 -4.918757610062665098e-01 -1.498392053397108015e+00 2.147241339543229088e+01
2.340862215729093876e+01 3.796983321985505228e-02 1.846797007172153338e+00 3.796983321985505228e-02 1.456262419642004069e+01 -5.302771595741946342e-01 1.846797007172153338e+00 -5.302771595741946342e-01 1.964979520923354173e+01
2.078747579860731065e+01 2.156988464630479996e+00 1.638733875881039026e+00 2.156988464630479996e+00 2.907770049283587710e+01 -2.025805585525282115e+00 1.638733875881039026e+00 -2.025805585525282115e+00 2.167120321309273123e+01
1.812657849189873360e+01 1.611453529091567693e+00 -5.955052244121250560e-01 1.611453529091567693e+00 2.549534637237476886e+01 -1.828983474982091240e+00 -5.955052244121250560e-01 -1.828983474982091240e+00 1.967082379608599751e+01
2.955775512754615875e+01 1.267431558442223105e+00 2.619609479068668811e+00 1.267431558442223105e+00 2.842880834336965989e+01 -7.864402917198531906e-01 2.619609479068668811e+00 -7.864402917198531906e-01 2.297659962939483336e+01
2.696589011026106775e+01 1.823945770410946021e-01 1.926970795725646335e+00 1.823945770410946021e-01 1.594527624473031580e+01 2.876598506728544336e-01 1.926970795725646335e+00 2.876598506728544336e-01 2.876749147149549657e+01
2.193209904352693229e+01 1.718658224470423601e+00 1.755233071164236103e+00 1.718658224470423601e+00 2.780638355866198452e+01 -1.764409244030771484e+00 1.755233071164236103e+00 -1.764409244030771484e+00 2.446903474262463263e+01
2.903910083455248170e+01 1.407953074376874225e+00 8.824251576733799229e-01 1.407953074376874225e+00 2.785083053446314238e+01 -1.358175836480097098e+00 8.824251576733799229e-01 -1.358175836480097098e+00 2.720263522179017102e+01
3.187497221181199691e+01 1.532789251154772270e+00 2.396786601567262309e+00 1.532789251154772270e+00 2.976109236697949356e+01 -7.778789953305695892e-01 2.396786601567262309e+00 -7.778789953305695892e-01 2.856128609563418408e+01
1.858459950539775107e+01 1.761541244114469995e+00 1.731906671844981815e+00 1.761541244114469995e+00 2.486009295210770986e+01 -2.116081681528937164e+00 1.731906671844981815e+00 -2.116081681528937164e+00 1.788694354366823447e+01
1.951983210077907671e+01 2.222730466745177047e+00 9.989178119946615642e-01 2.222730466745177047e+00 2.775593092268391260e+01 -1.468554380692037808e+00 9.989178119946615642e-01 -1.468554380692037808e+00 2.041390544453158284e+01
2.412934417693085010e+01 2.372709028602485226e+00 2.048838920025173316e+00 2.372709028602485226e+00 3.183907445673971637e+01 -1.967153711334844290e+00 2.048838920025173316e+00 -1.967153711334844290e+00 2.771398693038449323e+01
2.642135666504940161e+01 8.500976842409704859e-02 1.985087025437014985e+00 8.500976842409704859e-02 1.583658108581187207e+01 -1.798146838495712219e-01 1.985087025437014985e+00 -1.798146838495712219e-01 2.605197966543494914e+01
2.374113731681842054e+01 2.276403738882235128e+00 1.617861342272350456e+00 2.276403738882235128e+00 3.171422433024640597e+01 -2.099342165854782838e+00 1.617861342272350456e+00 -2.099342165854782838e+00 2.764746565294838732e+01
2.188003271668820560e+01 1.499451711464649284e+00 1.689153496973265556e+00 1.499451711464649284e+00 2.820072641282532544e+01 -1.308438636442061931e+00 1.689153496973265556e+00 -1.308438636442061931e+00 2.531345524932477886e+01
2.287368053843636062e+01 1.658072082954956672e+00 1.682865300141851650e+00 1.658072082954956672e+00 2.914763439713154725e+01 -1.312245513942904562e+00 1.682865300141851650e+00 -1.312245513942904562e+00 2.791833971658874702e+01
2.084547067252677621e+01 2.243670525381715741e+00 2.183841525705783493e+00 2.243670525381715741e+00 2.907599411713209747e+01 -2.024082784814728253e+00 2.183841525705783493e+00 -2.024082784814728253e+00 2.120513817086839836e+01
2.448825429996010072e+01 2.390103110776518047e+00 1.544171461879622287e+00 2.390103110776518047e+00 3.226028280546330507e+01 -1.970905912882406241e+00 1.544171461879622287e+00 -1.970905912882406241e+00 2.968937504511554337e+01
1.522342627876516197e+01 2.190407878414016629e+00 6.922720605213811274e-01 2.190407878414016629e+00 2.395500368002567981e+01 -1.383273920518879541e+00 6.922720605213811274e-01 -1.383273920518879541e+00 1.397767893996788402e+01
2.696589011026106775e+01 1.823945770410946021e-01 1.926970795725646335e+00 1.823945770410946021e-01 1.594527624473031580e+01 2.876598506728544336e-01 1.926970795725646335e+00 2.876598506728544336e-01 2.876749147149549657e+01
-8.312041607833627055e-02 1.459087958782418593e+00 -4.963999530462964715e-01 1.459087958782418593e+00 2.566098313396870112e-01 -9.643966151903111961e-03 -4.963999530462964715e-01 -9.643966151903111961e-03 7.409102904691621916e+00
2.430657524460046659e+01 1.493675312040322334e+00 4.319728744548502197e-01 1.493675312040322334e+00 2.418060383476119668e+01 -5.574677292389439431e-01 4.319728744548502197e-01 -5.574677292389439431e-01 2.062494005970825839e+01
2.065080696723948250e+01 2.291991070311089729e+00 -3.725264536451832198e-01 2.291991070311089729e+00 2.946739655356251220e+01 -2.280789215690985472e+00 -3.725264536451832198e-01 -2.280789215690985472e+00 2.151239712259458514e+01
2.448825429996010072e+01 2.390103110776518047e+00 1.544171461879622287e+00 2.390103110776518047e+00 3.226028280546330507e+01 -1.970905912882406241e+00 1.544171461879622287e+00 -1.970905912882406241e+00 2.968937504511554337e+01
