8.731551427039243585e-01 -4.239630616130955487e-01 -2.422514065266730743e+00 -4.239630616130955487e-01 -1.873846074494020852e+00 8.328772344149117102e-02 -2.422514065266730743e+00 8.328772344149117102e-02 -1.690678605896949627e+00
8.977938095144921249e+00 -1.594301577502245992e+00 3.160447762496257695e+00 -1.594301577502245992e+00 6.605334832927787225e+00 -3.931007209616077525e+00 3.160447762496257695e+00 -3.931007209616077525e+00 1.094752891287402896e+01
9.853929299462873104e+00 -7.298097835874026718e-01 -3.260856951250281632e+00 -7.298097835874026718e-01 5.886129938731109235e+00 4.738161153175761697e+00 -3.260856951250281632e+00 4.738161153175761697e+00 -3.412599737573037695e-01
1.685233155350137935e+01 4.565604155844814827e+00 -5.068033838730945817e+00 4.565604155844814827e+00 1.331145981819268442e+01 4.197262114260356114e+00 -5.068033838730945817e+00 4.197262114260356114e+00 1.837517814918921388e+01
3.576114141760226683e+00 -1.208627913390544206e+00 -3.772803075234240744e+00 -1.208627913390544206e+00 6.450707450909005658e+00 -4.614918965171477261e+00 -3.772803075234240744e+00 -4.614918965171477261e+00 1.881380424707591148e+00
