-3.470888430961067694e+00 -2.157833987602245429e+00 -1.341575476559647262e+00 -2.157833987602245429e+00 -4.105780266270698142e+00 5.442669385543311478e+00 -1.341575476559647262e+00 5.442669385543311478e+00 -1.089261070480788263e+01
-1.467195522118909423e+01 -1.927536268902787286e+00 -2.111974678032603470e-01 -1.927536268902787286e+00 -4.835923530507824530e+00 2.995338106246962617e+00 -2.111974678032603470e-01 2.995338106246962617e+00 -8.644983661390275742e+00
-1.502786853101308928e+01 -3.548026825969893938e+00 -6.554978849038849420e-01 -3.548026825969893938e+00 -5.156846510972598274e+00 2.517124556763141729e-01 -6.554978849038849420e-01 2.517124556763141729e-01 -8.501523311017461282e+00
-5.290337186113560186e+00 5.107223144480428800e+00 -2.041219184412182752e+00 5.107223144480428800e+00 1.184407045774183587e+01 -7.637855296223502677e+00 -2.041219184412182752e+00 -7.637855296223502677e+00 1.339930295595712373e+01
-5.018493003218374326e+00 3.773112406541644592e+00 3.350234133258654712e+00 3.773112406541644592e+00 7.826141339885325898e+00 -9.850266288943965165e+00 3.350234133258654712e+00 -9.850266288943965165e+00 -2.173784091729818346e+00
-8.874166495440231728e+00 -1.092071973530894802e+00 3.434613717745735872e+00 -1.092071973530894802e+00 -1.045936076377355128e+01 -3.785421636954248381e+00 3.434613717745735872e+00 -3.785421636954248381e+00 -1.658255457854924231e+01
-3.120300561220868740e+00 -2.836850972252026981e+00 -8.061941983824894464e+00 -2.836850972252026981e+00 1.092458707238276006e+01 3.718528796341729059e+00 -8.061941983824894464e+00 3.718528796341729059e+00 -4.037021417633613218e+00
-1.208220607627975873e+01 -3.776188003754529898e+00 2.442583707140131288e+00 -3.776188003754529898e+00 4.041627556896544959e+00 -5.820197316770927110e+00 2.442583707140131288e+00 -5.820197316770927110e+00 -6.633078687682051999e+00
-7.945547987027357983e+00 -5.788615451062207873e-01 1.581786653267031939e+00 -5.788615451062207873e-01 -1.283430007061015843e+01 5.094185242157294180e-01 1.581786653267031939e+00 5.094185242157294180e-01 -2.033665047269781923e+00
-5.125834823355305048e+00 2.017768242557664848e+00 4.657691667433899951e+00 2.017768242557664848e+00 1.973245514937449041e+00 -5.131642022278242621e+00 4.657691667433899951e+00 -5.131642022278242621e+00 6.715041172879420373e+00
9.281608576319486659e-01 -3.502677583145061835e+00 -2.819058929699146621e+00 -3.502677583145061835e+00 3.140753450410916248e+00 1.269968286015342951e+00 -2.819058929699146621e+00 1.269968286015342951e+00 4.837198906005482080e+00
-5.435246485190239341e+00 -8.514380247793667422e+00 -1.651719254906145906e+00 -8.514380247793667422e+00 1.403208243232884067e+00 -5.054390864094101765e+00 -1.651719254906145906e+00 -5.054390864094101765e+00 -8.421195427425947067e-01
4.560125551724095061e+00 -3.607351224935166911e+00 4.909337408909409284e+00 -3.607351224935166911e+00 1.397765402078840502e+01 -7.032635737975193591e-01 4.909337408909409284e+00 -7.032635737975193591e-01 9.081948215950761849e+00
1.720883027146454358e+00 -1.763847478828761028e+00 -5.770309489402126069e+00 -1.763847478828761028e+00 1.376595015324210580e+00 2.289307255991080758e+00 -5.770309489402126069e+00 2.289307255991080758e+00 -4.227346313401445066e+00
5.261860611919548791e-01 5.088266754396828517e+00 3.425198892022116581e+00 5.088266754396828517e+00 1.882785377586288833e+00 1.037739651114535988e+01 3.425198892022116581e+00 1.037739651114535988e+01 -3.549941986131444960e+00
4.009081520157957712e+00 -2.090489060699835200e+00 2.055747545893273021e+00 -2.090489060699835200e+00 -1.338071089931904822e+01 -2.786926910213237463e+00 2.055747545893273021e+00 -2.786926910213237463e+00 -1.749777392236092766e+01
8.357168545341099986e+00 2.329729028185136386e+00 4.602800307785436251e-01 2.329729028185136386e+00 1.353966591949046361e+01 8.802018642566975970e+00 4.602800307785436251e-01 8.802018642566975970e+00 -5.077812286672011233e+00
-2.985849344913825920e+00 -2.491322433012910675e+00 -1.763788154405041553e+00 -2.491322433012910675e+00 -7.083571821612108188e+00 2.536213618380771528e+00 -1.763788154405041553e+00 2.536213618380771528e+00 -5.603178782883064812e+00
3.825427607810116371e+00 -7.764224866065543296e+00 1.300754873427280689e+00 -7.764224866065543296e+00 1.525181946121219667e+01 -1.529267718138228038e-01 1.300754873427280689e+00 -1.529267718138228038e-01 1.681461425172983415e-01
-1.217499888995352109e+01 -4.120659247855336993e+00 7.615303057969128320e-01 -4.120659247855336993e+00 -8.572916653923423169e+00 -9.821384346046475144e+00 7.615303057969128320e-01 -9.821384346046475144e+00 -1.151846574539469792e+01
2.001102759021303523e+00 -2.995122458545113608e-01 -4.692143388800952941e+00 -2.995122458545113608e-01 -7.045468983942586583e+00 -1.492248296808623476e+00 -4.692143388800952941e+00 -1.492248296808623476e+00 3.910018648673839192e-01
-7.644579136996097368e+00 6.939566592363020092e-01 -3.132375170225369487e+00 6.939566592363020092e-01 -2.050531142943355256e+00 1.630927863549664902e+00 -3.132375170225369487e+00 1.630927863549664902e+00 -4.621601424864597796e+00
4.158538715498527161e+00 2.846415901143769744e+00 2.580468020043602984e+00 2.846415901143769744e+00 6.049869608986124803e+00 -3.351820334740279073e+00 2.580468020043602984e+00 -3.351820334740279073e+00 3.971111853749131004e+00
-4.469707849172347203e+00 2.146994741550757091e+00 5.130532463873134219e-01 2.146994741550757091e+00 1.689725170790257636e+00 -4.085255769038574236e+00 5.130532463873134219e-01 -4.085255769038574236e+00 -7.662127793099077877e+00
-4.867670086203423452e+00 1.130737992384596602e+01 9.743404615342770025e-01 1.130737992384596602e+01 1.040299973207568840e+01 5.440263386215603292e-02 9.743404615342770025e-01 5.440263386215603292e-02 -6.118439747090039127e+00
-1.120967297589135647e+01 -6.502208891024194859e-01 -6.961424682419814491e-01 -6.502208891024194859e-01 3.268238975991004214e+00 2.693518953885294387e-01 -6.961424682419814491e-01 2.693518953885294387e-01 -8.046514154754209613e+00
-3.170047074184111580e+00 7.048533169250227326e-01 1.059825627091800282e+00 7.048533169250227326e-01 4.072111632428255135e+00 5.204248130547562967e-01 1.059825627091800282e+00 5.204248130547562967e-01 4.995690414414290181e+00
1.060126609439955736e+00 -2.115547698175046953e+00 -1.967163586594505631e+00 -2.115547698175046953e+00 9.678101373261695173e+00 1.171019711515874084e-01 -1.967163586594505631e+00 1.171019711515874084e-01 6.105025186194901199e-01
-2.100809559914402769e+00 -6.888464722673807827e+00 2.629406003278314419e+00 -6.888464722673807827e+00 -1.255070232771196359e+01 -4.934932493443455748e+00 2.629406003278314419e+00 -4.934932493443455748e+00 -3.451775342459777018e+00
-5.837144689473978687e+00 -3.526173347088426002e+00 8.342061013842146933e-01 -3.526173347088426002e+00 9.176876288688666783e-01 4.577549787784354507e+00 8.342061013842146933e-01 4.577549787784354507e+00 -6.029376061554501121e+00
-7.254919388662451674e+00 -3.268292578854620878e+00 -1.176295602151609332e+00 -3.268292578854620878e+00 -7.880724073918575101e+00 -5.443767370056475929e-01 -1.176295602151609332e+00 -5.443767370056475929e-01 -3.778197914975198302e+00
-1.191790028166319892e+01 6.396980592076706440e-01 -8.368716330377817814e-01 6.396980592076706440e-01 1.683133785158301521e+01 7.907892754110457112e+00 -8.368716330377817814e-01 7.907892754110457112e+00 -2.993503710960832009e+00
1.483801539878847553e+00 -4.123632537031808321e-01 -1.955245359631831992e+00 -4.123632537031808321e-01 -1.113860355870033292e+00 3.942546433456770583e+00 -1.955245359631831992e+00 3.942546433456770583e+00 -3.592561240911286813e+00
-4.888915059154433362e-01 -2.736169160548247881e+00 4.254149923085144280e+00 -2.736169160548247881e+00 -5.094170323252860122e+00 -3.028010838598087950e+00 4.254149923085144280e+00 -3.028010838598087950e+00 -6.983342859515340173e+00
-9.392007463695319913e+00 2.424864983503198790e-01 4.326880391578199259e+00 2.424864983503198790e-01 -4.134734092171690051e-02 5.085114606845301255e-01 4.326880391578199259e+00 5.085114606845301255e-01 -6.927893629999208436e+00
-7.640247239828982018e+00 -5.163274794429012493e-01 7.813248619237964654e+00 -5.163274794429012493e-01 8.849785682530418640e+00 -3.681624562065845652e+00 7.813248619237964654e+00 -3.681624562065845652e+00 -3.469912242285010606e+00
-2.680099598555273133e+00 -3.700123877293987729e+00 -5.234585258704557376e+00 -3.700123877293987729e+00 1.165470169074702511e+01 4.159883027341271244e+00 -5.234585258704557376e+00 4.159883027341271244e+00 -2.297465139578437565e+00
-8.486219450586242274e+00 3.859730486906908009e+00 1.890633934313839526e-01 3.859730486906908009e+00 -9.959399668079868206e+00 -2.501149907167120379e+00 1.890633934313839526e-01 -2.501149907167120379e+00 -7.217447855369482745e+00
-5.687968640210553373e-01 -4.519277162135513781e-01 -4.684391040491322933e+00 -4.519277162135513781e-01 -3.457303404510101874e+00 -5.821542984561378198e+00 -4.684391040491322933e+00 -5.821542984561378198e+00 2.791310225037148207e+00
1.336524266346589274e+00 2.667614880666079991e+00 -1.035883518906567957e+01 2.667614880666079991e+00 -2.650919814096642790e-01 7.345341530047003742e-01 -1.035883518906567957e+01 7.345341530047003742e-01 8.122435713686938286e+00
-3.620754462294180520e+00 -2.700039106044557435e+00 -1.254612446702889095e+01 -2.700039106044557435e+00 -2.657454573625723349e+00 -6.122481184040704516e-01 -1.254612446702889095e+01 -6.122481184040704516e-01 1.690054509724841125e+01
-8.564989793465334955e+00 1.207995477612320734e+00 -3.051155072984108596e+00 1.207995477612320734e+00 -2.103151702432517478e+00 5.217553782524726458e+00 -3.051155072984108596e+00 5.217553782524726458e+00 -5.791897084761634673e+00
-2.065184058523405142e+00 -8.076574153525385213e+00 -2.011698006715859854e+00 -8.076574153525385213e+00 -2.968356008517498701e+00 1.093853511630299202e+00 -2.011698006715859854e+00 1.093853511630299202e+00 -6.460152305175899556e+00
-3.647316405490552693e+00 1.019895106296310416e+00 -9.691856528948007421e-01 1.019895106296310416e+00 -4.533065277794694481e+00 -1.511202281237309597e+00 -9.691856528948007421e-01 -1.511202281237309597e+00 -6.179372222180329999e+00
1.043775523336531563e+01 3.410645254661438752e+00 -1.044358678179644251e+01 3.410645254661438752e+00 2.238477128806313221e+00 2.269085074870224261e+00 -1.044358678179644251e+01 2.269085074870224261e+00 -4.074786783051517425e+00
8.750203846510485883e-01 -3.443994182151969424e-02 -2.707478835139858653e+00 -3.443994182151969424e-02 -6.891947132853530000e+00 -2.257343225212948390e+00 -2.707478835139858653e+00 -2.257343225212948390e+00 5.157347673774701456e-03
2.816022103665528409e+00 -3.350693802973051749e+00 7.809292682905283556e+00 -3.350693802973051749e+00 8.536731051803812420e+00 -9.244004593907966694e+00 7.809292682905283556e+00 -9.244004593907966694e+00 1.294382657029602512e+01
-7.900725151603137375e-01 2.317515998423138157e+00 -6.328819371735090904e+00 2.317515998423138157e+00 -2.299597628506846458e+00 9.472191947016572744e-01 -6.328819371735090904e+00 9.472191947016572744e-01 6.424205816117440015e+00
-3.060519456677982308e+00 -4.616446787982813937e+00 -1.286899592574135553e+01 -4.616446787982813937e+00 7.408348199636907161e-01 2.442270348278564374e+00 -1.286899592574135553e+01 2.442270348278564374e+00 9.450297079564212055e+00
-6.929809716200026060e+00 1.069791104374671065e+00 -2.588989926401639163e+00 1.069791104374671065e+00 -2.833158659873460383e+00 -4.608331762567219769e+00 -2.588989926401639163e+00 -4.608331762567219769e+00 3.535310901328220456e+00
5.627562670967688474e-01 -3.789621965763790179e+00 -7.622001269590674699e-01 -3.789621965763790179e+00 1.570554317536191391e+01 -1.595128822897876164e+00 -7.622001269590674699e-01 -1.595128822897876164e+00 -1.306484959932847412e+00
