-9.405557784287752465e-01 2.355872324818627739e+00 -1.028521813782149685e+00 2.355872324818627739e+00 -3.949212951997017829e+00 1.588530797141775075e+01 -1.028521813782149685e+00 1.588530797141775075e+01 1.266187607709560758e+01
-2.149174068304153362e+00 1.188687697903803198e+01 1.305785606208424099e+01 1.188687697903803198e+01 -2.254282076073506946e+00 5.846148712232799305e-01 1.305785606208424099e+01 5.846148712232799305e-01 -7.161889572915247193e+00
4.800162060024420363e+00 -4.029564692770248868e+00 -1.065362867376136613e+01 -4.029564692770248868e+00 1.285129421906586700e+01 5.604862835014386313e+00 -1.065362867376136613e+01 5.604862835014386313e+00 3.368901627856702774e+00
1.060701135414820229e+01 3.926012657185970145e+00 -2.204582249255377935e-01 3.926012657185970145e+00 1.160956761315449981e+01 1.431893164761542492e+00 -2.204582249255377935e-01 1.431893164761542492e+00 -8.732775956867969924e+00
1.756129705022549503e+00 -8.993367276169518254e-01 -3.664396570602782344e+00 -8.993367276169518254e-01 4.739977105143267089e+00 6.632033870278005727e-01 -3.664396570602782344e+00 6.632033870278005727e-01 1.011146198584300393e+01
2.029845807718446338e+01 -1.307660341571336815e+01 3.363724589565103784e+00 -1.307660341571336815e+01 1.595713556709975833e+01 7.303245843357089484e+00 3.363724589565103784e+00 7.303245843357089484e+00 8.808279801001956955e-01
-3.876155113514723194e+00 5.393835489282949425e+00 -1.233391543164970461e+00 5.393835489282949425e+00 1.504013932263747222e+01 -7.007720301422615705e+00 -1.233391543164970461e+00 -7.007720301422615705e+00 -2.073509934866963444e+00
2.008884914127508381e+01 -1.385384503649325794e+01 -5.473844512621935721e+00 -1.385384503649325794e+01 2.808040647978679871e+01 7.131629959813647446e+00 -5.473844512621935721e+00 7.131629959813647446e+00 1.961795008091193182e+01
-4.619545553401864346e+00 4.140448668493976747e+00 6.155706398258408818e+00 4.140448668493976747e+00 3.333202897273617626e+00 4.765073620416858446e+00 6.155706398258408818e+00 4.765073620416858446e+00 3.110004428907597429e+00
4.990502117562783724e+00 -1.339335601180259072e+00 2.448006053472259413e+00 -1.339335601180259072e+00 1.928259582728868882e+00 9.280362701303202400e+00 2.448006053472259413e+00 9.280362701303202400e+00 5.229337422205461827e+00
4.010371349199094482e+01 -8.116678046072129504e+00 -1.567200661154007157e+01 -8.116678046072129504e+00 1.851410605832793976e+01 4.634417876813269999e+00 -1.567200661154007157e+01 4.634417876813269999e+00 1.541530500010729732e+01
-1.569682193818714566e+01 3.759384464920911384e+00 2.120359380452100151e+00 3.759384464920911384e+00 -1.581196985412068834e+01 -1.663938564217053440e+00 2.120359380452100151e+00 -1.663938564217053440e+00 -6.119593086343610544e+00
-1.970642292079559610e+01 -1.068377031922085552e+00 6.306689303931012347e+00 -1.068377031922085552e+00 -5.421015098103701968e-01 -1.499585055624775620e+01 6.306689303931012347e+00 -1.499585055624775620e+01 5.042881579600903663e+00
