-1.022436016855849061e+01 -2.841720637361013324e+00 -2.876730233601967335e+00 -2.841720637361013324e+00 -5.267681141761859642e+00 6.419208540208016345e+00 -2.876730233601967335e+00 6.419208540208016345e+00 -1.177881104970121307e+01
1.571826908875971363e+01 2.843425846724362049e+00 -3.445455641720358564e-01 2.843425846724362049e+00 4.195638180100615067e+00 -2.421170281257514212e+00 -3.445455641720358564e-01 -2.421170281257514212e+00 4.362210132087476211e+00
-3.632184786381907671e+00 -3.645531022175411140e-01 -6.227305212917945809e+00 -3.645531022175411140e-01 4.034404882951078797e+00 2.832135287867658668e+00 -6.227305212917945809e+00 2.832135287867658668e+00 -1.851056343104255486e+00
1.223868976115501184e+01 3.547460962160686737e+00 2.130467108473122817e+00 3.547460962160686737e+00 2.114104107429624335e+01 3.836122764906117144e+00 2.130467108473122817e+00 3.836122764906117144e+00 1.394706836088515267e+01
1.642550052344246225e+01 -2.376013351837535037e+00 -1.462320694526586973e+00 -2.376013351837535037e+00 1.803086834013392981e+00 -2.303597377938696678e+00 -1.462320694526586973e+00 -2.303597377938696678e+00 1.199342577959973344e+00
-1.632150233710827791e+00 -2.566936161089326429e+00 4.347665726864855529e+00 -2.566936161089326429e+00 9.055948895703018475e-02 -4.033381363375689865e+00 4.347665726864855529e+00 -4.033381363375689865e+00 5.381955290257868896e+00
2.069776735568651560e+01 9.285593266959801806e-01 -1.905880798018618760e+00 9.285593266959801806e-01 2.870525519353759236e+01 4.917997180770261600e+00 -1.905880798018618760e+00 4.917997180770261600e+00 2.279693721292045083e+01
1.305314865495157939e+01 -2.096149125341841557e-01 -1.371439703303576341e+00 -2.096149125341841557e-01 1.339197388744533868e+01 3.854197439574108763e+00 -1.371439703303576341e+00 3.854197439574108763e+00 1.007693509844106039e+01
