1.137081160402555469e+01 -7.597369409798227835e+00 6.671469621826960683e+00 -7.597369409798227835e+00 4.863338388742487695e+00 -1.276200896412363894e+00 6.671469621826960683e+00 -1.276200896412363894e+00 -4.462307549835608178e+00
-2.368413845427599806e+00 5.338855518963672608e+00 -5.079854521140380053e-01 5.338855518963672608e+00 -2.374524299386892245e+00 3.667375345604350634e-01 -5.079854521140380053e-01 3.667375345604350634e-01 -6.890568903915096355e-01
-6.646321580634847459e-01 -4.323798195347631435e+00 1.760797752997870003e+00 -4.323798195347631435e+00 6.055821272162918989e-01 4.875646028384174713e+00 1.760797752997870003e+00 4.875646028384174713e+00 -6.477150095356040360e+00
5.053602738467920297e+00 -2.724981839813013007e+00 8.935081775741641863e+00 -2.724981839813013007e+00 1.537930447050009697e+00 -3.393183667844447138e-01 8.935081775741641863e+00 -3.393183667844447138e-01 1.745797813443508772e+01
-1.249796592229844094e+01 -4.498810994202344204e+00 -7.071665559536626233e-01 -4.498810994202344204e+00 -4.739407489009770380e+00 2.090763792416056255e+00 -7.071665559536626233e-01 2.090763792416056255e+00 -1.219833263089664932e+01
1.672582166256236746e+01 4.208942313161281312e+00 5.333381205329030372e+00 4.208942313161281312e+00 -2.898649673317884812e+00 8.768495672169921429e-01 5.333381205329030372e+00 8.768495672169921429e-01 -5.433483578266411484e+00
1.641464288227864543e+01 4.736627927736708266e+00 4.707904579525839850e+00 4.736627927736708266e+00 6.702905496430281218e+00 3.407571201504805636e+00 4.707904579525839850e+00 3.407571201504805636e+00 2.115701663779868369e+01
-5.342287242878088094e+00 -4.595904576637170891e+00 4.778090957494090518e-01 -4.595904576637170891e+00 2.453417734762963764e+00 6.261739345852537220e+00 4.778090957494090518e-01 6.261739345852537220e+00 -2.543478224066174409e+00
-1.145040736118892788e+00 -7.080697033021220221e+00 -5.696788651437360684e+00 -7.080697033021220221e+00 -2.895588920403461941e+00 4.662344634353240203e+00 -5.696788651437360684e+00 4.662344634353240203e+00 4.032145641907842748e-01
