1.212815069887667896e+01 -6.155338796392410217e+00 4.674852020607142222e+00 -6.155338796392410217e+00 1.092165122107293307e+01 -7.862224041129552532e+00 4.674852020607142222e+00 -7.862224041129552532e+00 1.017840735352097425e+01
-3.454394943232095283e+00 7.087076277409627423e-01 5.751828748623442955e+00 7.087076277409627423e-01 -4.738089913009843279e+00 -4.665435187827272068e-01 5.751828748623442955e+00 -4.665435187827272068e-01 -1.157831149064585041e+01
-1.074291750266010759e+00 3.618926837955361631e+00 6.712009036090020864e+00 3.618926837955361631e+00 -2.955462069296579952e-01 1.321307019477965916e+00 6.712009036090020864e+00 1.321307019477965916e+00 -6.399452222030023174e-01
-1.792520133523652026e+00 -3.951460352277641475e-01 -2.950092503683124923e-01 -3.951460352277641475e-01 2.495826273723813937e+00 -7.001819976346522090e+00 -2.950092503683124923e-01 -7.001819976346522090e+00 2.172487293358039473e+00
2.210413580698542102e+00 2.631902808376682223e+00 -5.775573115746364117e-01 2.631902808376682223e+00 -2.695751290634615938e+00 -6.793502105690595316e-01 -5.775573115746364117e-01 -6.793502105690595316e-01 6.391877534138493466e+00
2.379833731625029358e+01 -3.074377606902148674e+00 4.772519195742289000e+00 -3.074377606902148674e+00 2.089361700666229993e+01 -2.974432344024023678e+00 4.772519195742289000e+00 -2.974432344024023678e+00 2.552805530521998989e+01
