8.046015688904876839e+00 2.791981798834099582e+00 -1.194384426099546870e+00 2.791981798834099582e+00 9.824823412261526556e+00 -9.332777452430895959e-01 -1.194384426099546870e+00 -9.332777452430895959e-01 8.341485785459724411e+00
1.044762209142078468e+01 4.011396361042415926e+00 -3.315210294404328240e-01 4.011396361042415926e+00 2.774683105788643966e-01 4.118238371393788677e-01 -3.315210294404328240e-01 4.118238371393788677e-01 4.718880995572620307e+00
-1.245687625552900288e-02 2.633369130683762549e-01 -7.818768235543684497e+00 2.633369130683762549e-01 -9.717649203059014695e+00 -3.987562704672981351e+00 -7.818768235543684497e+00 -3.987562704672981351e+00 5.261928552890950073e+00
-7.630417095914274306e+00 -9.835464221337282265e-01 -2.782423071167979600e+00 -9.835464221337282265e-01 -9.000442403056551299e+00 -2.387255810539877565e+00 -2.782423071167979600e+00 -2.387255810539877565e+00 -2.501432647098994266e+00
2.537419492877825888e+01 -2.663620662606792422e+00 8.585535101394073942e-01 -2.663620662606792422e+00 2.242397830181015550e+01 -2.455424652204966751e+00 8.585535101394073942e-01 -2.455424652204966751e+00 3.328083401876871505e+01
-1.326194130632292856e+00 5.131575050758074852e-01 -6.240413521009103848e-01 5.131575050758074852e-01 -4.202191881189960121e+00 -8.290398076395747440e-01 -6.240413521009103848e-01 -8.290398076395747440e-01 1.340342979724087114e+00
-7.368597408907627155e+00 1.592748056835102011e+00 5.619201953943306904e-01 1.592748056835102011e+00 -7.398917253112240466e+00 -4.439866411541822377e-01 5.619201953943306904e-01 -4.439866411541822377e-01 -1.015112934289174795e+01
-7.282157413432561732e+00 2.396960678389109312e+00 5.693251699246387049e-02 2.396960678389109312e+00 -6.392143179351430504e+00 -9.146207516510289626e-01 5.693251699246387049e-02 -9.146207516510289626e-01 -2.440995718506717260e+00
-2.543990542993747273e+00 -2.166581597703139739e+00 -5.947986599540215913e-01 -2.166581597703139739e+00 -1.146505179756847959e+01 -5.918676791131749493e-02 -5.947986599540215913e-01 -5.918676791131749493e-02 -3.764309247367388256e+00
3.123068521700469002e+00 4.000064284538503045e+00 1.845810333703064465e+00 4.000064284538503045e+00 -6.074584853212202873e+00 -1.141454250934579445e-01 1.845810333703064465e+00 -1.141454250934579445e-01 2.901004940210627936e+00
-5.902190289287442049e+00 -1.681386926908629897e+00 3.316537262443125744e+00 -1.681386926908629897e+00 -6.619734061102027667e+00 -1.518002380435734100e+00 3.316537262443125744e+00 -1.518002380435734100e+00 -9.336817690467380970e+00
8.064265856074246397e-01 2.870876114179532923e+00 3.296914572771186602e+00 2.870876114179532923e+00 9.250140496691017233e-01 3.913148083379670350e+00 3.296914572771186602e+00 3.913148083379670350e+00 1.977234471739744848e+01
-8.084893858065019145e+00 1.841333306100057632e+00 -5.733080371218547411e-01 1.841333306100057632e+00 -7.224144864911820285e+00 -1.336419235794913618e+00 -5.733080371218547411e-01 -1.336419235794913618e+00 -7.224476770511587986e+00
2.339541566971814746e+01 2.045299905600460821e+00 -1.527970120386131225e-01 2.045299905600460821e+00 2.312024730333384426e+01 -3.894097960990164253e+00 -1.527970120386131225e-01 -3.894097960990164253e+00 1.635040691448076444e+01
4.003793220759317428e+00 3.629001775169677479e+00 4.668807471769972572e+00 3.629001775169677479e+00 -3.944448655154818795e+00 1.555725234226259746e+00 4.668807471769972572e+00 1.555725234226259746e+00 5.986698801249106250e-01
2.641046848147437132e+01 -2.056309811000648136e+00 -2.413105460857835061e-01 -2.056309811000648136e+00 2.377165068379754587e+01 -1.170026762099895645e+00 -2.413105460857835061e-01 -1.170026762099895645e+00 1.652760685563017873e+01
