7.305467078520416990e+00 -1.232986282162539027e+00 4.127254126247265065e-01 -1.232986282162539027e+00 4.982853217371977506e-01 -2.204222365928704352e+00 4.127254126247265065e-01 -2.204222365928704352e+00 3.811799389811017846e+00
7.360287232731383078e+00 6.099230432294339144e-01 -1.834444561993909539e-01 6.099230432294339144e-01 4.565489556170974517e+00 -1.170907774616043451e+00 -1.834444561993909539e-01 -1.170907774616043451e+00 3.343311054502959845e+00
3.961228429928206118e+00 -1.721469443420506895e-01 1.308494043736389001e+00 -1.721469443420506895e-01 8.011917971670644789e+00 6.625313123001866367e-02 1.308494043736389001e+00 6.625313123001866367e-02 8.612127933949528469e+00
-2.250061216339889203e+00 7.454486936152115995e-01 3.840769582594079079e+00 7.454486936152115995e-01 3.131106486684920309e+00 -1.491991192977183633e+00 3.840769582594079079e+00 -1.491991192977183633e+00 2.875067602271807576e+00
1.512079718842091802e+00 1.969724402603190150e+00 -1.733184527488538795e-01 1.969724402603190150e+00 9.825822004794970255e+00 2.200901892216142741e+00 -1.733184527488538795e-01 2.200901892216142741e+00 1.665216733695558915e+01
-4.798486526434504462e+00 1.823326449796850657e+00 -6.701202545789501919e+00 1.823326449796850657e+00 -5.162043507299282297e+00 2.228206547455013453e+00 -6.701202545789501919e+00 2.228206547455013453e+00 1.664558638207611807e+01
-9.946354979419520959e+00 -7.459028178063692449e-01 -1.194085882464526183e+00 -7.459028178063692449e-01 -3.174645100912196316e+00 -5.906641944849473802e+00 -1.194085882464526183e+00 -5.906641944849473802e+00 7.065172971902710763e+00
8.967606670850019057e-01 -1.475087293812141320e+00 5.906657666555905628e-01 -1.475087293812141320e+00 -4.992116529882134612e-01 -2.286639458350222753e+00 5.906657666555905628e-01 -2.286639458350222753e+00 1.272019532329528246e+01
4.873979216178489615e+00 1.505600054090546758e-01 7.659119805366342293e-01 1.505600054090546758e-01 5.307932047383198793e+00 1.902831588947690555e+00 7.659119805366342293e-01 1.902831588947690555e+00 7.092473564584399703e+00
6.607456804261252259e+00 -1.654087060494833006e+00 2.783325072957621771e+00 -1.654087060494833006e+00 -2.226854538705034692e+00 1.074353881256027821e+00 2.783325072957621771e+00 1.074353881256027821e+00 1.774989385868181557e+01
-9.722864735191382835e+00 -1.303467745198264138e+00 1.450205041918780635e-01 -1.303467745198264138e+00 -4.630095806509391565e+00 -1.466492392281386170e+00 1.450205041918780635e-01 -1.466492392281386170e+00 5.729140383161218431e+00
-3.135648872969372558e+00 1.903080576766897680e+00 -1.803579268588589413e+00 1.903080576766897680e+00 -6.449715365090530339e-02 -3.199355843919962084e+00 -1.803579268588589413e+00 -3.199355843919962084e+00 9.869094831701994863e+00
6.684058808250816774e+00 -6.362746231428746402e-01 -8.505352318025073410e-01 -6.362746231428746402e-01 5.733927091042785307e+00 2.538804505469240524e+00 -8.505352318025073410e-01 2.538804505469240524e+00 2.964254709429796186e+00
1.368294801534960525e+00 -1.764397571333427228e+00 -3.367000034825698429e-01 -1.764397571333427228e+00 -2.040472300680689521e+00 5.131685685154847576e+00 -3.367000034825698429e-01 5.131685685154847576e+00 7.989989395082409018e+00
-2.580946164445665936e+00 9.458700177764818307e-01 2.602066819539753606e+00 9.458700177764818307e-01 8.186321798217448542e-01 -1.556330985512326848e+00 2.602066819539753606e+00 -1.556330985512326848e+00 4.338457813571553467e-01
