-1.232419264022806971e+01 7.195165759668028030e-04 -8.715678972071898289e-02 7.195165759668028030e-04 -7.345001116445249778e+00 5.209837509648931192e-02 -8.715678972071898289e-02 5.209837509648931192e-02 5.953187308700814695e-01
-4.352500188094655442e+00 2.273332599677221066e-01 -3.645800187720447116e-01 2.273332599677221066e-01 2.403297070771427624e+00 9.416268726195795580e-01 -3.645800187720447116e-01 9.416268726195795580e-01 7.257273457907705838e-01
-8.310148386650185515e+00 1.305120251392209996e-01 -5.242014818953558836e-02 1.305120251392209996e-01 -5.903032344074070181e+00 -2.422380532525894581e-01 -5.242014818953558836e-02 -2.422380532525894581e-01 -1.194505608599073287e+00
-1.313351353824203205e+00 -1.124232912703219261e-01 5.815731481128739722e-01 -1.124232912703219261e-01 -1.553432298594480843e+00 7.814200326349605152e-01 5.815731481128739722e-01 7.814200326349605152e-01 -1.628953361356042240e-01
-4.823971574632525794e+00 2.921845037387129640e-01 -6.852727331850110293e-01 2.921845037387129640e-01 -5.142351655688869094e+00 -4.512223648378541063e-01 -6.852727331850110293e-01 -4.512223648378541063e-01 -1.365803204791016690e+00
-7.512907627188349924e-01 6.418381838839642972e-01 -9.422908243406422635e-01 6.418381838839642972e-01 2.565006027631043795e-01 -8.898291944180993784e-01 -9.422908243406422635e-01 -8.898291944180993784e-01 2.882046018809232724e+00
-6.555439153332977220e+00 -1.947457949507624408e-01 1.188676828089951787e+00 -1.947457949507624408e-01 -8.137693740415786081e+00 4.885003949320695371e-01 1.188676828089951787e+00 4.885003949320695371e-01 1.676369268679373525e-01
4.422563138136326621e+00 -6.909307268805665869e-02 -2.000527649074899661e-01 -6.909307268805665869e-02 3.932985796688172719e+00 4.259134275585562124e-01 -2.000527649074899661e-01 4.259134275585562124e-01 1.962074213896129127e+00
1.101246784255871303e+00 2.448341374579170449e-01 -8.016943264611324782e-01 2.448341374579170449e-01 -3.923388641830209522e+00 9.431505589298072589e-01 -8.016943264611324782e-01 9.431505589298072589e-01 -2.999971452524818005e+00
2.327020352425024807e+00 -8.529637996158804247e-01 2.576612988446067565e-01 -8.529637996158804247e-01 5.739325403615458399e-01 -6.891848089963270585e-01 2.576612988446067565e-01 -6.891848089963270585e-01 3.325377857299719242e+00
-4.412258299203777767e+00 6.357277367937009815e-01 1.771666650161543843e-01 6.357277367937009815e-01 -6.058544719911021836e+00 8.296860843877824632e-01 1.771666650161543843e-01 8.296860843877824632e-01 -1.852215736609337471e+00
-2.837017473418250280e+00 3.626136716116478143e-01 -7.791192790420560232e-01 3.626136716116478143e-01 1.672313557919520965e+00 -1.439206770286515003e+00 -7.791192790420560232e-01 -1.439206770286515003e+00 -4.654095856594274494e+00
-4.585039021234745604e+00 -1.131338380398655835e-01 -5.556440794024786189e-02 -1.131338380398655835e-01 -2.902689704946492810e+00 -1.037910517070972150e+00 -5.556440794024786189e-02 -1.037910517070972150e+00 1.865082717383954591e+00
-6.386444683609767914e+00 2.549173935322466764e-02 2.033203281017591235e-01 2.549173935322466764e-02 -5.941914773762520419e+00 -1.021113307597311913e-02 2.033203281017591235e-01 -1.021113307597311913e-02 -4.693841096257099110e+00
-3.342193303403335314e+00 -7.378710430639782991e-02 -8.538891340527680063e-01 -7.378710430639782991e-02 -6.095492054005194227e+00 -2.715645894805381322e-01 -8.538891340527680063e-01 -2.715645894805381322e-01 -8.745982844159241321e-01
-5.321227506030072441e+00 -4.507729633602786806e-02 -1.444061589568049545e-02 -4.507729633602786806e-02 -3.947073240978292930e+00 6.402017317793112783e-01 -1.444061589568049545e-02 6.402017317793112783e-01 -1.622649232124930618e+00
-2.876210992806426781e+00 -4.171151836810697566e-01 4.300096579315914047e-01 -4.171151836810697566e-01 -6.239978890644507503e-01 2.518184290785447921e-01 4.300096579315914047e-01 2.518184290785447921e-01 4.055851323100855943e+00
-2.760412809999232220e+00 9.846495614804814389e-01 7.100272978909885069e-01 9.846495614804814389e-01 -7.296051234641608652e+00 -1.181236508166763288e+00 7.100272978909885069e-01 -1.181236508166763288e+00 -4.838292694491904022e+00
-1.760115176224795741e+00 -2.401867280452300579e-01 1.079551706190787080e-01 -2.401867280452300579e-01 -2.520472436854558573e+00 3.710956863209727286e-01 1.079551706190787080e-01 3.710956863209727286e-01 -3.346702167863123467e+00
-1.297902737712327337e+00 -1.109914845389795707e-01 -3.932571409177664130e-03 -1.109914845389795707e-01 -1.788444010018461761e+00 2.174302030093596544e-02 -3.932571409177664130e-03 2.174302030093596544e-02 -1.538442491628128517e+00
-2.773218033764239365e+00 -1.437859897509654872e-01 -9.553369848242606599e-01 -1.437859897509654872e-01 -8.354818226506841583e+00 3.504010065424448817e-01 -9.553369848242606599e-01 3.504010065424448817e-01 -1.234685118509906809e+00
-6.379348481125546755e+00 5.757762845814100583e-01 -6.837735370639107524e-01 5.757762845814100583e-01 -7.862905401958689033e+00 -2.188892094686072445e-02 -6.837735370639107524e-01 -2.188892094686072445e-02 -5.459887321025481910e+00
1.842657018566925542e+00 2.742770557161858247e-01 2.255254226751297192e-02 2.742770557161858247e-01 -3.404535298097946416e+00 8.982833944313938224e-01 2.255254226751297192e-02 8.982833944313938224e-01 -1.412099116309145419e+00
2.343493828003957447e+00 -1.253366574713432324e-01 3.734794267185655436e-01 -1.253366574713432324e-01 1.843862194957538447e+00 5.271579492169720799e-02 3.734794267185655436e-01 5.271579492169720799e-02 -9.107792996882023706e-01
-5.880388250444010367e+00 7.233404277317034836e-02 4.128617669547174351e-01 7.233404277317034836e-02 -3.515278842857375352e+00 1.898334958471924683e+00 4.128617669547174351e-01 1.898334958471924683e+00 5.788134809681702464e+00
-2.655105898031587142e+00 -7.899016939164567042e-01 -1.082504754591770313e+00 -7.899016939164567042e-01 -4.634094104553727611e+00 2.302999355203508638e-02 -1.082504754591770313e+00 2.302999355203508638e-02 -4.279026450940998788e-02
-3.142686144541934734e+00 1.925482039295662792e-02 -5.604667030976275832e-01 1.925482039295662792e-02 -3.320985214228418858e+00 3.567274500960783135e-01 -5.604667030976275832e-01 3.567274500960783135e-01 -4.567961412013951339e+00
-5.583439034789789090e+00 3.641686425353318213e-01 -1.607907838423349167e+00 3.641686425353318213e-01 -6.518298017554475798e+00 -1.522263819102333791e-02 -1.607907838423349167e+00 -1.522263819102333791e-02 -7.218787652748601680e+00
-1.039656009743962706e+01 9.101754701571473927e-02 -9.348805567073702194e-03 9.101754701571473927e-02 -1.011156050121138783e+01 1.187860165819188685e-01 -9.348805567073702194e-03 1.187860165819188685e-01 -6.717285596163936390e+00
2.970589427041897768e+00 -5.890669516294116947e-02 1.457065132891750325e+00 -5.890669516294116947e-02 4.673519043145211604e+00 1.505202052906947918e-01 1.457065132891750325e+00 1.505202052906947918e-01 -5.632861568402579344e+00
-3.802049048753840754e+00 4.259592694849079209e-01 -5.908644743231571406e-01 4.259592694849079209e-01 -4.227404475227597658e+00 2.164385923392105671e+00 -5.908644743231571406e-01 2.164385923392105671e+00 -3.533720836576335955e+00
1.174116921160522242e+00 -1.009208735000373253e-01 1.528804281634774220e+00 -1.009208735000373253e-01 -2.351564056421138638e+00 2.710603905018380000e-01 1.528804281634774220e+00 2.710603905018380000e-01 -2.474892811405169812e+00
-1.338428272836532651e+00 -7.333824716791588205e-01 8.808729025273518420e-01 -7.333824716791588205e-01 -7.506730135982562224e+00 -6.993770877498207694e-01 8.808729025273518420e-01 -6.993770877498207694e-01 -2.593388154307398885e+00
1.012711460473125769e+01 7.137607263448561556e-02 6.519780938176529261e-01 7.137607263448561556e-02 9.280250708755758637e+00 -1.559541033702959711e-01 6.519780938176529261e-01 -1.559541033702959711e-01 4.667851791133821315e-01
-1.548063065287501150e+00 9.660298059925948033e-01 1.056994861086786530e+00 9.660298059925948033e-01 -5.956297051277523735e+00 -1.048699383063979917e+00 1.056994861086786530e+00 -1.048699383063979917e+00 -2.213877210505692250e-01
-2.358536897614696759e+00 1.971439632406593936e-02 -3.199114779205371462e-01 1.971439632406593936e-02 -2.471340396338265855e+00 2.188787790637755637e-01 -3.199114779205371462e-01 2.188787790637755637e-01 -3.257273160220585773e+00
4.238099050021793879e+00 5.055679650804409953e-01 1.379806538876876543e+00 5.055679650804409953e-01 -3.272812892140322116e+00 8.310918296413380979e-01 1.379806538876876543e+00 8.310918296413380979e-01 8.652532545467294112e-01
3.704087891492113371e+00 9.880966511013368481e-02 2.205976799767764840e-01 9.880966511013368481e-02 3.646200784189149502e+00 1.020803109709339962e+00 2.205976799767764840e-01 1.020803109709339962e+00 3.539420210634279584e+00
4.504785277095892049e+00 -4.476292311241253929e-01 1.384352065012524280e+00 -4.476292311241253929e-01 6.418902115658166707e+00 3.675985134920372044e-01 1.384352065012524280e+00 3.675985134920372044e-01 -2.339035619277416878e+00
-6.707491421064640136e+00 1.855739995928938277e-02 7.262382372987172263e-02 1.855739995928938277e-02 -6.333029342592682021e+00 -1.313458429769733260e-01 7.262382372987172263e-02 -1.313458429769733260e-01 -3.720421507735855560e+00
-2.384888261938034937e+00 -2.204972785340498509e-01 1.203479281956053581e+00 -2.204972785340498509e-01 -5.074220121211378220e+00 -5.275425906220978511e-01 1.203479281956053581e+00 -5.275425906220978511e-01 1.403988411613945164e+00
-8.154812554131389390e+00 1.746405147305905153e-02 -1.704293512660186027e-01 1.746405147305905153e-02 -8.196868665086538996e+00 -8.166177636660591765e-02 -1.704293512660186027e-01 -8.166177636660591765e-02 -6.659838419470253790e+00
-5.958860463078324621e+00 9.677162335961716350e-03 -7.099382461896790175e-02 9.677162335961716350e-03 -5.694728097751368345e+00 2.767016950115729901e-01 -7.099382461896790175e-02 2.767016950115729901e-01 -3.431952628170825914e+00
-5.633235173047159705e+00 3.014837957813630287e-01 -4.658554873157397802e-01 3.014837957813630287e-01 -9.523406454112482322e+00 -5.154503344258516417e-01 -4.658554873157397802e-01 -5.154503344258516417e-01 -7.498220694581663182e+00
-5.059656844071703796e-01 -8.129449724147080891e-01 -2.256288783498033579e-01 -8.129449724147080891e-01 -3.246882881889937345e+00 -2.841644349650765400e-01 -2.256288783498033579e-01 -2.841644349650765400e-01 -8.507598762573408829e-03
2.884536569030262884e-02 -8.285641298520823872e-02 2.356211520757661160e-01 -8.285641298520823872e-02 -4.353052661727603856e-01 -9.041859481706469026e-01 2.356211520757661160e-01 -9.041859481706469026e-01 -6.065807218460963490e-01
-2.140360250149882404e+00 1.667399715528241168e-04 -1.996867478068399537e-01 1.667399715528241168e-04 -2.675762298806000583e+00 -7.500862753105180802e-01 -1.996867478068399537e-01 -7.500862753105180802e-01 -2.326868026923910371e+00
-7.386518931877149363e+00 6.811278311967543242e-02 6.101572133773883744e-01 6.811278311967543242e-02 -8.148391682499195099e+00 -6.246190609236604852e-01 6.101572133773883744e-01 -6.246190609236604852e-01 -5.362373545045778123e+00
-4.500029091989597774e+00 1.363952035394183290e-02 6.493302028880196253e-02 1.363952035394183290e-02 -2.341242148813424517e+00 4.311198609386264202e-01 6.493302028880196253e-02 4.311198609386264202e-01 1.762475544879509082e+00
-7.480384087275375293e+00 -1.175716381121879733e-01 1.119053338575497075e-01 -1.175716381121879733e-01 -4.578258125850308780e+00 6.605192976039444552e-01 1.119053338575497075e-01 6.605192976039444552e-01 1.017650350540649340e+00
-3.829609233192403206e+00 -1.016403277497023583e-01 -6.301280094222683203e-01 -1.016403277497023583e-01 -7.623759977180685432e+00 2.127053685219608969e-01 -6.301280094222683203e-01 2.127053685219608969e-01 -4.621152224204048586e+00
-7.204197632400436424e-01 1.213404341938729841e-01 3.822046583410116383e-01 1.213404341938729841e-01 -6.351619093542212546e+00 6.481746500284379930e-01 3.822046583410116383e-01 6.481746500284379930e-01 1.431732222685960343e+00
-5.854402923432609818e+00 -7.614330665904056605e-02 -9.164354958478503066e-02 -7.614330665904056605e-02 -6.531917729003900774e+00 -6.573267889148001752e-02 -9.164354958478503066e-02 -6.573267889148001752e-02 -6.582098241639124936e+00
8.255032568312532515e-01 -4.925239767100053068e-01 -1.151704361066671956e+00 -4.925239767100053068e-01 -1.636412496911059833e+00 6.152883910270874335e-01 -1.151704361066671956e+00 6.152883910270874335e-01 5.940582596668063653e-01
-6.248546064664082245e+00 4.076425975462236173e-01 -5.033901172798240786e-01 4.076425975462236173e-01 -6.867868413988356124e+00 -3.542867986307585704e-01 -5.033901172798240786e-01 -3.542867986307585704e-01 -4.197025899093699941e+00
-7.760504226009454776e+00 7.299623930144973905e-01 4.098776870984540133e-01 7.299623930144973905e-01 -1.171130133559689668e+01 7.307295516048321060e-01 4.098776870984540133e-01 7.307295516048321060e-01 -5.582435931299542631e+00
-1.155971694357790236e+00 -6.316787681754736095e-02 9.931775987277650930e-02 -6.316787681754736095e-02 -1.919384999952007176e+00 7.872609433275085111e-01 9.931775987277650930e-02 7.872609433275085111e-01 -3.111717232250676091e+00
1.388328966190195191e+00 -1.248234395662306762e+00 -1.006934696867810786e+00 -1.248234395662306762e+00 -4.765189534262828097e+00 7.290104664979633053e-01 -1.006934696867810786e+00 7.290104664979633053e-01 -3.926867462967213562e+00
-8.388104108386229996e+00 9.483891344798889289e-02 2.212779647575151831e-01 9.483891344798889289e-02 -5.105123133602468499e+00 -1.235757614703971718e+00 2.212779647575151831e-01 -1.235757614703971718e+00 1.544900517657812999e+00
-2.088680990465721532e+00 4.200423433079482072e-01 1.249502953682258166e+00 4.200423433079482072e-01 3.549101433442564346e+00 3.061299284638039908e-01 1.249502953682258166e+00 3.061299284638039908e-01 -7.387284678841646857e-01
-4.140494391537170582e-01 3.143887314909443731e-01 9.825624062411731918e-01 3.143887314909443731e-01 -2.476022481144643184e+00 -6.234069207639587606e-01 9.825624062411731918e-01 -6.234069207639587606e-01 6.907046372306630211e+00
-2.200041448708650815e+00 7.256658753198957923e-02 7.798003553636249086e-01 7.256658753198957923e-02 1.771640026226370290e+00 -3.372564213793795562e-01 7.798003553636249086e-01 -3.372564213793795562e-01 -7.178777197639235830e+00
-2.404948086286801345e+00 3.773492114302243738e-01 5.811230441587318385e-01 3.773492114302243738e-01 -5.540145496171055228e+00 -2.711008804350103496e-01 5.811230441587318385e-01 -2.711008804350103496e-01 1.076700533677907412e+00
5.362940247492677059e+00 -5.321793648127096793e-02 -1.837415342471615184e-02 -5.321793648127096793e-02 5.778442101266966446e+00 -7.694439802372386727e-02 -1.837415342471615184e-02 -7.694439802372386727e-02 5.982293957037323473e+00
-4.064774302069514178e+00 2.416527995367692139e-01 -1.087758884144220284e+00 2.416527995367692139e-01 -4.313750749261091144e+00 1.685875158001395757e+00 -1.087758884144220284e+00 1.685875158001395757e+00 5.301342657443653961e-01
-7.376804962828356516e+00 -2.538415942267073233e-01 5.151988620061711543e-01 -2.538415942267073233e-01 -8.691639008801168131e+00 -2.780519196876360399e-01 5.151988620061711543e-01 -2.780519196876360399e-01 -7.405684862513047584e+00
5.637723525268499181e+00 -9.959166691811031924e-02 9.092254250528000736e-02 -9.959166691811031924e-02 5.588342258305188714e+00 3.974146255376214132e-01 9.092254250528000736e-02 3.974146255376214132e-01 5.008699715999090252e+00
-8.036856159365383334e+00 -3.245438733455149327e-01 -4.965332807886628230e-01 -3.245438733455149327e-01 -9.958627167371187028e+00 1.907090039252680169e+00 -4.965332807886628230e-01 1.907090039252680169e+00 -5.325178717206633827e+00
-3.261112736431031500e+00 5.355917689816186433e-01 -5.182534969443135520e-01 5.355917689816186433e-01 -4.895930935241298521e+00 2.884300342573160592e-01 -5.182534969443135520e-01 2.884300342573160592e-01 -2.935074549342092887e+00
4.481377531763432870e-02 8.579476442016689131e-01 8.811843255275569886e-01 8.579476442016689131e-01 -6.235304415245545684e+00 -6.889746084591036324e-02 8.811843255275569886e-01 -6.889746084591036324e-02 1.835659715702671058e+00
-4.232983717301538107e+00 -2.954549622434354261e-01 -1.339000462502384137e+00 -2.954549622434354261e-01 -4.907277168254567279e+00 8.045810442251298822e-01 -1.339000462502384137e+00 8.045810442251298822e-01 -4.697355307799858659e-01
5.446488395903409163e+00 0.000000000000000000e+00 1.414167128496800712e-05 0.000000000000000000e+00 6.191937371569842696e+00 8.485002770980806303e-06 1.414167128496800712e-05 8.485002770980806303e-06 3.844883785083299976e+00
4.024047208256807728e+00 -1.351157802077009723e-02 1.669564427738188042e-02 -1.351157802077009723e-02 3.995540534349519390e+00 -6.629268781237797059e-01 1.669564427738188042e-02 -6.629268781237797059e-01 1.912023220100963927e+00
-1.089175176678500101e+01 6.717945957978187221e-02 4.788787115269254047e-01 6.717945957978187221e-02 -5.308311347124126556e+00 -1.185166836473045826e-01 4.788787115269254047e-01 -1.185166836473045826e-01 2.711534207420875031e+00
-5.740664826874465554e+00 -1.204863732571979512e-01 -1.438007045135021089e+00 -1.204863732571979512e-01 -6.511533239267283335e+00 -2.014773327412229809e-01 -1.438007045135021089e+00 -2.014773327412229809e-01 -3.492413569822565123e+00
8.946396880249904981e+00 1.987918529733729775e-02 -5.865472326620377874e-01 1.987918529733729775e-02 8.968078458128470487e+00 6.870238570197341466e-03 -5.865472326620377874e-01 6.870238570197341466e-03 2.034185676812052535e+00
-2.143645022593501537e+00 -7.777627581725170547e-01 1.096783312477515704e+00 -7.777627581725170547e-01 2.790342415409722054e+00 -4.677358671884553343e-01 1.096783312477515704e+00 -4.677358671884553343e-01 -7.095141152508384064e-01
-2.297989445444577505e+00 -3.294417094196032490e-03 2.756420154732623726e-03 -3.294417094196032490e-03 -2.268073949767150932e+00 3.539837489825345407e-02 2.756420154732623726e-03 3.539837489825345407e-02 -2.517670660621451617e+00
-7.764828533218991247e+00 3.248350778539222938e-01 -5.089781303695029013e-01 3.248350778539222938e-01 -1.153767296038664192e+01 9.312625478214375807e-02 -5.089781303695029013e-01 9.312625478214375807e-02 -4.875042837666046402e+00
-1.016345990631008256e+01 -7.361103813519483466e-03 -8.238567101333110765e-02 -7.361103813519483466e-03 -8.633663035810970499e+00 4.297621187487701833e-01 -8.238567101333110765e-02 4.297621187487701833e-01 -4.999833752982627111e+00
-5.359169573344302329e+00 -5.116616219437232216e-01 2.290313170782771746e+00 -5.116616219437232216e-01 -9.451596066516987804e+00 9.020547531772997729e-01 2.290313170782771746e+00 9.020547531772997729e-01 1.092140584075669940e+00
-5.201575772042059675e+00 -1.930742457584516125e-01 -1.290714431143231922e+00 -1.930742457584516125e-01 2.363843848733828690e+00 3.763107967082927052e-01 -1.290714431143231922e+00 3.763107967082927052e-01 -4.840727211923306683e+00
6.443697340251458572e-01 -1.069836416272788471e+00 -5.797189918389615837e-01 -1.069836416272788471e+00 -7.556456905932751766e+00 1.606916170369057317e+00 -5.797189918389615837e-01 1.606916170369057317e+00 -2.016680628847478118e+00
1.414639653047881751e+00 4.487508840828548506e-01 9.769819093033088597e-01 4.487508840828548506e-01 -2.802022989526501640e+00 -9.709053752570331319e-01 9.769819093033088597e-01 -9.709053752570331319e-01 -2.934323345099622227e+00
-5.593449793836558825e+00 2.408245620432480916e-02 2.240319968696351943e-02 2.408245620432480916e-02 -7.224350853576761544e+00 1.702447713700983911e+00 2.240319968696351943e-02 1.702447713700983911e+00 -3.700560130908969736e+00
-4.210924583120562725e-01 1.434172099681881862e-01 1.481870981122908326e-01 1.434172099681881862e-01 -3.914063641735850418e-01 -3.802187303718967404e-01 1.481870981122908326e-01 -3.802187303718967404e-01 -6.548992094298754729e+00
3.505493320568409121e+00 4.370359528310817365e-02 1.882104111346773190e-01 4.370359528310817365e-02 3.562653691310940562e+00 5.327453906993735444e-01 1.882104111346773190e-01 5.327453906993735444e-01 3.177430300064927771e+00
5.466300531141231822e+00 -1.007451994518338231e-06 1.309687592873839403e-05 -1.007451994518338231e-06 6.100811931424781953e+00 1.208942393422005877e-05 1.309687592873839403e-05 1.208942393422005877e-05 5.262007400788814238e+00
2.507766031945996676e+00 9.216534560512382179e-02 9.453683871793773508e-02 9.216534560512382179e-02 -1.185449776272323064e+00 4.277989461914241676e-01 9.453683871793773508e-02 4.277989461914241676e-01 5.617883070654094979e-01
-5.463581828026891962e+00 1.148681090774721497e-01 5.382622255069834383e-01 1.148681090774721497e-01 1.683852783733128744e+00 4.378906594819362286e-01 5.382622255069834383e-01 4.378906594819362286e-01 -5.765283462004499704e+00
-8.627929051202920530e-01 1.621431694298194615e-01 2.810500508526682095e-01 1.621431694298194615e-01 -1.130334522626290417e+00 -6.069300876594118099e-01 2.810500508526682095e-01 -6.069300876594118099e-01 -1.817124190547600326e+00
3.747597437730399328e+00 -1.985258171835437013e-02 8.128364298493079287e-02 -1.985258171835437013e-02 3.907483254449177323e+00 7.325137180709688778e-01 8.128364298493079287e-02 7.325137180709688778e-01 2.643536027658083487e+00
-9.143380907406854163e+00 6.225376877010834094e-03 -1.900226035039290565e-02 6.225376877010834094e-03 -6.399291910545785278e+00 -2.533692537804047018e-01 -1.900226035039290565e-02 -2.533692537804047018e-01 -1.040138697923515210e+00
-9.077251746120515108e+00 1.525408155448131162e-03 -1.887735960680806888e-02 1.525408155448131162e-03 -6.488931323835235077e+00 -2.015412276345305773e-02 -1.887735960680806888e-02 -2.015412276345305773e-02 -1.595303999344245049e+00
2.623942616018282714e-01 -7.007831974385798912e-02 2.130059547239821161e+00 -7.007831974385798912e-02 -5.722767188867084798e+00 1.169009816881083630e+00 2.130059547239821161e+00 1.169009816881083630e+00 7.550246529067480283e-01
-1.562686270371370867e+00 -4.604756935183463296e-01 4.864605598595386771e-01 -4.604756935183463296e-01 -4.142703220091107141e+00 5.527874560917318547e-01 4.864605598595386771e-01 5.527874560917318547e-01 2.675463093054169850e+00
-3.541163189479155093e+00 4.962760062635206137e-03 3.330519394440925596e-02 4.962760062635206137e-03 -3.727269443413727235e+00 4.448686799726573327e-01 3.330519394440925596e-02 4.448686799726573327e-01 -4.078350873340416349e+00
-1.027094052040753880e+01 3.129683291399273232e-02 7.803907333527006218e-02 3.129683291399273232e-02 -8.921691337969226865e+00 -1.627112930274147214e-03 7.803907333527006218e-02 -1.627112930274147214e-03 -3.652643469854544023e+00
5.350634095500307608e-02 -3.142248648570079017e-01 1.352133523874714804e-01 -3.142248648570079017e-01 -2.688046621554409099e-01 -4.781339267032213014e-01 1.352133523874714804e-01 -4.781339267032213014e-01 1.381670348198300591e-01
1.251854544357706622e+01 3.947569122501052435e-02 -7.671697544115900491e-02 3.947569122501052435e-02 1.284691571874621019e+01 3.709932815957709962e-01 -7.671697544115900491e-02 3.709932815957709962e-01 8.931467656249777676e+00
