-1.888032034059142816e+01 -3.234939429444851910e-01 -2.226621506744500822e-01 -3.234939429444851910e-01 -1.433025979528390970e+01 3.918738293357033192e-02 -2.226621506744500822e-01 3.918738293357033192e-02 -6.755646208977868383e+00
-1.553361302611969696e+00 -1.415501137114417995e-01 1.516332312541328886e-01 -1.415501137114417995e-01 -3.184147791590487220e+00 -1.453220836154344164e+00 1.516332312541328886e-01 -1.453220836154344164e+00 -3.752003070008500529e+00
-1.918555790228338864e+01 -4.832931943137275255e-01 -9.200857360726910628e-01 -4.832931943137275255e-01 -1.506674029432652517e+01 -4.668610533012143016e-01 -9.200857360726910628e-01 -4.668610533012143016e-01 -9.881254703885048229e+00
-2.092373717060323912e+01 1.279717738395726556e+00 -4.350232336837010771e-02 1.279717738395726556e+00 -1.710124617871247921e+01 -7.167750167816839824e-01 -4.350232336837010771e-02 -7.167750167816839824e-01 -5.073891665000786588e+00
-2.332665455466740312e+01 6.602928281687269196e-01 -1.295439262214096998e-01 6.602928281687269196e-01 -2.072484291255255684e+01 2.499668660547313057e-02 -1.295439262214096998e-01 2.499668660547313057e-02 -1.194664428604776951e+01
-1.258126180387943549e+01 -7.562994518457029081e-01 2.189570396072894054e-01 -7.562994518457029081e-01 -3.409467608978822284e+00 -1.323997624914955651e+00 2.189570396072894054e-01 -1.323997624914955651e+00 -4.729031975819490974e+00
-2.077429326050659952e+01 2.220138659983530438e-01 -4.152600281796295367e-01 2.220138659983530438e-01 -2.227951045631724369e+01 7.221532952112023028e-03 -4.152600281796295367e-01 7.221532952112023028e-03 -1.866755455130441632e+01
-2.147104909680633611e+01 9.988750430040417294e-01 -4.099605973975864459e-01 9.988750430040417294e-01 -2.097922697571610939e+01 6.565259804551451528e-02 -4.099605973975864459e-01 6.565259804551451528e-02 -1.685652489498675877e+01
-2.417626726060197839e+01 -5.921947526204881518e-01 2.065275575522485529e-01 -5.921947526204881518e-01 -2.506956021245381194e+01 -3.910550239476911494e-01 2.065275575522485529e-01 -3.910550239476911494e-01 -2.124155191480392801e+01
-1.384854966397429088e+01 1.017170294325451474e+00 7.635799214972752713e-01 1.017170294325451474e+00 -9.344645618382097396e+00 1.148651109963369832e+00 7.635799214972752713e-01 1.148651109963369832e+00 -4.002037112418250331e+00
-7.507418314742019483e+00 8.610420848030625462e-01 -1.175704595038650879e+00 8.610420848030625462e-01 -1.218669241027383876e+01 3.955125812318518452e-01 -1.175704595038650879e+00 3.955125812318518452e-01 -6.803136842610777002e+00
-2.279017831774518399e+01 -5.432706443351544845e-01 2.991013997589415663e-01 -5.432706443351544845e-01 -2.386404799764238760e+01 -7.504234623282567407e-01 2.991013997589415663e-01 -7.504234623282567407e-01 -2.003386641571825066e+01
5.271002043759894784e-01 6.245239855710333909e-01 -1.176019521375994747e+00 6.245239855710333909e-01 -8.655911717636306513e-01 -4.845682164203944708e+00 -1.176019521375994747e+00 -4.845682164203944708e+00 -2.183262910443182214e+00
-2.743627589614250795e+00 1.057853677363675311e-02 -1.203416481277631428e-01 1.057853677363675311e-02 -2.401397740785053969e+00 2.840766761145815389e-01 -1.203416481277631428e-01 2.840766761145815389e-01 -4.422017494074134136e-01
-2.655956076462330628e+01 2.147682648243983972e-01 -3.141903536867916569e-01 2.147682648243983972e-01 -2.537787043008232502e+01 -4.284939130786568628e-01 -3.141903536867916569e-01 -4.284939130786568628e-01 -2.158786246000363818e+01
-1.989623343976998626e+01 -2.948885512882202242e-01 -3.028495077379235734e-01 -2.948885512882202242e-01 -1.566382833671542052e+01 3.215951488249334522e-01 -3.028495077379235734e-01 3.215951488249334522e-01 -9.444033477318726000e+00
-9.210510240617719724e-01 2.215255830410674864e+00 3.267536316564005894e-01 2.215255830410674864e+00 -6.873594610532423488e+00 6.662966442432369796e-01 3.267536316564005894e-01 6.662966442432369796e-01 -7.807107552049790122e+00
-1.919702590955654387e+01 -6.384211646489132419e-02 2.695250681796966252e-01 -6.384211646489132419e-02 -1.867152476355661506e+01 4.196077436761839197e-01 2.695250681796966252e-01 4.196077436761839197e-01 -1.250357759325915019e+01
-1.196887345753305887e+01 8.640866683484343946e-01 -9.494732501273103198e-01 8.640866683484343946e-01 -5.675319075114413359e+00 -7.788391107333423324e-01 -9.494732501273103198e-01 -7.788391107333423324e-01 1.610847240549400095e+00
-6.816528506721157565e-02 1.698994407814150565e+00 7.512947722780513593e-02 1.698994407814150565e+00 -6.077010215929624870e+00 1.270537943036792239e+00 7.512947722780513593e-02 1.270537943036792239e+00 -6.876143130619229105e+00
2.392033837194689649e+00 -1.124450059158276893e+00 -2.243066473174692432e-01 -1.124450059158276893e+00 -4.001081806674511299e+00 2.058030728307077784e+00 -2.243066473174692432e-01 2.058030728307077784e+00 -8.954024533082101556e+00
-1.310470950557911962e+01 -2.024036478763461488e+00 7.382959978754268793e-01 -2.024036478763461488e+00 -8.971938536648130125e+00 1.424158156438799727e+00 7.382959978754268793e-01 1.424158156438799727e+00 3.409738441388803221e-01
5.479378343041408916e-01 -1.560272712868072231e+00 -2.047429948019802715e-01 -1.560272712868072231e+00 -4.562613529965635628e+00 3.145321963718143099e+00 -2.047429948019802715e-01 3.145321963718143099e+00 -8.897925808107647327e+00
-1.484913746498617471e+01 1.632452625410050484e-01 -9.262201714736648661e-01 1.632452625410050484e-01 -1.303506779124322357e+01 1.845159595999531776e-01 -9.262201714736648661e-01 1.845159595999531776e-01 -8.097050496149362786e+00
-1.515203600300333342e+01 -7.690435607863860268e-01 1.181944351375468827e+00 -7.690435607863860268e-01 -5.759371482768552930e+00 9.133630921732401042e-02 1.181944351375468827e+00 9.133630921732401042e-02 -5.256878628079365789e+00
-8.805959960350145721e+00 -2.650141073255678492e+00 4.243295936969783133e-01 -2.650141073255678492e+00 -6.855933362610368675e+00 7.284118126021026374e-01 4.243295936969783133e-01 7.284118126021026374e-01 -2.405915093424550566e+00
-1.743927973911754492e+01 -8.096387577168159266e-01 6.751378322829301171e-01 -8.096387577168159266e-01 -1.455051238006777581e+01 -1.236585038938071701e+00 6.751378322829301171e-01 -1.236585038938071701e+00 -8.889860051369961269e+00
-9.360768375008682085e+00 -8.165028369715917611e-01 -6.219336859728187283e-01 -8.165028369715917611e-01 -4.855404092723807352e+00 2.465666379815020459e+00 -6.219336859728187283e-01 2.465666379815020459e+00 1.577582851922851859e+00
-1.332853235386188473e+01 6.976824678636711630e-01 4.463962918241367595e-01 6.976824678636711630e-01 -7.613027571849247721e+00 3.466595843690477796e+00 4.463962918241367595e-01 3.466595843690477796e+00 -6.698917949754098267e+00
-2.049283884092594121e+01 2.774046971800607775e-01 -3.884824295219050927e-01 2.774046971800607775e-01 -2.196284945451906978e+01 5.163717875954040859e-02 -3.884824295219050927e-01 5.163717875954040859e-02 -1.823951459814286835e+01
-2.350269536584669439e+01 -5.436866442252386022e-01 2.199807418764196387e-01 -5.436866442252386022e-01 -2.440636562404753107e+01 -2.442398384969545477e-01 2.199807418764196387e-01 -2.442398384969545477e-01 -2.028888191197410862e+01
-2.624886262945935655e+01 -5.367729537117184035e-01 -6.896600805201824613e-02 -5.367729537117184035e-01 -2.491994250981284509e+01 6.466426307545108942e-01 -6.896600805201824613e-02 6.466426307545108942e-01 -1.991143057575656172e+01
-1.622095976855286992e+01 5.330668927916132338e-01 2.167595134087753062e-01 5.330668927916132338e-01 -1.037881481901090375e+01 -7.410117751714561107e-01 2.167595134087753062e-01 -7.410117751714561107e-01 -4.486783240784575355e+00
-2.547267061043791259e+01 1.657518502472770106e-01 -2.604418572024113088e-01 1.657518502472770106e-01 -2.424227557142840794e+01 -4.068139375944062608e-01 -2.604418572024113088e-01 -4.068139375944062608e-01 -1.999301112513972001e+01
-2.934221991380104200e+01 -3.040514999409811292e-01 7.162722676544620859e-02 -3.040514999409811292e-01 -2.837836716261572789e+01 3.806704669295995491e-01 7.162722676544620859e-02 3.806704669295995491e-01 -2.408871497838867271e+01
-8.511583966109407484e+00 1.166701125335504408e+00 -1.068681459756669894e-01 1.166701125335504408e+00 -1.119068281954520572e+01 6.202349982982704457e-01 -1.068681459756669894e-01 6.202349982982704457e-01 -5.926923921422152297e+00
-1.001075078930951889e+01 -6.668324692290321654e-01 1.419970782935689790e+00 -6.668324692290321654e-01 -5.696877921490061780e+00 9.342811322306916466e-01 1.419970782935689790e+00 9.342811322306916466e-01 -2.743330396747691413e+00
-2.157878663782057416e+01 -3.763361914730826707e-01 2.363736587571843573e-01 -3.763361914730826707e-01 -2.216657179160617019e+01 9.357980557725975590e-02 2.363736587571843573e-01 9.357980557725975590e-02 -1.735333204518443750e+01
-2.355437563661877931e+01 -8.642844870452270900e-01 3.812755293972484028e-01 -8.642844870452270900e-01 -2.142049449640541070e+01 4.301199695400725886e-01 3.812755293972484028e-01 4.301199695400725886e-01 -1.801913449916461119e+01
-1.779121522942460842e+01 -2.246764754352938542e+00 1.318461389469337330e+00 -2.246764754352938542e+00 -1.236347902244154007e+01 -3.016257094804661865e+00 1.318461389469337330e+00 -3.016257094804661865e+00 -9.832136737590094100e+00
-2.537429113814565795e+01 2.406240809014261184e-01 -2.878401008857800480e-01 2.406240809014261184e-01 -2.390928587360579272e+01 -3.981962279540998684e-01 -2.878401008857800480e-01 -3.981962279540998684e-01 -1.907901528213828612e+01
-2.384980063170987563e+01 -6.248923439810906144e-01 1.637602476401582297e-01 -6.248923439810906144e-01 -2.465303086796425092e+01 -2.677047535091472419e-01 1.637602476401582297e-01 -2.677047535091472419e-01 -2.054554628052157028e+01
-1.411245420125066907e+01 -1.942427638726317074e+00 4.245729768722038555e-01 -1.942427638726317074e+00 -8.864451331898122177e+00 1.663157427831523094e+00 4.245729768722038555e-01 1.663157427831523094e+00 -4.600517110508283714e-01
-1.805275274407530972e+01 -4.423273927257716509e-01 -1.916425993537166361e-01 -4.423273927257716509e-01 -8.574586159075419545e+00 -5.970860873327327178e-02 -1.916425993537166361e-01 -5.970860873327327178e-02 -7.416816888213268122e+00
-1.310749471910226482e+01 -3.905023097861836656e-01 1.095794438918743952e+00 -3.905023097861836656e-01 -6.889613925097527236e+00 1.875893870731796531e-01 1.095794438918743952e+00 1.875893870731796531e-01 -3.330552152039730984e+00
-2.071530099887378995e+01 -9.182265487016452177e-01 -2.782141101671998795e-01 -9.182265487016452177e-01 -1.710878736360691832e+01 8.977941260900275111e-01 -2.782141101671998795e-01 8.977941260900275111e-01 -1.209830535634351456e+01
-2.141202302572464689e+01 -7.009070507449174370e-01 -1.208545772690410525e+00 -7.009070507449174370e-01 -1.878445729098098482e+01 2.375542737629521728e+00 -1.208545772690410525e+00 2.375542737629521728e+00 -1.290027869940513838e+01
-2.417626978181343489e+01 -5.921947526204881518e-01 2.065275575522485529e-01 -5.921947526204881518e-01 -2.506956021245381194e+01 -3.910550239476911494e-01 2.065275575522485529e-01 -3.910550239476911494e-01 -2.124155191480392801e+01
-2.247489830407915434e+01 -4.759719469653834190e-01 9.194858176583946274e-02 -4.759719469653834190e-01 -2.307579879985394911e+01 -5.486433459458758266e-01 9.194858176583946274e-02 -5.486433459458758266e-01 -1.873666782513231510e+01
-1.269778710288829870e+01 -9.284640159826034189e-01 1.050003432745166609e+00 -9.284640159826034189e-01 -7.069487664127025894e+00 2.396975501490629379e-01 1.050003432745166609e+00 2.396975501490629379e-01 -2.370420932540791448e+00
-9.970568982963788907e-01 1.063753483142986789e-01 1.906850118776807351e-02 1.063753483142986789e-01 -1.715838253547590009e+00 -1.705119930434931375e+00 1.906850118776807351e-02 -1.705119930434931375e+00 -2.743424077150086404e+00
-1.476217012697464348e+01 -9.007736004580943479e-02 -1.983112758818059707e+00 -9.007736004580943479e-02 -9.177705917414611392e+00 3.622738001270742192e-01 -1.983112758818059707e+00 3.622738001270742192e-01 -4.837582634846145702e+00
-2.894670605819528220e+01 -3.822122309197467094e-01 1.537295109016314793e-03 -3.822122309197467094e-01 -2.807573229799322689e+01 5.671635798421411634e-01 1.537295109016314793e-03 5.671635798421411634e-01 -2.373797260839245382e+01
-2.751271583984052427e+01 -3.483112986610322759e-01 -3.699339800127050826e-02 -3.483112986610322759e-01 -2.647561589247982994e+01 5.966693675086534032e-01 -3.699339800127050826e-02 5.966693675086534032e-01 -2.152386545210718083e+01
-8.786358547335987312e-02 1.687590250595617958e+00 1.474523949293718106e+00 1.687590250595617958e+00 -3.205498458883325519e+00 8.839041976968028402e-01 1.474523949293718106e+00 8.839041976968028402e-01 -3.694441639612016104e+00
-1.161278621881436102e-01 -1.300487837353098315e-02 7.768129960772263143e-02 -1.300487837353098315e-02 -6.457454549451505654e-01 1.779192714775430728e+00 7.768129960772263143e-02 1.779192714775430728e+00 -7.127738222681721802e-02
-1.534423598100108066e+01 -8.264420142215957998e-01 1.966136363707105539e-01 -8.264420142215957998e-01 -1.119673840091996730e+01 2.438295892697654121e+00 1.966136363707105539e-01 2.438295892697654121e+00 -9.411325726567373096e+00
-1.493839405207288173e+01 -8.180450912380987649e-01 3.264380427629224868e-01 -8.180450912380987649e-01 -1.490752818832554460e+01 1.371423284251495733e+00 3.264380427629224868e-01 1.371423284251495733e+00 -1.088168931344513091e+01
-9.306520286944458320e+00 -1.525497907039289558e+00 1.498899974077918085e+00 -1.525497907039289558e+00 -4.404134417659526513e+00 -1.108946889289498666e-01 1.498899974077918085e+00 -1.108946889289498666e-01 -1.230409283826644717e+00
-1.298127849891657704e+01 -1.660377765010135898e+00 8.438553019294275925e-01 -1.660377765010135898e+00 -7.181924915087592787e+00 6.025221876544074595e-01 8.438553019294275925e-01 6.025221876544074595e-01 -2.049833601116900272e+00
-1.491254241703065198e+01 1.346398847351793771e-01 7.631184068259103670e-01 1.346398847351793771e-01 -6.795808429190725697e+00 1.056334336298354826e+00 7.631184068259103670e-01 1.056334336298354826e+00 -5.936622524412772606e+00
-1.611502784361659835e+01 1.372856954310325839e-01 6.244052325620422783e-01 1.372856954310325839e-01 -1.006150434639418023e+01 -3.674996537137321662e-01 6.244052325620422783e-01 -3.674996537137321662e-01 -3.201331444880236354e+00
-8.846076682529270485e+00 1.227163256495113153e+00 1.264481325909348586e+00 1.227163256495113153e+00 -7.575305710127646641e+00 1.306644697090973972e+00 1.264481325909348586e+00 1.306644697090973972e+00 -5.279982060190039128e+00
-6.645407589397730241e+00 9.204449094942097620e-01 -7.422907350721863473e-01 9.204449094942097620e-01 -2.502699566942333309e+00 9.405982662523326709e-02 -7.422907350721863473e-01 9.405982662523326709e-02 1.692027355405666622e+00
-2.631447600458158931e+01 2.224293468900402637e-01 -3.047235027161651066e-01 2.224293468900402637e-01 -2.506987397122587424e+01 -4.344862712008530914e-01 -3.047235027161651066e-01 -4.344862712008530914e-01 -2.111783048779811978e+01
-1.947092974715831559e+01 -4.266060250156785139e-01 -6.033590042316653440e-02 -4.266060250156785139e-01 -2.230542326055893199e+01 9.942044961512521706e-01 -6.033590042316653440e-02 9.942044961512521706e-01 -1.829119386432807914e+01
-2.031383308097717943e+01 -4.428620775046040459e-01 -8.375658023926080276e-02 -4.428620775046040459e-01 -2.342436878764039321e+01 8.997960395556764412e-01 -8.375658023926080276e-02 8.997960395556764412e-01 -1.939814733557260951e+01
-2.344590003539867951e+01 -6.846702675804340332e-01 2.773156115758151907e-01 -6.846702675804340332e-01 -2.411976943310565957e+01 -5.396552271086063612e-01 2.773156115758151907e-01 -5.396552271086063612e-01 -1.989863367569203589e+01
7.353850015230347648e-01 -2.359710585669737570e-01 -1.107947159661462733e+00 -2.359710585669737570e-01 -4.085326356127190195e-01 -4.681643308112172441e+00 -1.107947159661462733e+00 -4.681643308112172441e+00 -2.209673498867946062e+00
-2.888741294335101628e+01 -3.144103664023178424e-01 3.300939047310758739e-02 -3.144103664023178424e-01 -2.792918874795002182e+01 4.323910626976236737e-01 3.300939047310758739e-02 4.323910626976236737e-01 -2.358264994136766646e+01
-1.696538339721122313e+01 -6.521350977006459271e-01 7.559036193259790481e-01 -6.521350977006459271e-01 -1.195512604522636479e+01 2.010774030899495468e+00 7.559036193259790481e-01 2.010774030899495468e+00 -9.172020913442958445e+00
-2.443593798524755556e+01 -7.383956018233163165e-01 4.831603952157956794e-01 -7.383956018233163165e-01 -2.236883848263275709e+01 3.454989864526642473e-01 4.831603952157956794e-01 3.454989864526642473e-01 -1.902536957285529340e+01
-1.456376607738941864e+01 -1.343320492241330877e+00 1.626438229955318449e-01 -1.343320492241330877e+00 -1.438864919697469347e+01 -5.862170711259847428e-02 1.626438229955318449e-01 -5.862170711259847428e-02 -9.323193543760769586e+00
-1.391352543889243698e+01 -5.011177474024401945e-01 -1.382209130598895941e-01 -5.011177474024401945e-01 -1.233010457643175428e+01 1.331928724697024891e-01 -1.382209130598895941e-01 1.331928724697024891e-01 -6.738393088704092371e+00
-2.417626726060197839e+01 -5.921947526204881518e-01 2.065275575522485529e-01 -5.921947526204881518e-01 -2.506956021245381194e+01 -3.910550239476911494e-01 2.065275575522485529e-01 -3.910550239476911494e-01 -2.124155191480392801e+01
-2.655956076462330628e+01 2.147682648243983972e-01 -3.141903536867916569e-01 2.147682648243983972e-01 -2.537787043008232502e+01 -4.284939130786568628e-01 -3.141903536867916569e-01 -4.284939130786568628e-01 -2.158786246000363818e+01
-1.571728415382141186e+01 -5.392721567964866569e-01 3.979824140471433513e-01 -5.392721567964866569e-01 -1.124493601888663008e+01 2.978695689933721802e+00 3.979824140471433513e-01 2.978695689933721802e+00 -9.889288227135127229e+00
-1.679361904286130525e+01 -4.693465896783183822e-01 -6.740700569665558639e-01 -4.693465896783183822e-01 -1.406539724136798597e+01 -1.402189237626943141e+00 -6.740700569665558639e-01 -1.402189237626943141e+00 -1.073039005715226324e+01
-1.719062188997737550e+01 -8.520091757930939869e-01 5.369894674919708510e-01 -8.520091757930939869e-01 -1.288045542952393241e+01 2.933672818435942631e+00 5.369894674919708510e-01 2.933672818435942631e+00 -1.024312863116918138e+01
-2.902686884792067801e+01 -3.130026688460965101e-01 6.713823566949594923e-02 -3.130026688460965101e-01 -2.797616786083820273e+01 3.756429756573804735e-01 6.713823566949594923e-02 3.756429756573804735e-01 -2.349697031788623036e+01
-1.287123198551531367e+01 -1.737849259804283397e+00 6.981800868995191589e-01 -1.737849259804283397e+00 -9.236599588783342085e+00 8.814466031366935406e-01 6.981800868995191589e-01 8.814466031366935406e-01 1.395297772428569338e+00
-1.241608120491908096e+01 -8.023339214099773908e-01 7.417823865721095977e-02 -8.023339214099773908e-01 -1.074886546993805592e+00 -1.200967757404632019e+00 7.417823865721095977e-02 -1.200967757404632019e+00 -4.152451056054321299e+00
-1.914504333990668172e+01 4.384667654453471286e-01 -3.713592866825121686e-01 4.384667654453471286e-01 -2.016616295029222172e+01 7.713266568459044292e-02 -3.713592866825121686e-01 7.713266568459044292e-02 -1.563408848988290956e+01
-2.417626978181343489e+01 -5.921947526204881518e-01 2.065275575522485529e-01 -5.921947526204881518e-01 -2.506956273366526489e+01 -3.910550239476911494e-01 2.065275575522485529e-01 -3.910550239476911494e-01 -2.124155443601538451e+01
-1.917420519928136713e+01 -5.199363095377482757e-01 -1.511226263116103585e-01 -5.199363095377482757e-01 -2.232653224670344727e+01 1.078299599235097661e+00 -1.511226263116103585e-01 1.078299599235097661e+00 -1.851597535178191833e+01
-2.599776778562103274e+01 2.025605146229915443e-01 -2.781072214604013437e-01 2.025605146229915443e-01 -2.476850672648935969e+01 -3.714563375173400850e-01 -2.781072214604013437e-01 -3.714563375173400850e-01 -2.070831864547066914e+01
-2.283825531477340576e+01 -3.602132763589235842e-02 -2.748047066029218333e-01 -3.602132763589235842e-02 -2.145280061967277874e+01 -3.388611339199231187e-01 -2.748047066029218333e-01 -3.388611339199231187e-01 -1.572876578354554233e+01
-1.074892240895102624e+01 -1.111852256260669608e-01 9.699404458743019486e-01 -1.111852256260669608e-01 -9.352587344134191127e+00 4.054626324592632280e-01 9.699404458743019486e-01 4.054626324592632280e-01 -5.044284697295200459e+00
-2.817947513900561063e+01 -3.316043865533069845e-01 6.303356835079977627e-02 -3.316043865533069845e-01 -2.694389877397996713e+01 3.509099530386281529e-01 6.303356835079977627e-02 3.509099530386281529e-01 -2.163179340029861208e+01
-1.578866373573589676e+01 -1.870941565231623582e-01 -2.023253658798521148e-02 -1.870941565231623582e-01 -1.642587270577640624e+01 1.343536885266428449e+00 -2.023253658798521148e-02 1.343536885266428449e+00 -1.032005209048371519e+01
-1.526563583803210378e+01 -4.449545597552659326e-02 4.636507352626589862e-01 -4.449545597552659326e-02 -8.481454883533602995e+00 2.787805214972118417e+00 4.636507352626589862e-01 2.787805214972118417e+00 -6.681640335621612081e+00
-1.910413419245247013e+01 5.792158586688637978e-02 -1.890702882246541316e-01 5.792158586688637978e-02 -2.014429496423331045e+01 1.928625584700947859e-01 -1.890702882246541316e-01 1.928625584700947859e-01 -1.632824643774250006e+01
-2.850887860160196752e+01 -2.034033591117211381e-01 -3.782014101047986160e-02 -2.034033591117211381e-01 -2.741366755845611536e+01 4.594791856723399737e-01 -3.782014101047986160e-02 4.594791856723399737e-01 -2.298580181861378335e+01
-1.550455143801641533e+01 5.293370781290355209e-01 -1.329652847645450109e+00 5.293370781290355209e-01 -1.371074067436265054e+01 1.935911480691848707e-01 -1.329652847645450109e+00 1.935911480691848707e-01 -8.902898912480068816e+00
-2.443593798524755556e+01 -7.383956018233163165e-01 4.831603952157956794e-01 -7.383956018233163165e-01 -2.236883848263275709e+01 3.454989864526642473e-01 4.831603952157956794e-01 3.454989864526642473e-01 -1.902537190266402689e+01
-1.757137836426004540e+01 -3.331087977209368778e-01 9.684999464590216683e-03 -3.331087977209368778e-01 -1.963498348240313263e+01 1.191980671475795228e+00 9.684999464590216683e-03 1.191980671475795228e+00 -1.518638985952659937e+01
-2.326207922232645586e+01 -8.246269939938923876e-01 -4.198402100415994931e-01 -8.246269939938923876e-01 -2.125920937377530961e+01 1.023722351695463217e+00 -4.198402100415994931e-01 1.023722351695463217e+00 -1.463306302017264748e+01
-1.666160952741656320e+00 5.444419802259964358e-01 1.695111690204073485e+00 5.444419802259964358e-01 -3.103705199297942308e+00 9.039333763489927343e-01 1.695111690204073485e+00 9.039333763489927343e-01 -6.078246214904679867e+00
1.220888958853533490e-01 1.908896267000931957e+00 1.055934403006901556e+00 1.908896267000931957e+00 -1.358907525456103604e+00 2.414067368534321134e-01 1.055934403006901556e+00 2.414067368534321134e-01 -2.756792331001614915e+00
-1.900635367819710098e+01 -8.930509442862372138e-01 -1.518071245824487714e-01 -8.930509442862372138e-01 -1.541026410886673581e+01 -2.235429273342859791e+00 -1.518071245824487714e-01 -2.235429273342859791e+00 -1.347887997279825534e+01
