-3.237386313766811963e+00 1.445943230440110083e+00 -2.324628483342433327e+00 1.445943230440110083e+00 5.390992332979316792e+00 -8.373517910042951318e-01 -2.324628483342433327e+00 -8.373517910042951318e-01 1.641615935138145232e+01
-6.041456431932528126e+00 -8.301491802457602875e-02 -1.011627013726217106e+00 -8.301491802457602875e-02 4.775177222320299286e+00 -1.314215495121252131e+00 -1.011627013726217106e+00 -1.314215495121252131e+00 1.647712131543219982e+01
-1.237671376931756884e+00 -1.413655759705888748e+00 -1.061484793311859409e+00 -1.413655759705888748e+00 1.293069241316607254e+01 2.387225871954892664e+00 -1.061484793311859409e+00 2.387225871954892664e+00 1.126469673797280180e+01
-1.888032707840240576e+00 1.194819993627891930e-01 -1.971632055802039207e-01 1.194819993627891930e-01 9.474136896007655295e+00 3.159504276368445552e+00 -1.971632055802039207e-01 3.159504276368445552e+00 1.447039600229573253e+01
1.728666930444427319e+00 -2.642582832486389144e+00 6.858690932640826077e+00 -2.642582832486389144e+00 1.484966346951583382e+01 5.644826541242725648e-01 6.858690932640826077e+00 5.644826541242725648e-01 1.433967813627623222e+01
8.440671287949761847e+00 4.627225043969392937e-01 -7.246521952516781218e-01 4.627225043969392937e-01 6.415930020706650971e+00 2.757520409115185034e-01 -7.246521952516781218e-01 2.757520409115185034e-01 5.355072421051302989e+00
2.066226808135580839e+01 2.902516810763158706e+00 5.233975044068864824e-01 2.902516810763158706e+00 1.898625678820840434e+01 1.224755237972558586e+00 5.233975044068864824e-01 1.224755237972558586e+00 2.390289318661328721e+01
-1.413978009017493953e+01 1.492702087590391580e+00 -2.379050724045854270e+00 1.492702087590391580e+00 -1.193022397903440535e+01 -1.424331818565273133e+00 -2.379050724045854270e+00 -1.424331818565273133e+00 -8.350216839321788598e+00
1.394008791541074821e+01 3.340722135550121541e-01 9.156541083160455452e-01 3.340722135550121541e-01 1.262920094928260539e+01 -4.458261492539290494e+00 9.156541083160455452e-01 -4.458261492539290494e+00 1.274761089643764578e+01
-4.810628009872759847e+00 -3.053427116051909529e+00 1.708654799496613919e-01 -3.053427116051909529e+00 1.346008780360285373e+00 -6.097603386333537934e+00 1.708654799496613919e-01 -6.097603386333537934e+00 5.466699516634857758e+00
-6.310163806684008669e+00 1.407583277660922727e+00 -3.758077481024123756e+00 1.407583277660922727e+00 1.668212802174825482e+00 -1.151149631718849653e+00 -3.758077481024123756e+00 -1.151149631718849653e+00 -2.911897329106938326e+00
1.316907385222754412e+00 5.086984767434952204e+00 2.999276886514499640e+00 5.086984767434952204e+00 1.073819432966082310e+01 3.767620130495146213e-01 2.999276886514499640e+00 3.767620130495146213e-01 9.244230710241323479e+00
-4.351309103879246187e+00 -2.367044378093499546e+00 8.905755631258042149e-01 -2.367044378093499546e+00 2.865441734555702169e+00 -8.316946326049470817e-02 8.905755631258042149e-01 -8.316946326049470817e-02 1.449444814519215186e+01
-1.473267734891203951e+01 -1.320199987969155941e+00 3.719796863753338290e+00 -1.320199987969155941e+00 -7.593671940539830079e-01 -3.789552103681880002e+00 3.719796863753338290e+00 -3.789552103681880002e+00 -7.281348318321946955e+00
-6.263256702446501123e+00 -8.986663412238573567e-01 1.770780792571924611e-01 -8.986663412238573567e-01 2.769114086869812752e+00 2.409016891750435541e+00 1.770780792571924611e-01 2.409016891750435541e+00 8.207108193057875312e+00
-1.241360939513186068e+01 -1.898381726986807516e-01 -1.074834613553087515e+00 -1.898381726986807516e-01 -2.160252152108038948e-01 -5.149623748966503101e-01 -1.074834613553087515e+00 -5.149623748966503101e-01 2.288622714415949488e+01
5.245546912043207222e+00 -9.148312078123664870e-01 -1.440129688039493816e+00 -9.148312078123664870e-01 5.882886050805472777e+00 3.037833542771315898e+00 -1.440129688039493816e+00 3.037833542771315898e+00 5.353194034632650755e+00
1.804895383240991791e+01 4.280828494660643635e+00 -3.779039782854490159e+00 4.280828494660643635e+00 1.455487982715364303e+01 1.804845718301873347e+00 -3.779039782854490159e+00 1.804845718301873347e+00 1.116263895860383393e+01
9.980466050076374884e+00 7.035229645105292029e-01 -3.494647062246101221e-01 7.035229645105292029e-01 3.277140098107448996e+00 2.844318340219799346e+00 -3.494647062246101221e-01 2.844318340219799346e+00 2.370412944232925589e+00
1.181166819784354871e+01 3.543079954357444272e+00 2.553113996646377615e+00 3.543079954357444272e+00 6.751782243833078567e+00 3.604217921130095981e+00 2.553113996646377615e+00 3.604217921130095981e+00 -8.417080871934659037e-01
4.328156884636794821e+00 -1.554298233982622790e-01 3.259282670751277866e+00 -1.554298233982622790e-01 3.128756314798798677e+00 -2.967975047080127493e-01 3.259282670751277866e+00 -2.967975047080127493e-01 7.521217054228283239e+00
-3.212103935388153975e+00 6.257348000103121199e-01 -1.073410314739551730e+00 6.257348000103121199e-01 2.287193856554676705e-02 -8.556622040055182898e-01 -1.073410314739551730e+00 -8.556622040055182898e-01 1.098064173856084480e+01
-3.472291151443814283e-01 -1.195247010719002079e+00 1.758895440134007115e+00 -1.195247010719002079e+00 5.194974663175662144e+00 3.291067712456709149e+00 1.758895440134007115e+00 3.291067712456709149e+00 7.833805375313954933e+00
-5.571546193398321911e+00 -3.219160203663682829e+00 4.676483585703740675e-01 -3.219160203663682829e+00 5.538078837782133002e-02 4.440513270006936963e+00 4.676483585703740675e-01 4.440513270006936963e+00 -6.175663765696309149e+00
1.490668307346478194e+01 4.121010253239157373e-01 -1.967214825899006592e-01 4.121010253239157373e-01 3.574881227160066288e+00 -6.235751676460624671e-01 -1.967214825899006592e-01 -6.235751676460624671e-01 4.857089207873894310e+00
-6.167031186343201021e+00 1.596686926843599919e+00 9.723036764787480746e-02 1.596686926843599919e+00 1.649068679599500653e+00 -4.455081532429822078e-03 9.723036764787480746e-02 -4.455081532429822078e-03 3.899311302457472816e+00
-1.261073176504315185e+01 -3.483936092727991873e+00 6.379559514468314818e-01 -3.483936092727991873e+00 -4.133350154532902998e+00 1.028509366823862958e+00 6.379559514468314818e-01 1.028509366823862958e+00 7.714653312363147997e+00
8.555173741615062610e+00 -1.936872015259585023e-01 1.599655316947701245e+00 -1.936872015259585023e-01 1.393763604820594537e+01 2.939932747421403647e+00 1.599655316947701245e+00 2.939932747421403647e+00 1.335623394459228130e+01
-5.590251455934850178e+00 1.162552694589602753e+00 1.841182831261125363e+00 1.162552694589602753e+00 8.165671478698001806e+00 3.068480172393920569e+00 1.841182831261125363e+00 3.068480172393920569e+00 5.366839524586345611e+00
3.182625249183011817e+00 -1.948655588133152428e-01 -1.076353799290560076e+00 -1.948655588133152428e-01 -8.261039421666251936e-01 2.819980520633604382e+00 -1.076353799290560076e+00 2.819980520633604382e+00 -2.478590148697915385e+00
8.813593047022909577e-01 -2.763829907443012684e-02 9.743111581474556138e-01 -2.763829907443012684e-02 7.397383413378368910e-01 -3.057644863038213146e+00 9.743111581474556138e-01 -3.057644863038213146e+00 -1.435620003401388400e+00
