-4.598087004174973735e+00 -4.755187747485658534e+00 -5.721049345720061297e+00 -4.755187747485658534e+00 7.545774272580284325e+00 -7.472613086146309591e+00 -5.721049345720061297e+00 -7.472613086146309591e+00 -8.096206993568905164e-01
8.173357052685059188e+00 -2.643988129581561264e+00 -9.471969047102787309e-01 -2.643988129581561264e+00 -1.001688846481231465e+01 -1.687880937051686292e+00 -9.471969047102787309e-01 -1.687880937051686292e+00 -5.319852248766070879e+00
-1.498006224611843518e+00 -3.328807808776675703e+00 -2.850145103132756041e+00 -3.328807808776675703e+00 3.212715498366330635e+00 8.522271314336228087e+00 -2.850145103132756041e+00 8.522271314336228087e+00 2.285713266112883613e+00
9.259755665137621605e+00 2.822996656424199724e+00 -4.910167241436791841e+00 2.822996656424199724e+00 8.901111992737952505e+00 -4.135200777434874020e+00 -4.910167241436791841e+00 -4.135200777434874020e+00 -5.088076352358588572e+00
-1.415353054568003621e+01 5.244660705107778931e+00 -2.773752345005112474e+00 5.244660705107778931e+00 -3.771646176913763693e+00 -2.560062173642888017e-02 -2.773752345005112474e+00 -2.560062173642888017e-02 8.220331507015956163e+00
1.226984568463057457e+01 4.118806914471194958e+00 2.682352574579933702e+00 4.118806914471194958e+00 1.623653106294679915e+01 -3.888958545930960575e+00 2.682352574579933702e+00 -3.888958545930960575e+00 5.037466005022780635e+00
