1.086627237755014974e+01 2.920794417927213171e+00 -2.815711517104463546e+00 2.920794417927213171e+00 6.779758192968231789e+00 -4.638963399132951970e+00 -2.815711517104463546e+00 -4.638963399132951970e+00 -2.220086995571310950e+00
-2.401742637298622807e-01 5.105684414551398653e+00 -3.314997991382741649e+00 5.105684414551398653e+00 -1.533167038809530869e+00 1.138741922264554507e+00 -3.314997991382741649e+00 1.138741922264554507e+00 -7.111763371403528211e+00
1.712828152203731591e+01 -1.524414376866193743e+00 -4.357745671664488563e-01 -1.524414376866193743e+00 1.579855819325371558e+00 3.574500558117004623e+00 -4.357745671664488563e-01 3.574500558117004623e+00 8.084644849776481124e+00
1.125480005858035071e+01 2.596378244659310663e+00 -3.384117799715697483e+00 2.596378244659310663e+00 5.539039801615305514e+00 -8.609649516414464854e-01 -3.384117799715697483e+00 -8.609649516414464854e-01 -8.912496269242939917e+00
7.413094696418964347e+00 2.831524217002596711e-01 8.126753527729263737e+00 2.831524217002596711e-01 5.353399275554173720e+00 1.268493174762095332e+00 8.126753527729263737e+00 1.268493174762095332e+00 -3.315057176736049827e-01
8.847755369099427725e+00 -6.872639233026476724e+00 -2.084545414368536242e+00 -6.872639233026476724e+00 1.358339439066950405e+01 -3.835078375647278381e+00 -2.084545414368536242e+00 -3.835078375647278381e+00 7.378768250743369173e+00
9.736697197181751307e+00 1.393980935071466865e-01 6.876277609564175330e-01 1.393980935071466865e-01 3.776687853723978527e+00 -9.401479475354479476e+00 6.876277609564175330e-01 -9.401479475354479476e+00 5.009598130800326787e-01
4.055109648937173183e+00 -4.592827820305115161e+00 2.299498244880665343e+00 -4.592827820305115161e+00 9.504405228724371213e+00 2.564847953309349116e+00 2.299498244880665343e+00 2.564847953309349116e+00 8.198438338313643214e+00
-2.306380016615101614e+00 4.774853538433035949e-01 1.860267744274115842e-01 4.774853538433035949e-01 2.206704513512810717e+00 -1.736153244526553507e+00 1.860267744274115842e-01 -1.736153244526553507e+00 -3.305776068612735319e+00
1.737675124368045587e+01 5.787733924350953352e+00 3.288307441073341497e+00 5.787733924350953352e+00 8.966385231130400868e+00 -1.110405367275821842e+00 3.288307441073341497e+00 -1.110405367275821842e+00 9.967795707133197070e+00
-2.260434949860822051e+00 1.358111967737532400e+00 1.923516599937518556e+00 1.358111967737532400e+00 2.729137337171152566e+01 -6.681546663691869448e+00 1.923516599937518556e+00 -6.681546663691869448e+00 1.388145817423787509e+00
-9.020342934003794610e+00 -3.244026254882626414e+00 -4.341769266471029454e+00 -3.244026254882626414e+00 -9.947172538805297393e+00 7.223651027556503568e-01 -4.341769266471029454e+00 7.223651027556503568e-01 -1.262643703388522098e+01
-2.968964863432233425e+00 1.065201117278130605e+00 -5.404715924446415798e+00 1.065201117278130605e+00 -2.999569387505367946e+00 2.887100700227402506e+00 -5.404715924446415798e+00 2.887100700227402506e+00 -7.468091612005490099e+00
3.502288516943897534e+00 -6.443707577324186531e+00 4.938631566296437292e+00 -6.443707577324186531e+00 4.245746009876508076e+00 6.309347825973602220e+00 4.938631566296437292e+00 6.309347825973602220e+00 -2.077915371988963145e+00
-6.787488705410067880e+00 -3.932485761686941306e+00 -3.716997246218005646e+00 -3.932485761686941306e+00 -5.020323832308211998e+00 6.475999486224284230e-01 -3.716997246218005646e+00 6.475999486224284230e-01 -9.101282148844330067e+00
-1.237162600655423361e+01 -1.170514447392000945e-01 2.915123956073879086e+00 -1.170514447392000945e-01 -1.097098120324574566e+01 -8.698104250648363234e+00 2.915123956073879086e+00 -8.698104250648363234e+00 -1.062918946335857262e+00
-8.165907585494759147e+00 -1.560892828365701979e+00 -4.921295742578110755e+00 -1.560892828365701979e+00 1.161763170259950240e+00 1.569908509962723020e+00 -4.921295742578110755e+00 1.569908509962723020e+00 -5.710998478321888783e+00
-9.906512267499127944e+00 -2.043135039130981045e+00 1.823072506620345701e-01 -2.043135039130981045e+00 -4.853394246815696533e+00 -2.446188912828950013e+00 1.823072506620345701e-01 -2.446188912828950013e+00 -1.151261693684232945e+01
-4.586138610913803149e+00 -2.123409259383959746e+00 -5.070443726842923660e+00 -2.123409259383959746e+00 3.054929886482794510e-01 4.804681837857382454e-01 -5.070443726842923660e+00 4.804681837857382454e-01 -5.779278127435268253e+00
9.488625727600230597e-01 -2.360083152921638838e+00 -6.226679298338186896e+00 -2.360083152921638838e+00 1.376764223936023690e+01 -3.375923396010416688e+00 -6.226679298338186896e+00 -3.375923396010416688e+00 7.876161714559085647e-01
1.921534726851949770e+01 -5.982248275043987817e+00 -6.094434342405453259e-02 -5.982248275043987817e+00 -4.847436975497001477e+00 -5.273117764642575311e-01 -6.094434342405453259e-02 -5.273117764642575311e-01 -1.453707572722571406e+01
7.072659764001326899e+00 4.988613973460583217e+00 1.525615405474491704e+00 4.988613973460583217e+00 8.997122786888304802e+00 -7.479460490211178314e-01 1.525615405474491704e+00 -7.479460490211178314e-01 -3.362544651427945119e+00
-8.745015975683328335e+00 -2.083010577885869574e-01 -3.843510375021629510e+00 -2.083010577885869574e-01 -6.985283564976244364e+00 -6.405946733162954931e-01 -3.843510375021629510e+00 -6.405946733162954931e-01 -7.400836623383580282e+00
3.514326764972411254e+00 -2.321363641136041434e+00 3.522327698745649771e-01 -2.321363641136041434e+00 6.847014409607437457e+00 -7.019156466365199520e+00 3.522327698745649771e-01 -7.019156466365199520e+00 -2.599862852382867295e+00
-3.386807924339513942e+00 2.108423114863462899e+00 -9.801204538758463425e-01 2.108423114863462899e+00 -6.306938498664045767e+00 -3.886075123654412877e+00 -9.801204538758463425e-01 -3.886075123654412877e+00 -1.201852300137249685e+01
1.677277909874670314e+01 -7.705574818372024071e-01 3.990015323276648207e+00 -7.705574818372024071e-01 1.514388005119032066e+01 6.457326729359541773e+00 3.990015323276648207e+00 6.457326729359541773e+00 6.465226239693938837e+00
-6.007493528411960604e+00 3.261046332617490773e+00 -2.372987279091896440e+00 3.261046332617490773e+00 -3.199207406593349123e+00 3.157637684533579403e+00 -2.372987279091896440e+00 3.157637684533579403e+00 -1.243475630482927308e+01
4.017696122778563250e+00 5.011844062989182502e-01 -3.596491511942632169e-01 5.011844062989182502e-01 -6.250960069536308339e+00 -8.480817765180936885e-01 -3.596491511942632169e-01 -8.480817765180936885e-01 3.156008029469971721e+00
-4.061410764582936039e+00 2.145418120015857022e-01 3.696681627428811456e+00 2.145418120015857022e-01 3.182085065546504055e+00 1.280393154764461583e+00 3.696681627428811456e+00 1.280393154764461583e+00 -6.150384231946008917e+00
-2.990065792195178762e+00 -2.202009392237056939e+00 -2.676994736403078612e+00 -2.202009392237056939e+00 -2.637588894629623315e+00 -3.869105965335001951e+00 -2.676994736403078612e+00 -3.869105965335001951e+00 -6.215941505214314766e+00
-1.544956027670614418e+01 7.609208555248118955e-02 -2.393182022367718265e+00 7.609208555248118955e-02 -9.197151606440132077e-02 -8.250570972552532467e+00 -2.393182022367718265e+00 -8.250570972552532467e+00 -1.398310204564724835e+01
-4.678556294500967994e+00 6.011651527768130165e+00 -5.290133588182735491e-02 6.011651527768130165e+00 3.753713455023063972e+00 6.277688875503895538e+00 -5.290133588182735491e-02 6.277688875503895538e+00 -5.088651783778970206e+00
-4.621162329466661056e+00 -1.035984211187785720e+00 3.195080500559396075e+00 -1.035984211187785720e+00 -4.893479254585384020e+00 -3.393671819346134821e+00 3.195080500559396075e+00 -3.393671819346134821e+00 -7.414139255688116492e+00
4.789437578938781748e+00 -8.272288120615676199e-01 -2.767560796584876748e+00 -8.272288120615676199e-01 -5.535983891930885470e+00 5.847630882060897983e-01 -2.767560796584876748e+00 5.847630882060897983e-01 -5.883116708189968236e+00
