2.455015509920559680e+01 -1.388766880813238069e+00 3.633517975113123022e+00 -1.388766880813238069e+00 3.671021359526233319e+00 2.730572797323707501e+00 3.633517975113123022e+00 2.730572797323707501e+00 5.640473445187932811e+00
1.369763271350071498e+01 -2.164370247483443865e+00 -1.787898692535507150e+00 -2.164370247483443865e+00 -1.089740177269499455e+01 3.242708908664272971e-01 -1.787898692535507150e+00 3.242708908664272971e-01 -1.853098014429520379e+00
-6.401976058552532045e-01 -1.794878829683117794e-01 -1.485853607918507180e+00 -1.794878829683117794e-01 -1.057968481919359505e+01 2.014663823853600100e+00 -1.485853607918507180e+00 2.014663823853600100e+00 7.329711426553947362e+00
3.421291762154633265e+00 -3.100833604317300152e-01 -1.449095338907915975e+00 -3.100833604317300152e-01 -2.218327887907489693e+00 -3.058026831124203149e+00 -1.449095338907915975e+00 -3.058026831124203149e+00 1.669728273401267282e+00
-3.087139737991778432e+00 -3.579097861482784637e+00 2.497049203041962873e+00 -3.579097861482784637e+00 -1.128090709710660100e+01 -3.449147688403792156e+00 2.497049203041962873e+00 -3.449147688403792156e+00 -1.021812986664556355e+01
9.661445832501289743e+00 -5.915569277214008936e-01 1.614075228277275231e+00 -5.915569277214008936e-01 7.069041459406951944e+00 1.946314622207201861e+00 1.614075228277275231e+00 1.946314622207201861e+00 -5.289906776662995913e-01
1.880380248689348122e+01 -1.366507115371011105e+00 -4.147470438432691253e+00 -1.366507115371011105e+00 4.824503839940643246e+00 -2.764414602118225872e+00 -4.147470438432691253e+00 -2.764414602118225872e+00 2.302434651632071905e+01
6.874013775234131707e+00 5.127075798836820297e+00 -4.524913775603671695e+00 5.127075798836820297e+00 -9.002088461220573379e+00 -4.654109661155452216e+00 -4.524913775603671695e+00 -4.654109661155452216e+00 -4.474814272751692634e+00
7.166018605853637702e+00 4.008694979818275606e+00 6.400932616833761024e-01 4.008694979818275606e+00 -4.856797819797935567e+00 1.580644533315123113e+00 6.400932616833761024e-01 1.580644533315123113e+00 -6.907854581723459120e+00
