-1.277469805859026764e+01 -2.333350948310329853e-01 -2.482069242663264230e+00 -2.333350948310329853e-01 -1.160857678550326177e+01 8.899137098674297919e-01 -2.482069242663264230e+00 8.899137098674297919e-01 -2.574617532018920851e+00
-3.136672212410131610e+00 -5.412968713223366812e+00 -6.928517501785172783e+00 -5.412968713223366812e+00 -7.153866845166358068e+00 5.500474563866051270e+00 -6.928517501785172783e+00 5.500474563866051270e+00 8.828620963063857019e+00
-5.243585755047811325e+00 9.714781917833005265e-01 5.301481910105459994e-01 9.714781917833005265e-01 -9.038496865085376086e+00 4.038758494589126946e-01 5.301481910105459994e-01 4.038758494589126946e-01 -5.632546072705284956e+00
-1.180458580156029491e+01 4.425206157591203393e+00 2.252794804887282787e+00 4.425206157591203393e+00 -3.117816977627664077e+00 2.915408770044875642e+00 2.252794804887282787e+00 2.915408770044875642e+00 -4.950234416443822560e+00
-9.990983834760557514e+00 1.529493839371237396e+00 1.175805460751798259e+00 1.529493839371237396e+00 -1.271034166854436975e+01 1.219215676730335041e+00 1.175805460751798259e+00 1.219215676730335041e+00 -6.899935600993649665e+00
1.082618575798820926e+00 5.540163455624632638e-01 5.931965528067433269e+00 5.540163455624632638e-01 -1.367936614811934959e+00 -4.112605580696555130e+00 5.931965528067433269e+00 -4.112605580696555130e+00 1.021116633253391193e+01
-1.331980937956631728e+01 -8.661719747361369404e-01 -4.756302578666003811e+00 -8.661719747361369404e-01 4.338940266856164407e-02 6.189051714274152793e+00 -4.756302578666003811e+00 6.189051714274152793e+00 -1.145821299998158072e+00
-6.429868525062036433e+00 1.126607860314916998e+00 -2.205879177872646313e+00 1.126607860314916998e+00 -1.046916115761956689e+01 -1.027511290651965670e+00 -2.205879177872646313e+00 -1.027511290651965670e+00 -8.648857188847360433e+00
-1.190383052048804657e+01 2.491031191177824344e-01 -1.573248472263782727e+00 2.491031191177824344e-01 -9.296419715187310473e+00 1.655369851019304672e+00 -1.573248472263782727e+00 1.655369851019304672e+00 -6.865199219222838600e+00
-7.695973431491697880e+00 1.562791016276875222e+00 -2.486348948781415658e+00 1.562791016276875222e+00 -5.761283367643937225e+00 6.526759236574267709e-01 -2.486348948781415658e+00 6.526759236574267709e-01 -6.912205929477639899e+00
2.394745212840192927e+00 -2.318720729032653693e+00 6.607012013829222097e-01 -2.318720729032653693e+00 2.635949668523744460e+00 -4.045936297940733617e+00 6.607012013829222097e-01 -4.045936297940733617e+00 1.556425222635806449e+01
5.887409334728748611e+00 -3.895786777891851571e+00 6.957657107311413514e-01 -3.895786777891851571e+00 -4.390499425901802866e+00 3.185357281333219825e-01 6.957657107311413514e-01 3.185357281333219825e-01 7.704326709948498220e+00
-5.427173659398365935e+00 -4.063793529503001878e+00 -6.287070896909831286e-02 -4.063793529503001878e+00 -8.892267864958771639e+00 -1.610894119599495911e+00 -6.287070896909831286e-02 -1.610894119599495911e+00 -3.533821765491055977e+00
-1.784036658692831523e+01 -2.789538791252317296e-01 -1.122269687709602559e+00 -2.789538791252317296e-01 -1.660485523083168502e+01 1.079074224516549219e+00 -1.122269687709602559e+00 1.079074224516549219e+00 -7.068078539574043084e+00
-1.755066513781046922e+01 1.415140948546141031e+00 -6.028021662450673279e-01 1.415140948546141031e+00 -1.355903755418533407e+01 -6.457048487845414853e-01 -6.028021662450673279e-01 -6.457048487845414853e-01 -1.182832858108659302e+01
-4.732960601968964731e+00 -3.870978437503260317e+00 2.646997739386580228e+00 -3.870978437503260317e+00 -8.919690303169391044e+00 -2.103455050024686024e+00 2.646997739386580228e+00 -2.103455050024686024e+00 1.464259973659551850e-01
-4.515818172696788868e-01 -3.397014472622684078e+00 1.334594180921657491e+00 -3.397014472622684078e+00 -6.062641058272483896e+00 -4.880481844307658079e+00 1.334594180921657491e+00 -4.880481844307658079e+00 -5.306985193938452028e+00
-1.030064545745085169e+01 2.856359732074514213e+00 2.116942218176230739e+00 2.856359732074514213e+00 -5.793569198295857703e+00 -9.738021078262812935e-01 2.116942218176230739e+00 -9.738021078262812935e-01 -1.152007599149947481e+01
-9.781405154514889233e+00 2.788206827691716683e+00 -3.036818162563381662e+00 2.788206827691716683e+00 -1.770174487207951941e+01 -6.307292473788348453e-01 -3.036818162563381662e+00 -6.307292473788348453e-01 5.983517261134284615e-01
-1.011989785998136959e+01 -3.826727439632449546e+00 9.193746390201207319e-01 -3.826727439632449546e+00 -5.982816312113106605e+00 -1.802391066825981270e+00 9.193746390201207319e-01 -1.802391066825981270e+00 -2.445471618142343040e+00
9.547882694181856422e+00 -6.099175295034816813e+00 -4.039504397597308838e+00 -6.099175295034816813e+00 5.592220040945824699e+00 3.600690278687879609e+00 -4.039504397597308838e+00 3.600690278687879609e+00 1.164191960425551287e+01
1.538465782207601684e+01 -1.866034371741800646e+00 1.353332503783672758e+00 -1.866034371741800646e+00 1.170557716321969366e+01 -2.312526292974981690e+00 1.353332503783672758e+00 -2.312526292974981690e+00 1.886662439641989408e+01
-1.516861381394586950e+01 -2.527158534830405978e-01 -1.295742927918744902e-01 -2.527158534830405978e-01 -1.568324202868901907e+01 -1.020704641922273836e+00 -1.295742927918744902e-01 -1.020704641922273836e+00 -1.322499299094343250e+01
-8.740601407347440954e+00 1.071862514409921141e-01 -2.691641045587594760e+00 1.071862514409921141e-01 -1.415737761387112492e+01 -1.019759145443983606e+00 -2.691641045587594760e+00 -1.019759145443983606e+00 -1.172225266976062308e+01
3.934015750496605346e+00 9.993690695212829878e-02 4.638290949138859642e-01 9.993690695212829878e-02 -2.078587398141302334e+00 -1.333704281997740049e+00 4.638290949138859642e-01 -1.333704281997740049e+00 9.043950980025725173e+00
7.903886268392503744e-01 3.754611871392046774e-01 -1.879473993695589540e+00 3.754611871392046774e-01 -6.701243750464533022e+00 -3.313447131412881191e-02 -1.879473993695589540e+00 -3.313447131412881191e-02 2.285606481133243495e+00
2.984994408581109204e-01 2.544551261231975392e+00 2.014356623093076504e+00 2.544551261231975392e+00 -3.755643693138523087e+00 5.265966017920294284e+00 2.014356623093076504e+00 5.265966017920294284e+00 -5.298406153821388909e-01
1.469220075160363237e+00 3.762939196708542378e-01 -5.318906845872937161e+00 3.762939196708542378e-01 -2.076471748580846377e+00 -2.964455094825806380e+00 -5.318906845872937161e+00 -2.964455094825806380e+00 6.262413969592552476e+00
-8.302882459278398741e+00 -1.767406914282863895e+00 4.489201839176287789e-01 -1.767406914282863895e+00 -1.123865354005051920e+01 -2.089838868056364429e+00 4.489201839176287789e-01 -2.089838868056364429e+00 -2.466333913239895370e+00
-1.000943475394669546e+00 -7.159671248029374269e+00 -3.684101901641104071e+00 -7.159671248029374269e+00 -1.352992765903329841e+00 7.795404164984044648e+00 -3.684101901641104071e+00 7.795404164984044648e+00 1.345812507128672841e+01
-7.498627539563369027e+00 4.162423985317906805e+00 4.483954255310175441e+00 4.162423985317906805e+00 9.690139761586811229e-01 -2.839313022081419557e+00 4.483954255310175441e+00 -2.839313022081419557e+00 1.571846164705471560e-01
-5.870625373845211215e+00 3.482342982303087142e-01 -3.889941764178690864e+00 3.482342982303087142e-01 -1.659631049732938024e+01 -3.725525900458089179e+00 -3.889941764178690864e+00 -3.725525900458089179e+00 2.748203739341563256e+00
2.122338629406845811e+00 -2.238417893575602946e+00 6.795356298207442247e-01 -2.238417893575602946e+00 1.737604394026202176e-02 -1.244231675623931466e+01 6.795356298207442247e-01 -1.244231675623931466e+01 1.946570426605347492e+01
-8.469325407314631349e+00 4.176198437764878646e-01 1.134800493222666518e+00 4.176198437764878646e-01 -6.861282406553918634e+00 1.333594333583026037e+00 1.134800493222666518e+00 1.333594333583026037e+00 -8.516720497288867264e+00
-6.742037498579577459e+00 -2.751965103579955496e+00 -1.919746458074643947e+00 -2.751965103579955496e+00 -1.164495877565396409e+00 6.068436913947017342e-01 -1.919746458074643947e+00 6.068436913947017342e-01 6.797973537064623706e+00
-1.194092669265263318e+01 -1.071162065162405419e-01 -6.099369507009720914e-01 -1.071162065162405419e-01 -1.101613774145844360e+01 -1.885202519680619027e+00 -6.099369507009720914e-01 -1.885202519680619027e+00 -9.087762772181179116e+00
-3.043151379100939913e+00 2.655815715426312895e+00 4.424603346978080332e+00 2.655815715426312895e+00 -7.508295377152753858e+00 6.007469674290743633e+00 4.424603346978080332e+00 6.007469674290743633e+00 -3.590599482470956172e+00
-1.196870525705658928e+01 2.583870970798405331e+00 -5.318931152005069996e-02 2.583870970798405331e+00 -1.536296808194025587e+01 -1.361611065939081655e+00 -5.318931152005069996e-02 -1.361611065939081655e+00 -1.033767558438597334e+01
-1.289934867211323422e+01 2.368879238347903815e+00 -1.633365620758726378e+00 2.368879238347903815e+00 -1.759289351012552061e+01 3.174082939085335120e+00 -1.633365620758726378e+00 3.174082939085335120e+00 -3.843810921711453332e+00
-8.867723937054065031e-01 6.029594579891605299e+00 2.059241220145468620e+00 6.029594579891605299e+00 1.630741614697194919e+00 1.039411217967902479e+00 2.059241220145468620e+00 1.039411217967902479e+00 1.844749795195312458e+01
-6.129370434315505101e+00 -4.847494512625091234e-01 1.115461494822762578e-01 -4.847494512625091234e-01 -1.139356254047832273e+01 -2.669499323017044290e+00 1.115461494822762578e-01 -2.669499323017044290e+00 -1.265573920275794739e+00
-9.793874684204322278e+00 -6.409899191166579246e-02 -7.574014492927345632e-01 -6.409899191166579246e-02 -9.179320569061276691e-01 2.575888412629564694e+00 -7.574014492927345632e-01 2.575888412629564694e+00 -3.934630386669920377e+00
-1.092449318464430341e+01 3.313075219887579248e+00 3.016550189711446617e+00 3.313075219887579248e+00 -9.037829064652896705e+00 7.712454073850069092e-01 3.016550189711446617e+00 7.712454073850069092e-01 -4.663823494164929251e+00
-5.822529107824810701e+00 2.026620046072867165e+00 4.025401896035025295e+00 2.026620046072867165e+00 -1.427731396412513298e+01 3.321284612761492561e+00 4.025401896035025295e+00 3.321284612761492561e+00 -4.021022659044177772e+00
-1.070555374151533634e+01 1.868529781838378589e+00 -8.896365787189854037e-05 1.868529781838378589e+00 -1.353110853905449318e+01 -6.357157394929275895e+00 -8.896365787189854037e-05 -6.357157394929275895e+00 -4.404509406860675824e+00
-1.120594578166699051e+01 3.334392359132079542e-01 1.335639227907451598e+00 3.334392359132079542e-01 -1.422466266965228421e+01 -2.334157440658426452e+00 1.335639227907451598e+00 -2.334157440658426452e+00 -2.052841076951157362e+00
-1.363196761978218774e+01 -1.310916318040034056e+00 -9.169492027178404170e-01 -1.310916318040034056e+00 -1.114931233318039183e+01 -1.379950032530932402e+00 -9.169492027178404170e-01 -1.379950032530932402e+00 -9.809668661113882138e+00
-7.954679193737242748e+00 7.427062361578639083e-01 5.075178155932890789e+00 7.427062361578639083e-01 -1.311373757850596178e+01 2.355722400591647059e+00 5.075178155932890789e+00 2.355722400591647059e+00 9.331498984794669438e-01
-1.153959233494441250e+01 3.261714403442069532e+00 -4.201201624026803749e+00 3.261714403442069532e+00 -1.779188715387369157e+01 2.929109776267463605e+00 -4.201201624026803749e+00 2.929109776267463605e+00 8.381569773171825277e-01
8.705036101648151003e+00 -5.188948458983656309e+00 -2.514274194010521768e+00 -5.188948458983656309e+00 2.329563158503184184e+01 -9.680557600118954165e-01 -2.514274194010521768e+00 -9.680557600118954165e-01 1.017258662010771353e+01
-4.710732713826280893e+00 -7.598450783363263739e+00 1.810313393099652668e+00 -7.598450783363263739e+00 -4.924780615627814662e+00 2.075751338303318538e-01 1.810313393099652668e+00 2.075751338303318538e-01 -1.350220954746631730e+00
-4.405496219980723716e+00 2.782982431753654229e+00 -2.864490922234209425e+00 2.782982431753654229e+00 8.293281795270104340e-01 5.574826980675755550e+00 -2.864490922234209425e+00 5.574826980675755550e+00 1.054154584054072114e-01
