6.283938174223253625e+00 -9.051854187315626354e-02 1.135429862272211571e-02 -9.051854187315626354e-02 4.868347877282612757e+00 -1.718080717256359691e+00 1.135429862272211571e-02 -1.718080717256359691e+00 5.540450277817846825e+00
4.474017871008483027e+00 3.855976769840713247e-01 4.947041653160341168e-01 3.855976769840713247e-01 -1.037958808724030213e+01 -5.017530857670542410e-01 4.947041653160341168e-01 -5.017530857670542410e-01 -1.241138508646370475e+01
-1.994809355939641904e+01 2.278153725659507745e-01 4.459418704580880299e-01 2.278153725659507745e-01 -1.381648161300964261e+01 -1.168375660851634246e+00 4.459418704580880299e-01 -1.168375660851634246e+00 -1.237382261178975895e+01
-3.322833170121215041e+00 7.337387959918941112e-03 3.059334086710283618e-01 7.337387959918941112e-03 -4.608550704522765606e+00 -8.855286163481189687e-01 3.059334086710283618e-01 -8.855286163481189687e-01 -1.783529381579494810e+00
-7.485733364537655810e+00 -1.795399217657031699e+00 9.076694028771495892e-01 -1.795399217657031699e+00 -2.518612882865268521e+00 -2.692720584486703927e+00 9.076694028771495892e-01 -2.692720584486703927e+00 7.932996630809512340e+00
-1.013944868426263213e+01 2.204929275836517780e-02 -3.489309375697069449e-01 2.204929275836517780e-02 -6.270648684594137379e+00 2.972779182443602064e+00 -3.489309375697069449e-01 2.972779182443602064e+00 3.324173192031869561e+00
4.666171209090474115e+00 -2.348208217995198521e-01 -1.494393104670817651e+00 -2.348208217995198521e-01 2.620963597628302999e+00 2.218419244838298887e-01 -1.494393104670817651e+00 2.218419244838298887e-01 8.954887658927149774e-01
5.721359094308576587e+00 9.087293475271128462e-02 -7.170145801884247883e-02 9.087293475271128462e-02 2.524457115448780264e+00 9.911542068217317203e-01 -7.170145801884247883e-02 9.911542068217317203e-01 2.925537304484851830e+00
1.244975377555411278e+01 -1.316705715689876072e-02 -3.085971969309826701e-02 -1.316705715689876072e-02 5.217284624764030099e+00 -7.028806766172512877e-01 -3.085971969309826701e-02 -7.028806766172512877e-01 2.807477857913950992e+00
-1.523054670356218132e+01 1.350698021364153505e-02 -8.491707447263645570e-01 1.350698021364153505e-02 -1.297091403905221974e+01 4.430020168519202550e-01 -8.491707447263645570e-01 4.430020168519202550e-01 -8.299879731472222133e+00
-1.982830543246365096e+01 5.671679153599668705e-02 7.835170139714265902e-01 5.671679153599668705e-02 -1.638940266921065358e+01 1.039612740624555748e-01 7.835170139714265902e-01 1.039612740624555748e-01 -9.272904710874403378e+00
-7.381984778756002008e+00 -1.742312461949248673e-02 6.184183112073018407e-01 -1.742312461949248673e-02 8.096503032430648616e+00 -2.809923938809623101e-01 6.184183112073018407e-01 -2.809923938809623101e-01 -3.701130883317461873e+00
-2.843743998123968719e-01 2.209414616798109285e-02 -1.371508514310509907e-01 2.209414616798109285e-02 -6.187217689562469758e+00 -9.551639989771339989e-01 -1.371508514310509907e-01 -9.551639989771339989e-01 -7.959446277572806316e+00
-1.050232630849429860e+01 7.094765968198331052e-01 4.427551966108754788e-01 7.094765968198331052e-01 4.860790684607280809e+00 -6.265150954615389400e-01 4.427551966108754788e-01 -6.265150954615389400e-01 1.527953146039165766e+00
-9.853108346879647428e+00 -8.753458798061684865e-03 -1.222961725060944138e+00 -8.753458798061684865e-03 -8.391458936653041434e+00 -7.213032501725133994e-01 -1.222961725060944138e+00 -7.213032501725133994e-01 -7.374063471950358384e+00
-1.671596469137931251e+00 2.364431492695552028e-01 -1.439447406574747013e-01 2.364431492695552028e-01 -8.154956778421961872e+00 4.455351267662974735e-01 -1.439447406574747013e-01 4.455351267662974735e-01 -9.881186386091776797e+00
-1.644506073961187198e+01 -1.021304785597723225e-01 1.333131076479170674e-01 -1.021304785597723225e-01 -1.425704933945774044e+01 -1.067384341005633619e+00 1.333131076479170674e-01 -1.067384341005633619e+00 -9.823872139973927275e+00
-9.078215718749024887e+00 -3.405249534485469409e-01 -1.295013120144112184e+00 -3.405249534485469409e-01 -7.524848296655435753e+00 -1.509085355251016392e+00 -1.295013120144112184e+00 -1.509085355251016392e+00 -6.762213400749597980e+00
7.698515173297987957e+00 -3.826258831677606942e-01 1.249192571206912961e+00 -3.826258831677606942e-01 -4.149718260375744983e+00 -1.102122303523574764e+00 1.249192571206912961e+00 -1.102122303523574764e+00 -7.614818532597575462e+00
-8.700679748318950857e+00 3.519956015499830504e-01 2.584738611081508486e-01 3.519956015499830504e-01 -1.084767899654114576e+00 -7.239852196692698749e-01 2.584738611081508486e-01 -7.239852196692698749e-01 8.977281781600082056e+00
-1.020323306920162487e+01 -4.762130688327085304e-01 1.829871572057713558e-01 -4.762130688327085304e-01 -9.071837442264744311e+00 2.612146280326319014e-01 1.829871572057713558e-01 2.612146280326319014e-01 -5.902029866701147043e+00
-1.464112540539392526e+01 1.343311000467552141e+00 1.776919694993933999e-02 1.343311000467552141e+00 -9.404390099065635056e+00 -1.202567538043209927e+00 1.776919694993933999e-02 -1.202567538043209927e+00 3.892383876987378866e+00
-2.751153425185537404e+00 -1.212355578613158874e-01 -2.320093663900858749e-01 -1.212355578613158874e-01 -3.244903952203839204e+00 1.649657080381490559e-01 -2.320093663900858749e-01 1.649657080381490559e-01 -1.694091514536254284e+00
-1.952902730746429505e+00 7.327351230836090523e-02 1.283867517210608433e-01 7.327351230836090523e-02 -3.210750143394155653e+00 5.834945206153824282e-01 1.283867517210608433e-01 5.834945206153824282e-01 -5.724066710467544672e-01
1.112456972342783956e+00 -8.643843035845684142e-01 -1.843965452438359964e+00 -8.643843035845684142e-01 2.460607955758695287e+00 2.214414491553685416e+00 -1.843965452438359964e+00 2.214414491553685416e+00 4.020897040865419214e+00
-1.229567493801456912e+01 -1.335158831565431969e-01 1.635054377404458748e-01 -1.335158831565431969e-01 -7.314341308055068325e+00 5.977303266252717018e-01 1.635054377404458748e-01 5.977303266252717018e-01 -3.615463740256218417e-01
1.401925932703325017e+01 -6.991637465397267104e-02 -3.282726270868816520e-01 -6.991637465397267104e-02 8.405031735961667749e+00 -9.797212854110437519e-02 -3.282726270868816520e-01 -9.797212854110437519e-02 5.646199619250831248e+00
-1.744466053128321548e+01 3.307577140786027159e-01 1.037263481674748133e+00 3.307577140786027159e-01 -1.530258878784644772e+01 -7.054555608253804122e-01 1.037263481674748133e+00 -7.054555608253804122e-01 -1.328369129566653228e+01
2.356597822725321034e+00 -3.482193740268651246e-03 -2.989589076594388883e-01 -3.482193740268651246e-03 -2.116333206355441643e+00 -2.390425571028144125e-01 -2.989589076594388883e-01 -2.390425571028144125e-01 -3.034673611156955886e+00
-1.008035249442918868e+01 -1.721850929774500216e-01 -4.393540987961837563e-01 -1.721850929774500216e-01 -9.719736647080116754e+00 2.142748349213843273e-01 -4.393540987961837563e-01 2.142748349213843273e-01 -7.079242042329736861e+00
-9.528722581504239786e-01 6.893970543931669803e-02 -6.183780221554309176e-01 6.893970543931669803e-02 -7.611338289386339717e+00 5.736168178132161621e-01 -6.183780221554309176e-01 5.736168178132161621e-01 -9.317833896671370297e+00
-1.153339954639226761e+01 -5.477333335261981573e-02 1.123091932157735728e+00 -5.477333335261981573e-02 4.314785306605388726e+00 -1.815767944144872859e+00 1.123091932157735728e+00 -1.815767944144872859e+00 -4.851837774936999637e+00
7.765412963225592158e+00 3.103805240483773799e-03 -2.140457386564098119e+00 3.103805240483773799e-03 8.047523146391467819e+00 -1.022571211447001804e+00 -2.140457386564098119e+00 -1.022571211447001804e+00 6.949610251572722497e+00
1.607740480414265605e+01 1.298225991348580799e-01 -3.374142072484844213e-01 1.298225991348580799e-01 1.146230968619859603e+01 3.077748390552460300e+00 -3.374142072484844213e-01 3.077748390552460300e+00 9.108345765823985474e+00
-1.120912440641676389e+00 4.989946568892379419e-01 3.747466805309994098e-01 4.989946568892379419e-01 -3.216038099334291189e+00 2.201974151378871813e-01 3.747466805309994098e-01 2.201974151378871813e-01 -2.810943698127236434e+00
-1.370992521505839257e+01 -2.834261729496331123e-02 -3.945221202344259027e-03 -2.834261729496331123e-02 -1.076656052326023705e+01 -1.360397472528538931e-01 -3.945221202344259027e-03 -1.360397472528538931e-01 -2.614288790325998590e+00
-1.458917696713246848e+01 -5.710134498898284533e-02 1.507823182319340871e+00 -5.710134498898284533e-02 -4.405361708402597110e+00 1.664715064641513642e+00 1.507823182319340871e+00 1.664715064641513642e+00 -2.094442368629680473e+00
5.228904275616310215e+00 5.956000485926565835e-02 -7.622592768015972187e-01 5.956000485926565835e-02 -8.930218623254035037e+00 4.034669065854607634e-02 -7.622592768015972187e-01 4.034669065854607634e-02 -1.154928688807502724e+01
9.040222195637674929e-01 -1.861008248620144023e-01 -2.060292592304951431e-01 -1.861008248620144023e-01 1.868577385993793083e+00 1.922657623096892365e+00 -2.060292592304951431e-01 1.922657623096892365e+00 3.610172214961930304e-01
-1.772464501455288755e+01 -6.503307840323506728e-01 -5.913899434331056915e-01 -6.503307840323506728e-01 -1.767868880606953397e+01 6.307831339993082986e-01 -5.913899434331056915e-01 6.307831339993082986e-01 -1.294787846140227927e+01
-1.029265305118035378e+01 1.417358832990092167e-02 1.209524869501549110e-01 1.417358832990092167e-02 -9.931925528466104325e+00 -1.297502314207678864e-01 1.209524869501549110e-01 -1.297502314207678864e-01 -6.226495152227609964e+00
1.544100265662363025e+00 -1.709891464450090728e-02 3.053459575790444802e-01 -1.709891464450090728e-02 -3.633344375859811848e+00 -9.584017198688844497e-01 3.053459575790444802e-01 -9.584017198688844497e-01 -5.980152720966263047e+00
-1.866166890333558470e+01 5.434960219173462330e-03 -4.275876863925825444e-01 5.434960219173462330e-03 -1.619483416606342630e+01 9.197910109464495498e-01 -4.275876863925825444e-01 9.197910109464495498e-01 -8.762721808206018537e+00
-9.857775733445263810e+00 -2.184080856283437955e-02 -1.215568438571049958e-01 -2.184080856283437955e-02 -5.080078229096168130e+00 -1.356216832350779278e+00 -1.215568438571049958e-01 -1.356216832350779278e+00 1.064422403866841371e+01
-1.191647842761288345e+01 1.358977780283889270e-01 6.497233230857132336e-01 1.358977780283889270e-01 -8.453638844856980583e+00 -6.434104225599626692e-02 6.497233230857132336e-01 -6.434104225599626692e-02 3.772514204569376250e+00
-9.114819052961021129e+00 -1.663439157768522358e+00 8.931139958191840478e-01 -1.663439157768522358e+00 -4.840451566008764139e+00 -3.642602085881609497e+00 8.931139958191840478e-01 -3.642602085881609497e+00 4.911182868521333234e+00
-1.890000752664812111e+01 4.160555753987960417e-03 -4.370874137948312782e-03 4.160555753987960417e-03 -1.616610592423058534e+01 1.835704667131174417e-01 -4.370874137948312782e-03 1.835704667131174417e-01 -5.313027615482388555e+00
4.498031194679416700e+00 -2.184564117816552575e-01 8.124983486058466597e-03 -2.184564117816552575e-01 -1.171563650133361101e+01 1.409369623651069992e+00 8.124983486058466597e-03 1.409369623651069992e+00 -1.331258375791955828e+01
-8.779235017436921140e+00 -1.505757154969962652e+00 1.701347960039359952e+00 -1.505757154969962652e+00 -6.399962258143745863e+00 -2.523181998314252272e+00 1.701347960039359952e+00 -2.523181998314252272e+00 -6.680979494362744298e+00
-1.497880212994958171e+01 -7.262246377792493449e-03 -2.653513099578026519e-03 -7.262246377792493449e-03 -1.307846278709257248e+01 7.822709576957752320e-02 -2.653513099578026519e-03 7.822709576957752320e-02 -6.334186821623849717e+00
-1.203445646071832797e+01 0.000000000000000000e+00 -3.999883823874960363e-06 0.000000000000000000e+00 -1.288043588935170547e+01 1.999941911937480181e-05 -3.999883823874960363e-06 1.999941911937480181e-05 -9.350258422914382805e+00
-3.756692501751237145e+00 -1.898339563154764930e-06 2.467841432101194028e-05 -1.898339563154764930e-06 -5.495000141392492488e+00 1.898339563154764930e-06 2.467841432101194028e-05 1.898339563154764930e-06 -2.203588768230924533e+00
-3.659411849392803173e+00 2.483254172371935076e-01 -6.385690645576692637e-01 2.483254172371935076e-01 -4.973093293046416008e+00 -4.815918133562699932e-01 -6.385690645576692637e-01 -4.815918133562699932e-01 -4.982547911442558153e+00
-3.784031514655915807e+00 -3.261331331183688759e-02 1.999732149385652635e-01 -3.261331331183688759e-02 -5.066876469904379121e+00 1.398789942607811532e-01 1.999732149385652635e-01 1.398789942607811532e-01 -3.196865390897708270e+00
2.686327637612128338e+00 -2.441015921272379485e-01 -5.998229617154643423e-01 -2.441015921272379485e-01 -4.885627550165786204e+00 -1.464956202928469953e+00 -5.998229617154643423e-01 -1.464956202928469953e+00 -6.394677654087611351e+00
1.414036462698626373e+01 -5.183161935948243232e-02 5.014803857171109547e-01 -5.183161935948243232e-02 8.727420176261722062e+00 -1.707983033442367793e+00 5.014803857171109547e-01 -1.707983033442367793e+00 4.252863294934024374e+00
-1.220513988134037575e+01 -4.732335294592573266e-02 -2.293424883477652165e-01 -4.732335294592573266e-02 -9.197469073319245680e+00 1.162263688352579649e+00 -2.293424883477652165e-01 1.162263688352579649e+00 2.224929330614122680e+00
-8.493012941989370290e+00 -2.764767775574275555e-01 4.728358710549963040e-01 -2.764767775574275555e-01 -6.697817290959655168e+00 -7.662291632859914436e-01 4.728358710549963040e-01 -7.662291632859914436e-01 -4.419517782955817431e+00
-1.930135459143813748e+01 -4.285173379917519079e-03 7.742183819389984734e-02 -4.285173379917519079e-03 -1.669975120496326682e+01 4.620997251180557902e-02 7.742183819389984734e-02 4.620997251180557902e-02 -7.788473146964381755e+00
8.133716086840896864e+00 1.637915066308373857e-01 1.074688950860962500e-01 1.637915066308373857e-01 4.020746847721544448e+00 5.060957092980250538e-01 1.074688950860962500e-01 5.060957092980250538e-01 9.382707785783326315e-01
-6.355163771157252839e+00 -5.658221511733858566e-01 -4.119945936383496154e-01 -5.658221511733858566e-01 -7.527969924217066122e+00 2.080919351524448679e-01 -4.119945936383496154e-01 2.080919351524448679e-01 -6.895703098045688151e+00
-2.037470152819522085e+01 -1.459814281209882714e-01 8.243365437593519474e-01 -1.459814281209882714e-01 -1.785830357996014328e+01 -1.738304191161724188e-01 8.243365437593519474e-01 -1.738304191161724188e-01 -1.143188731094234534e+01
-1.694951749537217722e+00 -3.196623571814397602e-01 -5.473670807758592716e-01 -3.196623571814397602e-01 -2.190754726938496599e+00 -4.912578337812501528e-01 -5.473670807758592716e-01 -4.912578337812501528e-01 -4.885860719699713223e-02
-3.137005951555484895e+00 -1.955175814202406853e-02 5.103887443350849096e-02 -1.955175814202406853e-02 -4.012961015483036853e+00 4.986702174802251641e-01 5.103887443350849096e-02 4.986702174802251641e-01 -2.882513470319352678e+00
-1.344142554976188286e+01 -7.235451726740359524e-01 1.536808569929373758e-01 -7.235451726740359524e-01 -7.020647949786203768e+00 1.978244347598099973e+00 1.536808569929373758e-01 1.978244347598099973e+00 1.480729855444817389e+01
-1.416660694425421774e+01 2.752263121309312388e-01 5.817933444103254859e-01 2.752263121309312388e-01 -7.639030455085676685e+00 5.785316319723274869e-01 5.817933444103254859e-01 5.785316319723274869e-01 3.861744976700351550e+00
2.480738687392960884e+00 -4.509860252171125905e-02 -3.212821230787231142e-01 -4.509860252171125905e-02 -1.774594247043469242e+00 4.691692799358145871e-01 -3.212821230787231142e-01 4.691692799358145871e-01 -2.523115921439207820e+00
-1.554126313707138429e+01 -3.048476020047463306e-02 -3.447425640041937474e-03 -3.048476020047463306e-02 -1.404605899871980590e+01 9.548850209508999431e-02 -3.447425640041937474e-03 9.548850209508999431e-02 -7.254385393227595458e+00
-1.561831268738561107e+01 2.821619725745244667e-01 9.467824738737971035e-01 2.821619725745244667e-01 -1.291003459955619448e+01 4.714848307058719379e-01 9.467824738737971035e-01 4.714848307058719379e-01 -9.666625215807167493e+00
-1.148459986965976931e+01 4.685446697353892187e-01 -2.001422696776962162e-01 4.685446697353892187e-01 -7.192625858929822869e+00 8.205698906512934876e-01 -2.001422696776962162e-01 8.205698906512934876e-01 1.806273798357547200e+00
9.837180586630108747e-01 -1.835366806789386074e-01 5.659957619880128243e-01 -1.835366806789386074e-01 -5.667238057084811764e+00 -4.591782643212789089e-02 5.659957619880128243e-01 -4.591782643212789089e-02 -8.090963342430166350e+00
-9.277370748350266538e+00 -1.785943348571598921e-01 -1.274519358980779060e+00 -1.785943348571598921e-01 -8.088634536117156770e+00 -1.039629463080102623e+00 -1.274519358980779060e+00 -1.039629463080102623e+00 -8.829414517418587849e+00
4.206391762686881641e+00 3.308303120556350951e-02 -1.049105210848554071e-01 3.308303120556350951e-02 6.367112663236491610e-01 -6.627478450834477230e-02 -1.049105210848554071e-01 -6.627478450834477230e-02 3.680384802251996379e-01
-9.566049582434233756e+00 1.105593668863906302e-02 1.899318002296943309e-01 1.105593668863906302e-02 -8.530963585282780315e+00 -4.654110093331931819e-01 1.899318002296943309e-01 -4.654110093331931819e-01 -5.064161709293357738e+00
-1.338770624329447045e+01 -5.831922985311316365e-01 -7.423431262934008235e-01 -5.831922985311316365e-01 -4.536012582185200870e+00 2.679449633242559914e-01 -7.423431262934008235e-01 2.679449633242559914e-01 2.860271052196937891e+00
-5.995782531268583959e+00 -2.096703693009579206e-01 8.008673505002155135e-01 -2.096703693009579206e-01 1.032472123410786935e+01 -5.151635388473859711e-01 8.008673505002155135e-01 -5.151635388473859711e-01 -2.998524482989334050e+00
-1.694059019210908801e+01 -2.008930295651338571e-02 -5.379365607878743016e-02 -2.008930295651338571e-02 -1.302000125849028755e+01 -2.058412460708811953e-01 -5.379365607878743016e-02 -2.058412460708811953e-01 3.158537280763277888e+00
-1.582614010965878393e+01 1.973991576736027653e+00 -1.663147997759074848e+00 1.973991576736027653e+00 -1.044755826530128218e+01 -6.239661431085626653e+00 -1.663147997759074848e+00 -6.239661431085626653e+00 -6.389351680011407630e+00
1.270986994515498125e+01 -7.371527994110046132e-03 2.494270595365313259e-01 -7.371527994110046132e-03 5.558160829662985414e+00 2.360167091743650136e-01 2.494270595365313259e-01 2.360167091743650136e-01 1.874302544209010435e+00
-1.966072602564918226e+00 -2.069535904019364769e-01 -9.762725608385018627e-02 -2.069535904019364769e-01 -2.090217319521486150e+00 -4.869105984435380119e-01 -9.762725608385018627e-02 -4.869105984435380119e-01 -2.350723091952186539e-01
3.988197169774350126e+00 2.849440484129771023e-01 2.591103231610082935e-01 2.849440484129771023e-01 3.448688386054238886e-01 7.828234844761583489e-01 2.591103231610082935e-01 7.828234844761583489e-01 -3.485755266585648937e-01
-1.473944751218835769e+01 -8.812200220879425061e-02 -1.648480138050359700e-01 -8.812200220879425061e-02 -1.212665056442114597e+01 5.633729684650753272e-02 -1.648480138050359700e-01 5.633729684650753272e-02 -5.694625824031319894e+00
-1.252277632096996207e+01 -3.220561060169743750e-01 -4.462689807516664886e-02 -3.220561060169743750e-01 -9.740362128212087356e+00 2.476600524408747173e-01 -4.462689807516664886e-02 2.476600524408747173e-01 6.454825950335709717e-01
-1.430347806129781318e+01 9.614144137580129396e-03 -6.400657516085195287e-02 9.614144137580129396e-03 -1.209452803041506286e+01 -3.258995021405274722e-02 -6.400657516085195287e-02 -3.258995021405274722e-02 -3.497160264396915519e+00
-3.734540584568182275e+00 -1.781466833005784047e-06 5.344400499017351717e-06 -1.781466833005784047e-06 -5.478332956989559577e+00 3.741080349312146626e-05 5.344400499017351717e-06 3.741080349312146626e-05 -2.222933910359780274e+00
-2.779892840136965582e+00 -4.502060139003816880e-02 -2.121429201640253892e-01 -4.502060139003816880e-02 -3.133936584118582669e+00 -5.506294202974829632e-01 -2.121429201640253892e-01 -5.506294202974829632e-01 -2.312892840930332206e+00
1.277110100906699941e+01 5.144860304071519064e-01 7.714697737478701765e-03 5.144860304071519064e-01 6.254886551102974757e+00 -3.032356679665894061e-01 7.714697737478701765e-03 -3.032356679665894061e-01 2.352141536194179317e+00
1.145723705607853127e+01 -3.564274670543691181e-01 -1.636894131659127893e+00 -3.564274670543691181e-01 3.467341504675147235e+00 3.642889167970972952e+00 -1.636894131659127893e+00 3.642889167970972952e+00 1.128633196608904266e+00
-1.750097225745586016e+01 -1.272213609837608526e-02 2.328648985651001271e-02 -1.272213609837608526e-02 -1.407279134338216942e+01 5.400044473098503106e-01 2.328648985651001271e-02 5.400044473098503106e-01 -1.249371170650491081e+00
-5.963567782677016815e+00 -1.142370943616289047e-01 8.927819502111292715e-01 -1.142370943616289047e-01 -5.051216252783939709e+00 -2.035478290414710068e-01 8.927819502111292715e-01 -2.035478290414710068e-01 1.235661654645217267e+00
-1.844110650356914860e+01 8.670983924978491533e-03 -5.459353383699470236e-02 8.670983924978491533e-03 -1.544546625945516105e+01 -3.812994666711895797e-01 -5.459353383699470236e-02 -3.812994666711895797e-01 -3.784223013650440670e+00
-5.001584261130496145e+00 2.861437262810843235e-02 -2.040792370102439690e-01 2.861437262810843235e-02 -7.650174869791348975e+00 -1.636079605874865228e+00 -2.040792370102439690e-01 -1.636079605874865228e+00 -6.182602124948678224e+00
-9.241909959157045051e+00 -4.592932131469433799e-01 -8.447205318821187081e-01 -4.592932131469433799e-01 -6.634392562235658986e+00 1.113972564363976181e+00 -8.447205318821187081e-01 1.113972564363976181e+00 -6.912824696817242653e+00
-3.033666066499472735e-02 -1.031748624394165925e-02 2.328825894105193417e-01 -1.031748624394165925e-02 -5.911215848559336905e+00 5.381654372497954864e-01 2.328825894105193417e-01 5.381654372497954864e-01 -7.035464227290290751e+00
1.054342116694335552e+01 -9.144264778199015509e-02 1.433205933769757523e-01 -9.144264778199015509e-02 2.424884553604205628e+00 -1.284047453872376732e-01 1.433205933769757523e-01 -1.284047453872376732e-01 -1.315804342314110364e+00
-1.326623414442953042e+01 -2.395701413125563006e-01 9.357068150031835896e-02 -2.395701413125563006e-01 -1.046293145049203410e+01 -2.497102599050615712e-01 9.357068150031835896e-02 -2.497102599050615712e-01 -2.410237133585003022e+00
4.062963330606881307e+00 -2.314573496977591002e-02 -1.215955976797996191e-01 -2.314573496977591002e-02 -1.452740240714899267e-01 5.733369481568656445e-01 -1.215955976797996191e-01 5.733369481568656445e-01 -1.398528644469301252e+00
-1.802915378942340041e+01 -1.205148483524765279e-01 -6.109540698787573748e-02 -1.205148483524765279e-01 -1.512529677452412002e+01 5.233325490032821881e-01 -6.109540698787573748e-02 5.233325490032821881e-01 -6.730253947425966388e+00
-1.189581137475981976e+01 -4.536783862296489556e-01 6.769730314568748186e-01 -4.536783862296489556e-01 -1.213880115616823474e+01 -1.500904035907146272e-01 6.769730314568748186e-01 -1.500904035907146272e-01 -1.065059643824306868e+01
-1.705332871937391914e+01 5.199132879759926773e-02 3.820874070782232651e-02 5.199132879759926773e-02 -1.319462804988265603e+01 7.717084707040669511e-02 3.820874070782232651e-02 7.717084707040669511e-02 1.100647204645491373e+00
