-1.879416731521550687e+01 9.359067242833818412e-02 8.004156958503212682e-02 9.359067242833818412e-02 -1.832645005892371515e+01 7.798913516129507562e-01 8.004156958503212682e-02 7.798913516129507562e-01 -1.370620936229706466e+01
-1.931778621840253152e+01 4.929803396357581025e-01 3.439308576514008009e-01 4.929803396357581025e-01 -1.934161320788059868e+01 6.510821156555835106e-03 3.439308576514008009e-01 6.510821156555835106e-03 -1.459835646412468968e+01
-1.945793237045154100e+01 4.842732063200851367e-01 3.257281712706280308e-01 4.842732063200851367e-01 -1.957816093233300947e+01 -1.323891190304584409e-01 3.257281712706280308e-01 -1.323891190304584409e-01 -1.498495282001349871e+01
-1.975582363985833823e+01 3.997269298831420126e-01 1.625211760726265608e-01 3.997269298831420126e-01 -1.864565522989029489e+01 -6.569008280391674948e-01 1.625211760726265608e-01 -6.569008280391674948e-01 -1.431203191172891209e+01
8.855626172032811994e+00 -1.702826513300600642e+00 -1.036605588764960784e+00 -1.702826513300600642e+00 8.256540360762070208e+00 -2.929288553306338971e-01 -1.036605588764960784e+00 -2.929288553306338971e-01 -1.508352228907031967e-01
-1.875036718621409548e+01 5.201909678558208627e-01 1.928350131286513391e-01 5.201909678558208627e-01 -1.971715757054174389e+01 5.413662582122417133e-01 1.928350131286513391e-01 5.413662582122417133e-01 -1.398087831767066014e+01
-1.879416731521550687e+01 9.359067242833818412e-02 8.004156958503212682e-02 9.359067242833818412e-02 -1.832645005892371515e+01 7.798913516129507562e-01 8.004156958503212682e-02 7.798913516129507562e-01 -1.370620936229706466e+01
-1.470473652109384233e+01 -4.343710488179645668e-01 -6.940636592483279133e-02 -4.343710488179645668e-01 -1.492088045017718656e+01 -1.496753134422781073e-01 -6.940636592483279133e-02 -1.496753134422781073e-01 -9.374353093617992627e+00
-1.952618279309196936e+01 4.986200830765504799e-01 2.065881985992275571e-01 4.986200830765504799e-01 -2.022014646028015861e+01 5.426017058740775223e-01 2.065881985992275571e-01 5.426017058740775223e-01 -1.525546941971977688e+01
-1.799063348323910816e+01 3.062685785747925049e-01 1.430797321986038984e-01 3.062685785747925049e-01 -1.753463635357270078e+01 -1.268782707837460721e+00 1.430797321986038984e-01 -1.268782707837460721e+00 -1.053355243963435228e+01
-1.593468620592285667e+01 3.499440823080532392e-02 3.005261758346209899e-01 3.499440823080532392e-02 -1.716936465638089970e+01 -1.065948010197865337e+00 3.005261758346209899e-01 -1.065948010197865337e+00 -1.007398308815074728e+01
-1.968518381191766764e+01 3.810213175501679927e-01 1.627535439276945606e-01 3.810213175501679927e-01 -1.864702465111616192e+01 -5.947981950936939155e-01 1.627535439276945606e-01 -5.947981950936939155e-01 -1.433001873283020977e+01
-1.952618279309196936e+01 4.986200830765504799e-01 2.065881985992275571e-01 4.986200830765504799e-01 -2.022014646028015861e+01 5.426017058740775223e-01 2.065881985992275571e-01 5.426017058740775223e-01 -1.525546941971977688e+01
-1.715117516202550974e+01 6.611575868361662112e-01 1.212591095182274509e-01 6.611575868361662112e-01 -1.858760362849856307e+01 4.566211418506862518e-01 1.212591095182274509e-01 4.566211418506862518e-01 -1.151696397970703245e+01
-1.989502937291710793e+01 4.535847850595667863e-01 3.896519365766790144e-01 4.535847850595667863e-01 -2.021924065365600498e+01 5.986176862467295495e-02 3.896519365766790144e-01 5.986176862467295495e-02 -1.591359683680999026e+01
-1.835230177175055033e+01 -3.128752423512081160e-01 2.618161104982675291e-01 -3.128752423512081160e-01 -1.780577863923993931e+01 2.871433231532708463e-01 2.618161104982675291e-01 2.871433231532708463e-01 -1.469438667528072529e+01
-1.989502937291710793e+01 4.535847850595667863e-01 3.896519365766790144e-01 4.535847850595667863e-01 -2.021924065365600498e+01 5.986176862467295495e-02 3.896519365766790144e-01 5.986176862467295495e-02 -1.591359683680999026e+01
5.548267615988096146e+00 5.996579705926662340e-01 -8.993106799436384469e-01 5.996579705926662340e-01 5.216207462294671693e+00 -9.755206469879504905e-01 -8.993106799436384469e-01 -9.755206469879504905e-01 -5.408665266143535266e-01
-1.933815299634562734e+01 5.093874725460953989e-01 2.089492065832187218e-01 5.093874725460953989e-01 -1.995577635883867984e+01 6.495864499678158932e-01 2.089492065832187218e-01 6.495864499678158932e-01 -1.460891115086972647e+01
-1.939062657323830052e+01 3.687615895167802860e-01 1.391170857101776126e-01 3.687615895167802860e-01 -1.845774709109197076e+01 -8.865267424173648436e-01 1.391170857101776126e-01 -8.865267424173648436e-01 -1.328451519868952069e+01
-1.763600909342957834e+01 2.678268431839985753e-01 3.269399526555222257e-01 2.678268431839985753e-01 -1.872137733618725264e+01 -2.549967113667380714e-01 3.269399526555222257e-01 -2.549967113667380714e-01 -1.274488435877472803e+01
-1.879416731521550687e+01 9.359067242833818412e-02 8.004156958503212682e-02 9.359067242833818412e-02 -1.832645005892371515e+01 7.798913516129507562e-01 8.004156958503212682e-02 7.798913516129507562e-01 -1.370620936229706466e+01
-1.886209121428633395e+01 4.495035818776703107e-01 3.905176277563483511e-01 4.495035818776703107e-01 -1.954293904257409764e+01 4.811432866099456529e-01 3.905176277563483511e-01 4.811432866099456529e-01 -1.356508032251125684e+01
-1.804027810091487183e+01 4.434229304691624240e-01 1.341568065639927310e-01 4.434229304691624240e-01 -1.818010313402348999e+01 -8.153121913151579747e-01 1.341568065639927310e-01 -8.153121913151579747e-01 -1.289239134502420292e+01
-1.739545537211721538e+01 5.629462341735905762e-01 6.112796347571074485e-01 5.629462341735905762e-01 -1.862687982222406191e+01 4.039506735530325465e-01 6.112796347571074485e-01 4.039506735530325465e-01 -1.353190612163232664e+01
-1.857806319663283290e+01 3.483688978538187486e-01 4.599629918343066115e-01 3.483688978538187486e-01 -1.890584598250392645e+01 -3.736582788025948898e-01 4.599629918343066115e-01 -3.736582788025948898e-01 -1.261340074682097523e+01
-1.530914411776335626e+01 6.505389416807481062e-01 6.067235132558121968e-01 6.505389416807481062e-01 -1.715627352638215797e+01 4.279120940482812885e-01 6.067235132558121968e-01 4.279120940482812885e-01 -1.110771703867105131e+01
-1.952618279309196936e+01 4.986200830765504799e-01 2.065881985992275571e-01 4.986200830765504799e-01 -2.022014646028015861e+01 5.426017058740775223e-01 2.065881985992275571e-01 5.426017058740775223e-01 -1.525546941971977688e+01
-1.975582363985833823e+01 3.997269298831420126e-01 1.625211760726265608e-01 3.997269298831420126e-01 -1.864565522989029489e+01 -6.569008280391674948e-01 1.625211760726265608e-01 -6.569008280391674948e-01 -1.431203191172891209e+01
-1.928295815544328207e+01 4.662739597320437746e-01 2.907917273580722939e-01 4.662739597320437746e-01 -2.003417626624326076e+01 5.009292870289779875e-01 2.907917273580722939e-01 5.009292870289779875e-01 -1.472789559245656754e+01
-1.958703627729404673e+01 4.077869962159340056e-01 1.778559053880807428e-01 4.077869962159340056e-01 -1.846418522979638865e+01 -6.908172401648926542e-01 1.778559053880807428e-01 -6.908172401648926542e-01 -1.400797082777726388e+01
-1.908741206466280005e+01 4.481048730254520995e-01 2.728000302141076472e-01 4.481048730254520995e-01 -1.988191008910548874e+01 2.431006219367612131e-01 2.728000302141076472e-01 2.431006219367612131e-01 -1.466529434485976147e+01
-1.956107768964488258e+01 3.831219229599827081e-01 2.300302344460155857e-01 3.831219229599827081e-01 -1.857076616843994543e+01 -3.520434969041545958e-01 2.300302344460155857e-01 -3.520434969041545958e-01 -1.384250322730237492e+01
-1.923016081145875944e+01 5.116299183168970810e-01 4.904588497458866048e-01 5.116299183168970810e-01 -1.979801559439491143e+01 1.853476732592296006e-01 4.904588497458866048e-01 1.853476732592296006e-01 -1.533260233026185126e+01
-1.879416731521550687e+01 9.359067242833818412e-02 8.004156958503212682e-02 9.359067242833818412e-02 -1.832645005892371515e+01 7.798913516129507562e-01 8.004156958503212682e-02 7.798913516129507562e-01 -1.370620936229706466e+01
-1.975582363985833823e+01 3.997269298831420126e-01 1.625211760726265608e-01 3.997269298831420126e-01 -1.864565522989029489e+01 -6.569008280391674948e-01 1.625211760726265608e-01 -6.569008280391674948e-01 -1.431203191172891209e+01
-1.912891220719424723e+01 3.448307986828439420e-01 1.630664659725194476e-01 3.448307986828439420e-01 -1.816128133776297915e+01 -5.030144414608678227e-01 1.630664659725194476e-01 -5.030144414608678227e-01 -1.349011117861561893e+01
8.037770431432342377e+00 5.168342393968333726e-01 -5.678873060218273539e-01 5.168342393968333726e-01 7.423876470151546947e+00 -1.285462952219284638e+00 -5.678873060218273539e-01 -1.285462952219284638e+00 -3.596179598181603043e-01
-1.989502937291710793e+01 4.535829684241994286e-01 3.896519365766790144e-01 4.535829684241994286e-01 -2.021924065365600498e+01 5.986176862467295495e-02 3.896519365766790144e-01 5.986176862467295495e-02 -1.591359683680999026e+01
-1.975489593731566984e+01 4.694785278884470725e-01 3.675017015426708666e-01 4.694785278884470725e-01 -1.997337177313375634e+01 4.479459488793353233e-02 3.675017015426708666e-01 4.479459488793353233e-02 -1.560071409422184097e+01
-1.869100760998496469e+01 1.057248266426258354e-01 1.035627716457228759e-01 1.057248266426258354e-01 -1.819035864704377659e+01 8.587928672370576111e-01 1.035627716457228759e-01 8.587928672370576111e-01 -1.359371841658456859e+01
-1.952618279309196936e+01 4.986200830765504799e-01 2.065881985992275571e-01 4.986200830765504799e-01 -2.022014646028015861e+01 5.426017058740775223e-01 2.065881985992275571e-01 5.426017058740775223e-01 -1.525546941971977688e+01
-1.989502937291710793e+01 4.535847850595667863e-01 3.896519365766790144e-01 4.535847850595667863e-01 -2.021924065365600498e+01 5.986176862467295495e-02 3.896519365766790144e-01 5.986176862467295495e-02 -1.591359683680999026e+01
-1.951427260715805190e+01 4.054323352845782269e-01 1.539994722677661132e-01 4.054323352845782269e-01 -1.885629514139040452e+01 -7.620503806955049031e-01 1.539994722677661132e-01 -7.620503806955049031e-01 -1.422660264437267941e+01
-1.628348707081902802e+01 -3.575267893371393280e-01 9.287450828500427857e-02 -3.575267893371393280e-01 -1.627884020127028109e+01 1.571390050249118209e-01 9.287450828500427857e-02 1.571390050249118209e-01 -1.210335380768793989e+01
-1.879416731521550687e+01 9.359067242833818412e-02 8.004156958503212682e-02 9.359067242833818412e-02 -1.832645005892371515e+01 7.798913516129507562e-01 8.004156958503212682e-02 7.798913516129507562e-01 -1.370620936229706466e+01
-1.872831907641678129e+01 5.354935648158913875e-01 1.424862039062119168e-01 5.354935648158913875e-01 -1.949967796676104825e+01 6.841836939566332543e-01 1.424862039062119168e-01 6.841836939566332543e-01 -1.350634082999464702e+01
-1.985363006953073750e+01 4.644319148379693618e-01 3.583186097607540810e-01 4.644319148379693618e-01 -2.012523703993749535e+01 -2.901711672256316113e-02 3.583186097607540810e-01 -2.901711672256316113e-02 -1.586950164653848461e+01
-1.942199860634094222e+01 4.883424771781527673e-01 1.778118439751968372e-01 4.883424771781527673e-01 -2.019215501522527845e+01 5.893210932487857878e-01 1.778118439751968372e-01 5.893210932487857878e-01 -1.488373153831481766e+01
-1.745337275819107958e+01 -3.122464154518287405e-01 3.287200678389034514e-01 -3.122464154518287405e-01 -1.730337335703912061e+01 2.285140828578015870e-01 3.287200678389034514e-01 2.285140828578015870e-01 -1.390134404969341730e+01
-1.791191494559518915e+01 -2.952761510519108512e-01 1.608281228346041813e-01 -2.952761510519108512e-01 -1.742251993070486193e+01 3.157565594516977270e-01 1.608281228346041813e-01 3.157565594516977270e-01 -1.409312174261414086e+01
-1.725309474155541523e+01 4.543931877980342260e-01 4.466434213209506954e-01 4.543931877980342260e-01 -1.840941766894095366e+01 1.380461215643632653e-02 4.466434213209506954e-01 1.380461215643632653e-02 -1.158510156367817245e+01
-1.975582363985833823e+01 3.997269298831420126e-01 1.625211760726265608e-01 3.997269298831420126e-01 -1.864565522989029489e+01 -6.569008280391674948e-01 1.625211760726265608e-01 -6.569008280391674948e-01 -1.431203191172891209e+01
-1.952618279309196936e+01 4.986200830765504799e-01 2.065881985992275571e-01 4.986200830765504799e-01 -2.022014646028015861e+01 5.426017058740775223e-01 2.065881985992275571e-01 5.426017058740775223e-01 -1.525546941971977688e+01
-1.949531145976998303e+01 4.200151801064431201e-01 4.480694800843146308e-01 4.200151801064431201e-01 -1.990527337975355238e+01 -5.786165308522877443e-02 4.480694800843146308e-01 -5.786165308522877443e-02 -1.485872027824296460e+01
-1.989502937291710793e+01 4.535829684241994286e-01 3.896519365766790144e-01 4.535829684241994286e-01 -2.021924065365600498e+01 5.986176862467295495e-02 3.896519365766790144e-01 5.986176862467295495e-02 -1.591359683680999026e+01
-1.910008426925092806e+01 4.363067660807714576e-01 3.865763728997680393e-01 4.363067660807714576e-01 -1.971318780591684927e+01 -1.260018290788819141e-02 3.865763728997680393e-01 -1.260018290788819141e-02 -1.453487959111900629e+01
-1.975582363985833823e+01 3.997269298831420126e-01 1.625211760726265608e-01 3.997269298831420126e-01 -1.864565522989029489e+01 -6.569008280391674948e-01 1.625211760726265608e-01 -6.569008280391674948e-01 -1.431203191172891209e+01
