1.917402613980234705e+00 2.693139393933388082e+00 1.509112786565779629e+00 2.693139393933388082e+00 3.889329661638144531e-01 7.741413780022243785e-01 1.509112786565779629e+00 7.741413780022243785e-01 1.231503780658558611e+01
-1.007815928286542650e+01 1.630574426509489305e-01 -1.664348941079223154e+00 1.630574426509489305e-01 -4.313469666591696061e+00 -1.145182964643020274e+00 -1.664348941079223154e+00 -1.145182964643020274e+00 1.101649712660280445e+00
-6.808545737183251401e-01 1.210469531184659386e+00 -4.246262836117668110e-02 1.210469531184659386e+00 -2.877699436835119862e+00 -4.424515550465263347e-01 -4.246262836117668110e-02 -4.424515550465263347e-01 3.575458280040317849e+00
-1.455337730455319445e+01 7.339192761826062172e-01 -1.975795695724038570e+00 7.339192761826062172e-01 -8.505890627381610614e+00 1.464686376398181666e+00 -1.975795695724038570e+00 1.464686376398181666e+00 3.286836250080036770e+00
5.981550749206868467e+00 -1.284504624309771303e+00 3.168989513411526904e+00 -1.284504624309771303e+00 4.614836479691152960e+00 3.675243172568977812e+00 3.168989513411526904e+00 3.675243172568977812e+00 1.499192737179900803e+01
-8.069141590304782952e+00 1.707367832893481152e+00 6.520912202890745135e+00 1.707367832893481152e+00 2.285331909621685309e+00 2.549988450749417268e+00 6.520912202890745135e+00 2.549988450749417268e+00 1.197207805176377704e+01
-1.027999506301866894e+01 -8.843765668437381100e-01 1.141258721479362637e-01 -8.843765668437381100e-01 -7.818172438938828961e+00 -1.111150772751610116e+00 1.141258721479362637e-01 -1.111150772751610116e+00 -5.808378783311443527e+00
-3.889903012440112828e+00 -6.834076860996295411e-01 4.681108539027085236e+00 -6.834076860996295411e-01 -6.441985759033472370e+00 3.016626234355444525e-01 4.681108539027085236e+00 3.016626234355444525e-01 1.315715995039989039e+01
3.125405510975521217e+00 2.323273794387279434e+00 -5.464597933059357260e+00 2.323273794387279434e+00 1.592055008135232208e-01 -3.667719232913521310e+00 -5.464597933059357260e+00 -3.667719232913521310e+00 8.073781610131192110e+00
1.549262851217271830e+01 3.533460051862688522e-01 -1.643438403936429593e+00 3.533460051862688522e-01 7.803557186759371156e+00 -2.609708327518045490e+00 -1.643438403936429593e+00 -2.609708327518045490e+00 2.478524439670528423e+01
-8.676820695098857783e+00 5.351031813880716692e-01 1.585594419749909223e+00 5.351031813880716692e-01 -1.898793396991816262e+00 -1.194037214719644302e+00 1.585594419749909223e+00 -1.194037214719644302e+00 6.642041515337020918e+00
6.507887246749038290e+00 1.593011316147717515e+00 8.999906801487737029e-01 1.593011316147717515e+00 1.416362669716794720e+01 5.764520603869426552e+00 8.999906801487737029e-01 5.764520603869426552e+00 1.488407205967403613e+00
-7.900017819471935709e+00 6.846692996744764281e-01 1.216965493290078859e+00 6.846692996744764281e-01 3.388186389933619314e+00 -2.174682231805623367e+00 1.216965493290078859e+00 -2.174682231805623367e+00 -7.493679816527064830e+00
6.619717253209133290e+00 -7.811716039236749065e-01 -4.701274211467461939e+00 -7.811716039236749065e-01 1.422715681582818448e+01 3.987641073440186368e+00 -4.701274211467461939e+00 3.987641073440186368e+00 1.623537801500388511e+01
-4.003763664560726632e+00 5.742854032383714058e-01 4.532263797521258186e-01 5.742854032383714058e-01 -4.253365905641628975e-01 3.056184920562488916e+00 4.532263797521258186e-01 3.056184920562488916e+00 1.379545298808141318e+01
-7.479746306461247940e+00 3.787775196095377050e-01 -2.991192656556282414e-01 3.787775196095377050e-01 3.669894948568687809e+00 4.522811743222542979e+00 -2.991192656556282414e-01 4.522811743222542979e+00 7.566394931107966570e+00
2.686837124022035184e+01 -9.992019174216333344e-01 -1.926421353572066675e+00 -9.992019174216333344e-01 3.570303216421912396e+01 4.978388716214748655e+00 -1.926421353572066675e+00 4.978388716214748655e+00 2.311551377262394524e+01
1.152449757570422229e+01 7.776551061904535267e-01 -3.539853137538452099e+00 7.776551061904535267e-01 2.201758038164228992e+01 -1.274568694616002640e+00 -3.539853137538452099e+00 -1.274568694616002640e+00 3.272879628471038416e+01
-5.228293719138980222e+00 3.526255234890370627e+00 -1.054290529463877357e+00 3.526255234890370627e+00 -6.127852738606070382e+00 -1.138565580811970790e+00 -1.054290529463877357e+00 -1.138565580811970790e+00 1.197903947230343213e+01
-4.683527589282509673e+00 7.121834926989909498e-01 -4.813312600894898097e+00 7.121834926989909498e-01 4.509250908952914472e+00 -2.626128544641790352e+00 -4.813312600894898097e+00 -2.626128544641790352e+00 1.574974847929491339e+01
-1.970852494376157615e+00 -3.682372124461569030e+00 2.875151528909740684e-01 -3.682372124461569030e+00 2.821550578810558374e+00 -1.824664670118069543e+00 2.875151528909740684e-01 -1.824664670118069543e+00 1.316719265713069298e+01
6.880220309433709325e+00 -2.088872289913199065e+00 -6.052577265019394304e-01 -2.088872289913199065e+00 4.696583420231685402e+00 -1.285953677148667706e+00 -6.052577265019394304e-01 -1.285953677148667706e+00 5.560237858225064222e+00
2.409680992135923905e+00 -1.466688858808734341e+00 -9.736776515877725302e-01 -1.466688858808734341e+00 -8.893146018049421508e-01 -1.052107397547344059e+00 -9.736776515877725302e-01 -1.052107397547344059e+00 1.922423626886513048e+01
-9.549330483846466544e-01 -2.322155832915751894e+00 -6.943806628657598345e-01 -2.322155832915751894e+00 1.030914714186414294e+01 4.969700460962632960e+00 -6.943806628657598345e-01 4.969700460962632960e+00 4.013087707239407997e+00
4.814362163765013136e+00 3.281528240377531991e-01 -2.704078651954718193e+00 3.281528240377531991e-01 7.344930964581085853e+00 -8.771603007308648170e-02 -2.704078651954718193e+00 -8.771603007308648170e-02 5.628588025273104201e+00
-3.666295405647888916e+00 2.592885343689625532e+00 -4.350844091254429391e-01 2.592885343689625532e+00 1.375910336807086409e+01 -3.260448291354832495e+00 -4.350844091254429391e-01 -3.260448291354832495e+00 1.647027521401588590e+00
-1.147001978049642101e+00 -1.604644250184703802e+00 -1.046217081409863692e+00 -1.604644250184703802e+00 1.832121406072764858e+00 -4.605139234020160011e+00 -1.046217081409863692e+00 -4.605139234020160011e+00 7.366243705746498449e+00
-6.324320533903556196e+00 7.809585497923039465e-01 -8.473647777378571222e-01 7.809585497923039465e-01 -5.240191853631444907e+00 5.785361954107787197e-01 -8.473647777378571222e-01 5.785361954107787197e-01 8.884373179795542086e+00
1.691884801686545359e+01 -1.772699496125255347e+00 -2.498695016848063943e+00 -1.772699496125255347e+00 1.626438095650026128e+01 -1.700359154167893350e-01 -2.498695016848063943e+00 -1.700359154167893350e-01 2.714485957525534587e+01
-2.848535462362378645e+00 8.312156697375028269e-01 1.107921387896496634e+00 8.312156697375028269e-01 1.039900570359070819e+01 2.145507405416799518e+00 1.107921387896496634e+00 2.145507405416799518e+00 -4.156790429725954361e+00
-3.660270215885638116e-03 -3.378920050465759939e+00 -1.200578762044776093e+00 -3.378920050465759939e+00 2.682367299548599870e+00 -6.919068563370913694e-01 -1.200578762044776093e+00 -6.919068563370913694e-01 3.790491312130831680e+00
-1.129108651037200950e+01 9.780928525236652904e-01 -8.397713691225782151e-01 9.780928525236652904e-01 1.047480077973679480e+00 1.632957077916758148e+00 -8.397713691225782151e-01 1.632957077916758148e+00 1.160545784008159842e+01
-1.449897018160075035e+01 7.114784467754196873e-02 -4.859904931600129152e-01 7.114784467754196873e-02 -3.042499947938924088e+00 7.004089068464675272e+00 -4.859904931600129152e-01 7.004089068464675272e+00 1.793356685299960729e+00
-9.122764793787855098e+00 -2.089646280882923257e+00 9.308053939561731216e-01 -2.089646280882923257e+00 -2.682660768412267749e-01 -1.922451435011890641e+00 9.308053939561731216e-01 -1.922451435011890641e+00 1.333882724403762765e+01
-9.553701518909027968e+00 -1.830607349967311892e+00 -1.022914172444622460e+00 -1.830607349967311892e+00 6.611930266898129460e+00 -8.114848829365220340e+00 -1.022914172444622460e+00 -8.114848829365220340e+00 9.680262308588279296e+00
-2.167834886183060972e-01 4.334195944022909419e-01 2.494756926094692684e+00 4.334195944022909419e-01 1.942100773956933368e+00 3.508763642123412296e+00 2.494756926094692684e+00 3.508763642123412296e+00 -2.453848577646573048e+00
-6.462454969624293000e+00 1.138005114938364759e+00 2.876898790577177567e-01 1.138005114938364759e+00 -3.933924229145866480e+00 1.173149939966625199e+00 2.876898790577177567e-01 1.173149939966625199e+00 7.404277648859803662e+00
2.964008441812451711e+00 2.526900890071178019e+00 3.142899020704691182e+00 2.526900890071178019e+00 9.453715853479076614e+00 -3.144474914264504761e+00 3.142899020704691182e+00 -3.144474914264504761e+00 9.594699082963558112e+00
8.232773083224415700e+00 5.773622913122495870e-01 -1.838237681677471480e+00 5.773622913122495870e-01 8.270307298279487185e+00 -1.689845420914126040e+00 -1.838237681677471480e+00 -1.689845420914126040e+00 1.078241507350383266e+01
4.271754373910144231e+00 4.823531514112322505e-01 -7.939073055727731143e-01 4.823531514112322505e-01 2.755920347623856870e+01 -3.829873342000936209e-01 -7.939073055727731143e-01 -3.829873342000936209e-01 1.000727154474380676e+01
-7.636120368549645931e+00 6.409017104799735742e-01 2.175214867023066656e+00 6.409017104799735742e-01 3.154336892097056033e+00 -1.795116025757162337e+00 2.175214867023066656e+00 -1.795116025757162337e+00 1.358682280176594759e+01
2.676743121481372611e+01 -1.256253455993827650e+00 7.266004111123733011e+00 -1.256253455993827650e+00 2.054655534799062977e+01 -9.337435378372139771e-01 7.266004111123733011e+00 -9.337435378372139771e-01 3.390177550829664455e+01
-9.298355496490886551e+00 -1.809731543412660404e+00 -3.688429363935811223e-01 -1.809731543412660404e+00 -4.006457085663927664e+00 1.093310117530953862e+00 -3.688429363935811223e-01 1.093310117530953862e+00 -9.346080607237748694e+00
-9.707726752134314907e+00 -1.181197267002907614e+00 8.915516298350467661e-02 -1.181197267002907614e+00 -4.849041975854632369e+00 -1.435346286027955776e+00 8.915516298350467661e-02 -1.435346286027955776e+00 -7.043309092888891065e+00
2.810192956211171378e+00 -9.547549279385124654e-01 6.502046774689139719e-01 -9.547549279385124654e-01 7.142682245287142351e+00 -6.266147787519113166e+00 6.502046774689139719e-01 -6.266147787519113166e+00 1.231452977630038781e+01
-1.069189108767109531e+01 9.328616428283975637e-01 -1.382435525142936550e+00 9.328616428283975637e-01 -4.901618873120590081e+00 2.505367389067623574e+00 -1.382435525142936550e+00 2.505367389067623574e+00 4.620209268485546694e+00
