1.171966175020055800e+01 6.370606403504401882e+00 5.417006683601319206e-02 6.370606403504401882e+00 1.261274219317574818e+01 1.773091489416993793e+00 5.417006683601319206e-02 1.773091489416993793e+00 5.556676772637897166e+00
5.853438614488593039e+00 -4.686280986730426257e+00 1.538685341814731267e+00 -4.686280986730426257e+00 7.127923378763509454e+00 1.788870778840632614e+00 1.538685341814731267e+00 1.788870778840632614e+00 1.109144053342089764e+00
1.148612254478628802e+00 3.673767989240728227e+00 -1.828869881222707328e+00 3.673767989240728227e+00 -5.497052083139030820e+00 5.290706827793218991e+00 -1.828869881222707328e+00 5.290706827793218991e+00 -6.374729432858888600e+00
-9.569680925487745071e+00 -1.098762665529180893e+00 -3.813456623561491288e+00 -1.098762665529180893e+00 -1.155107624256523735e+01 1.407189136300937227e+00 -3.813456623561491288e+00 1.407189136300937227e+00 -4.056244513149070308e+00
4.155387846703339605e+00 -6.113944638141833643e+00 2.879531989322751784e+00 -6.113944638141833643e+00 1.005748275530588742e+01 3.234706508082556109e+00 2.879531989322751784e+00 3.234706508082556109e+00 5.602936045307756352e+00
1.874441309965302693e+01 3.645710053473123491e+00 4.708525355575431393e-01 3.645710053473123491e+00 1.213152966295507440e+01 6.097585960715877107e+00 4.708525355575431393e-01 6.097585960715877107e+00 1.630881598251778541e+01
-1.141226782087755787e+01 -1.839247913016573532e+00 2.957931706791513182e+00 -1.839247913016573532e+00 -9.641388437478504159e+00 1.046192328415581185e+00 2.957931706791513182e+00 1.046192328415581185e+00 -1.289458617563953746e+00
2.254161228872554545e+00 -2.233211935716931329e+00 8.911840831953707465e+00 -2.233211935716931329e+00 1.350877154514751988e+00 1.497276021636413483e-02 8.911840831953707465e+00 1.497276021636413483e-02 -1.069668446676433460e+00
3.313144956233822658e+00 -1.869662157624710108e+00 1.367781569735186276e+00 -1.869662157624710108e+00 3.726759141666269315e+00 6.130512261181663369e+00 1.367781569735186276e+00 6.130512261181663369e+00 4.156846861607133903e+00
