4.861029793369671559e+00 3.032401170048893313e+00 -5.430547759410115027e+00 3.032401170048893313e+00 6.548755644422603162e+00 -1.279013371834466062e+00 -5.430547759410115027e+00 -1.279013371834466062e+00 7.950034623827858304e+00
1.676122529592403154e+01 -1.157903160744794135e+01 -1.031373740510849180e+00 -1.157903160744794135e+01 1.318976721860562407e+01 1.670032681807840147e+00 -1.031373740510849180e+00 1.670032681807840147e+00 1.355728204416894656e+01
-1.631095433057125632e+01 -8.052977410008390624e-01 -1.960719644763014413e+00 -8.052977410008390624e-01 -4.655404176399774663e+00 -2.324920834753417154e+00 -1.960719644763014413e+00 -2.324920834753417154e+00 -1.018659155144379191e+01
1.417382394755421338e+01 1.827991703878289131e+00 4.308288483538055047e+00 1.827991703878289131e+00 1.627249386073997428e+01 3.115882007943294507e+00 4.308288483538055047e+00 3.115882007943294507e+00 6.820541413580410328e+00
1.796308903060100448e+01 -4.352908873534372169e+00 -1.407614484729597271e+00 -4.352908873534372169e+00 2.586838805242848593e+00 7.403392028574887762e-01 -1.407614484729597271e+00 7.403392028574887762e-01 1.274332624282885895e+01
2.076180635941559416e+01 -2.554970547865346386e+00 3.519222075297536279e+00 -2.554970547865346386e+00 2.185016495341945841e+01 -7.455096600783189809e-01 3.519222075297536279e+00 -7.455096600783189809e-01 1.648460091022748131e+01
2.150319562502393822e+01 1.026719149306119627e+00 2.602873268011166363e+00 1.026719149306119627e+00 9.748663259955664628e+00 -9.050872449201051495e+00 2.602873268011166363e+00 -9.050872449201051495e+00 4.128319296310756670e+00
6.359104377353716586e+00 6.014713949867187992e+00 4.108521493669661240e+00 6.014713949867187992e+00 1.292556413304215290e+01 8.350986410155446293e+00 4.108521493669661240e+00 8.350986410155446293e+00 1.127454034463842625e+01
9.610344144201315331e+00 5.173429329767323281e+00 1.157506894934683750e+01 5.173429329767323281e+00 3.591582020119163943e+00 5.840143581331965095e+00 1.157506894934683750e+01 5.840143581331965095e+00 1.916294188544540589e+01
2.543151348692277125e+01 -4.188513915838367296e+00 7.786824558523739448e-01 -4.188513915838367296e+00 2.535488825519399825e+01 -6.502876572277987988e-02 7.786824558523739448e-01 -6.502876572277987988e-02 2.364897050382691290e+01
