-1.097446285200000915e+01 -7.542537363741179668e-01 1.187067309910201596e+00 -7.542537363741179668e-01 -8.474776272621637574e+00 5.506103582169670219e+00 1.187067309910201596e+00 5.506103582169670219e+00 -1.308120844556094653e+01
5.392579271952654407e-01 -3.060542030155619098e-01 -2.124792460932893867e+00 -3.060542030155619098e-01 7.818233620366812353e+00 5.879152714941716873e+00 -2.124792460932893867e+00 5.879152714941716873e+00 6.123499764697311498e+00
-2.207999170134965716e+00 7.132293233393183218e-01 2.900430076268690538e+00 7.132293233393183218e-01 -2.584389818780286507e+00 4.619175161131544805e+00 2.900430076268690538e+00 4.619175161131544805e+00 3.038979017992568643e+00
3.079304839886600309e+00 -1.036293053041749701e+01 -2.864653228675780205e+00 -1.036293053041749701e+01 2.659909921834509028e+00 -2.230140759404844353e+00 -2.864653228675780205e+00 -2.230140759404844353e+00 -3.222083274168919154e+00
9.763603125660218041e+00 1.030527759302803492e+00 1.180317189621526763e+00 1.030527759302803492e+00 1.119213939709164762e+01 -2.138440066521173133e+00 1.180317189621526763e+00 -2.138440066521173133e+00 1.059754698949031493e+01
-1.115478886397398206e+01 -4.133230308748268023e+00 -4.903894248223402919e+00 -4.133230308748268023e+00 1.903330014660619407e-01 -3.425385765479376232e+00 -4.903894248223402919e+00 -3.425385765479376232e+00 -4.322578506836658008e+00
-4.009845034225408611e+00 -2.960133046087455533e+00 -8.902490122596613542e-01 -2.960133046087455533e+00 7.226981209191600364e+00 4.272436800864598538e+00 -8.902490122596613542e-01 4.272436800864598538e+00 4.119685819879013167e+00
