7.618848155239753339e+00 -1.923104287967843939e+00 -4.583066183752609213e+00 -1.923104287967843939e+00 4.081466855744552369e+00 5.204975551495974351e+00 -4.583066183752609213e+00 5.204975551495974351e+00 6.633916012094404735e+00
-8.408550052206499315e-01 5.823845994861780895e+00 1.436381845875563390e-01 5.823845994861780895e+00 6.973130805015861355e-01 4.944104640026818487e-01 1.436381845875563390e-01 4.944104640026818487e-01 3.173806540749006810e-01
1.209191830139542212e+01 2.338745935385350805e+00 -2.046176158072663842e+00 2.338745935385350805e+00 8.265046772218621385e+00 4.592846312052638602e+00 -2.046176158072663842e+00 4.592846312052638602e+00 1.548764852128580571e+01
-2.193273427472670900e-01 4.286087559186177565e+00 -1.563773276832458592e+00 4.286087559186177565e+00 7.616576352277939499e+00 -4.803908124230514727e-03 -1.563773276832458592e+00 -4.803908124230514727e-03 1.890034299698430065e+00
-1.214867744357091661e+00 2.920767845489283143e+00 -2.641804836272769741e+00 2.920767845489283143e+00 1.027356133122180326e+00 9.611301843838493397e-01 -2.641804836272769741e+00 9.611301843838493397e-01 -2.455752350680878493e+00
-6.154523239590540484e+00 9.917082223116232553e-01 -4.580137694095035350e+00 9.917082223116232553e-01 -4.899564156541886817e-01 6.977049434393798322e-01 -4.580137694095035350e+00 6.977049434393798322e-01 -2.938008817899470770e+00
-8.877346146210418620e-01 -4.703165979909229577e+00 -2.547174338824360618e+00 -4.703165979909229577e+00 -6.765206834707574064e-03 7.729387494072700315e-01 -2.547174338824360618e+00 7.729387494072700315e-01 3.258922439610323796e+00
