4.388581192577237999e+00 -3.482239600767007559e+00 -1.336886872221794365e+00 -3.482239600767007559e+00 7.853927949979658818e-01 7.040496377662442962e-01 -1.336886872221794365e+00 7.040496377662442962e-01 -2.652801610577988911e-01
-1.542811544751778108e+01 2.928135973511385992e-01 -5.409930236625275918e-02 2.928135973511385992e-01 -1.486806694156602227e+01 -1.528293874762160831e+00 -5.409930236625275918e-02 -1.528293874762160831e+00 -6.791158804742537747e+00
9.100038664264616273e+00 3.570856643102843231e-01 1.972063786265562779e+00 3.570856643102843231e-01 9.581541634641565608e+00 3.964444984032803321e-01 1.972063786265562779e+00 3.964444984032803321e-01 5.213751076337095336e-01
1.063070198876453354e+01 4.036710017676485296e-01 -1.227549418990490304e+00 4.036710017676485296e-01 8.917134991832568858e+00 -7.928934700367459287e-01 -1.227549418990490304e+00 -7.928934700367459287e-01 -3.045598771668284882e-02
-1.510418403397835796e+01 5.503741841741496277e-01 -3.380915446383095380e-01 5.503741841741496277e-01 -1.478590223579101881e+01 -1.147959117549925079e+00 -3.380915446383095380e-01 -1.147959117549925079e+00 -7.457915065169616220e+00
-1.476536032276117361e+01 5.051743150130961757e-01 -1.202064312604941287e-01 5.051743150130961757e-01 -1.473000124383530185e+01 -1.452645009587489877e+00 -1.202064312604941287e-01 -1.452645009587489877e+00 -6.657761589684765724e+00
