2.655807758390285933e+00 1.956629165719979135e-01 -1.188334424321461968e+00 1.956629165719979135e-01 3.389686753861578694e+00 9.765628482522245579e-02 -1.188334424321461968e+00 9.765628482522245579e-02 -7.571420310624128458e-01
4.977681508739428828e+00 -2.370204790007902629e-01 1.036306359807963373e+00 -2.370204790007902629e-01 3.851108668693342896e+00 -1.448473481538004037e+00 1.036306359807963373e+00 -1.448473481538004037e+00 3.404005916524696751e+00
-6.378836020066510848e+00 9.088347565329771283e-02 2.637756039991314139e-01 9.088347565329771283e-02 -6.164605175707297491e+00 2.127764972073575567e-01 2.637756039991314139e-01 2.127764972073575567e-01 -2.008913959978816166e+00
-9.481698298609529729e+00 -8.793629903143105331e-01 -1.061715132728067612e+00 -8.793629903143105331e-01 -1.001719870872195983e+01 -3.862285294060014418e-01 -1.061715132728067612e+00 -3.862285294060014418e-01 3.406241180839236993e+00
1.117861875490087975e+01 7.724927444110926689e-02 -1.624345762704785701e+00 7.724927444110926689e-02 1.168359785708882725e+01 3.354136957275438702e-01 -1.624345762704785701e+00 3.354136957275438702e-01 5.903496065006747173e+00
3.279099893248856645e+00 2.106319881326821145e-02 -3.677584181437878463e-01 2.106319881326821145e-02 1.882384507875141555e+00 7.906866530169182061e-01 -3.677584181437878463e-01 7.906866530169182061e-01 -8.581591631919727181e-01
-5.148963441483081382e+00 -2.604338138649670564e-01 1.205799136553325379e+00 -2.604338138649670564e-01 -4.705786160053960998e+00 -1.142168498472423410e+00 1.205799136553325379e+00 -1.142168498472423410e+00 2.618076516755025729e+00
7.706542258181330318e+00 2.463215357759171720e-01 6.677622059670748067e-01 2.463215357759171720e-01 6.359405748748000242e+00 -2.397406877894423249e-01 6.677622059670748067e-01 -2.397406877894423249e-01 -8.039849680027771228e+00
-3.554264636060988636e+00 2.819552103884110927e-01 -1.162945168782151262e+00 2.819552103884110927e-01 -3.269473784826303131e+00 -2.718269921550453994e+00 -1.162945168782151262e+00 -2.718269921550453994e+00 -2.222655029224304801e+00
2.460692531961217622e+00 -1.252160975303635848e-01 -4.420679316111698620e-01 -1.252160975303635848e-01 1.106493935682738572e+00 2.088623432555813397e-01 -4.420679316111698620e-01 2.088623432555813397e-01 -4.423966273461851451e+00
-2.196855107303081311e+00 6.497281092435883143e-02 -1.884235460129932800e-03 6.497281092435883143e-02 -2.218100122369563110e+00 6.683206204689587371e-02 -1.884235460129932800e-03 6.683206204689587371e-02 -3.282591137964470551e+00
3.212076294403658050e+00 9.133135583313482797e-02 -6.561461520462588681e-02 9.133135583313482797e-02 -3.638742078767643662e+00 -9.206091998265745202e-01 -6.561461520462588681e-02 -9.206091998265745202e-01 -7.065994957835276757e+00
-1.444381887382999219e+00 5.521278022599954705e-01 -4.668271586524119221e-01 5.521278022599954705e-01 9.210054484442017353e-01 1.072685781180076070e+00 -4.668271586524119221e-01 1.072685781180076070e+00 2.063380759616549875e-01
-6.605141680296598317e+00 -4.542760047198072387e-02 8.425445467495029650e-01 -4.542760047198072387e-02 -6.554675298752563606e+00 -9.625859618534217121e-01 8.425445467495029650e-01 -9.625859618534217121e-01 -2.615169508576642876e+00
-1.783180604382808232e+00 5.789680849642424576e-01 -2.232893191549597256e-01 5.789680849642424576e-01 -1.102492496543943545e+00 2.049169802216579128e-01 -2.232893191549597256e-01 2.049169802216579128e-01 2.669426441897808644e-01
-6.429472570485573080e+00 4.318560271114055271e-01 9.293022006990812045e-01 4.318560271114055271e-01 -3.293925889257611317e+00 -1.238138256897209910e+00 9.293022006990812045e-01 -1.238138256897209910e+00 3.269563094833703776e+00
-1.002949158383488459e+01 2.097556905772217373e-02 -6.498733813130005629e-03 2.097556905772217373e-02 -1.018463647702419550e+01 3.082058582926382462e-01 -6.498733813130005629e-03 3.082058582926382462e-01 -2.984263064503487772e+00
3.705514837921332294e+00 -1.966697433977542819e-01 -9.744452998753084794e-01 -1.966697433977542819e-01 2.838039833124580635e+00 -2.119711186428007155e-01 -9.744452998753084794e-01 -2.119711186428007155e-01 -1.368372238977189737e+00
1.701694149268188294e+00 7.525411524757870396e-02 -7.289469501083356562e-02 7.525411524757870396e-02 9.537644429654602574e-01 2.138339848584834557e-02 -7.289469501083356562e-02 2.138339848584834557e-02 -7.217488200021644928e+00
-1.163136481924165366e+01 -4.128286000313162174e-01 6.767803991207600456e-01 -4.128286000313162174e-01 -1.152970663702160259e+01 -1.072067426739112594e+00 6.767803991207600456e-01 -1.072067426739112594e+00 -7.981119574374839765e+00
-1.587093123724491628e+00 -6.526151851165259976e-02 6.234394474289636223e-01 -6.526151851165259976e-02 -2.924937501593645184e+00 6.887707643561367249e-03 6.234394474289636223e-01 6.887707643561367249e-03 -1.341095588064097566e+00
-5.382649709177202091e+00 2.243857252976946826e-01 -1.106076271858240645e+00 2.243857252976946826e-01 -6.317001510427256328e+00 -3.808363578827100859e-01 -1.106076271858240645e+00 -3.808363578827100859e-01 -1.701338623127430227e-01
-3.356724527714153528e+00 -5.673840156978977589e-01 5.457354098384308294e-01 -5.673840156978977589e-01 -4.450183660420474752e+00 -9.217978527979953096e-01 5.457354098384308294e-01 -9.217978527979953096e-01 -6.227270456657461040e+00
-3.373630220154653081e+00 1.016609562504985131e+00 -5.036986209784561908e-01 1.016609562504985131e+00 -7.611606800219734570e-01 -7.486894434068946946e-01 -5.036986209784561908e-01 -7.486894434068946946e-01 -1.075908300964424580e+00
5.075543094026688351e+00 -3.094155010434835196e-03 -2.244532865375356845e-01 -3.094155010434835196e-03 4.872890498458739117e+00 -1.900364365797220512e-01 -2.244532865375356845e-01 -1.900364365797220512e-01 3.909418535998629096e+00
1.062478698700691560e+01 4.960165803994099898e-01 -1.083177246007890782e+00 4.960165803994099898e-01 5.599942920928509871e+00 -6.128800438514132587e-01 -1.083177246007890782e+00 -6.128800438514132587e-01 6.497697191776004466e+00
-1.135022499834534848e+01 2.277592494574407767e-01 6.598276434381427080e-01 2.277592494574407767e-01 -9.071133256464872119e+00 7.860375544982811657e-01 6.598276434381427080e-01 7.860375544982811657e-01 -5.878914474563103454e+00
-1.434796653521983600e+01 -5.562643128971242468e-02 4.125920206960067560e-01 -5.562643128971242468e-02 -1.440918833541089938e+01 -4.283754392614006618e-02 4.125920206960067560e-01 -4.283754392614006618e-02 -9.047191099883647780e+00
5.027547384975961542e+00 5.328335989296899555e-01 -8.153129323547951834e-01 5.328335989296899555e-01 5.057594795265756282e+00 6.970158661305104753e-01 -8.153129323547951834e-01 6.970158661305104753e-01 4.092186754582109565e+00
-7.198706674461776700e+00 6.321535168702084873e-01 -1.842394714384384680e-01 6.321535168702084873e-01 -6.230386181200701756e+00 8.707435014316138311e-01 -1.842394714384384680e-01 8.707435014316138311e-01 -4.499101998316141326e+00
-1.887296608373964624e+00 -2.019015080136609130e-01 8.669561533000004205e-01 -2.019015080136609130e-01 -1.564060639145665954e+00 5.873242009955060849e-01 8.669561533000004205e-01 5.873242009955060849e-01 -1.506372648554064275e+00
9.018463070408417437e+00 -1.133641141713349378e-02 -3.906431811905549528e-02 -1.133641141713349378e-02 7.965103891122726765e+00 -8.369641681756288809e-02 -3.906431811905549528e-02 -8.369641681756288809e-02 -5.341535448835597499e+00
-1.425783073753504482e+01 4.562645860085893235e-01 -8.488959527388144632e-01 4.562645860085893235e-01 -1.340460348858202622e+01 -4.480236916280146975e-01 -8.488959527388144632e-01 -4.480236916280146975e-01 -5.479026202226670250e+00
2.049422769018522494e+00 -1.273478607658484196e-01 5.395297547642603497e-01 -1.273478607658484196e-01 9.262340430736889507e-01 1.873746914133762320e-01 5.395297547642603497e-01 1.873746914133762320e-01 -5.142779667460385618e+00
-5.448704385100832326e+00 1.346716739780299751e-02 1.656460044998324665e-01 1.346716739780299751e-02 -5.373047547354152798e+00 -6.776069313612935116e-03 1.656460044998324665e-01 -6.776069313612935116e-03 1.247593938329910834e+00
-8.134788338419570053e+00 4.231703732516620131e-02 2.759300894664175607e-01 4.231703732516620131e-02 -8.910694542743609503e+00 1.199060935348591622e-01 2.759300894664175607e-01 1.199060935348591622e-01 6.856565701412624669e-01
1.120592267962499999e+00 1.079692396152843875e-01 -2.720178302920752689e-01 1.079692396152843875e-01 1.098418056900749340e+00 -9.888433267335648980e-01 -2.720178302920752689e-01 -9.888433267335648980e-01 -7.485879574290070337e+00
3.070509418323568607e+00 -6.349600954888387494e-02 1.349822002339642335e-01 -6.349600954888387494e-02 -1.810182383849113119e+00 2.082184179478912406e-02 1.349822002339642335e-01 2.082184179478912406e-02 -4.215745515521828857e+00
1.476531300231570754e+00 -2.867209278380031257e-01 3.484244371122454109e-01 -2.867209278380031257e-01 9.559006348342631298e-01 4.833413727831309403e-01 3.484244371122454109e-01 4.833413727831309403e-01 -6.434000531846407966e+00
-5.082444470070585751e+00 -3.037309248100611425e-01 3.118636081245022562e-01 -3.037309248100611425e-01 -5.135414223747050144e+00 1.980242302193779141e-02 3.118636081245022562e-01 1.980242302193779141e-02 1.881647309949777691e+00
-4.506531033808488296e+00 3.095486438560742792e-01 2.104675555546747789e-01 3.095486438560742792e-01 -4.537758733087115637e+00 -6.948468213454718212e-01 2.104675555546747789e-01 -6.948468213454718212e-01 2.893004633640374301e+00
-2.270367940347486790e+00 -1.771779927245699382e-01 -1.591547565805190856e-01 -1.771779927245699382e-01 -2.519861880399424159e+00 4.469405759322751526e-01 -1.591547565805190856e-01 4.469405759322751526e-01 -2.020209605892083093e+00
1.842359137918945011e+00 1.958935616286869574e-01 -1.834927403845501570e-01 1.958935616286869574e-01 1.050669980833725425e+00 -2.432283502881784631e-01 -1.834927403845501570e-01 -2.432283502881784631e-01 -6.006714027593626604e+00
8.420413729169474948e+00 -9.469301496196036796e-03 1.536834418207911335e-01 -9.469301496196036796e-03 7.370918071841702890e+00 -1.610345276282285770e-02 1.536834418207911335e-01 -1.610345276282285770e-02 -6.296838578703686018e+00
-6.559517421401996451e+00 -2.637873293735016889e-01 2.454759667892766895e-01 -2.637873293735016889e-01 -6.159050233252431283e+00 -3.334854608174223634e-01 2.454759667892766895e-01 -3.334854608174223634e-01 -1.627189787246456687e+00
-3.539319850574554227e+00 2.822237504268359509e-01 -4.722578239620108254e-01 2.822237504268359509e-01 -3.302517222505958916e+00 -1.178074501607767471e-01 -4.722578239620108254e-01 -1.178074501607767471e-01 -4.242775268675394784e+00
-1.111135976763989675e+01 -5.903256186442545905e-02 -2.285931004872210001e-02 -5.903256186442545905e-02 -1.146706280887019247e+01 -2.268435775473935379e-01 -2.285931004872210001e-02 -2.268435775473935379e-01 -5.526389211932589696e+00
-3.400699955937972696e+00 -2.782985704819305184e-01 1.021314549926225501e+00 -2.782985704819305184e-01 -4.592044121030370185e+00 -1.119202717413006809e+00 1.021314549926225501e+00 -1.119202717413006809e+00 -4.135788680767797487e+00
1.182367609148713639e+00 -2.712374387695968281e-01 -3.155307944237776274e-01 -2.712374387695968281e-01 1.302246300675616197e+00 6.640346908292305006e-01 -3.155307944237776274e-01 6.640346908292305006e-01 -7.806810054860666703e+00
-3.839016968483186076e+00 -7.127583173693948781e-01 8.855516146210841086e-03 -7.127583173693948781e-01 -2.182538691289166444e+00 -8.551924814626607474e-02 8.855516146210841086e-03 -8.551924814626607474e-02 -4.710377918380218354e+00
2.602330220372898406e+00 9.703003970294643565e-02 -5.791409786732062415e-01 9.703003970294643565e-02 2.880853103449863450e+00 -2.678810953347920965e-01 -5.791409786732062415e-01 -2.678810953347920965e-01 -3.717370608926630626e-01
4.963609750550276312e-01 -3.114371528769752651e-01 1.042347007954322669e+00 -3.114371528769752651e-01 -1.674540924499693606e+00 -6.622977669683018931e-01 1.042347007954322669e+00 -6.622977669683018931e-01 -8.518377107212616650e+00
8.629491022001493761e+00 4.137625746045330011e-02 -1.506882308181568819e-01 4.137625746045330011e-02 2.011999977149047325e+00 -4.291398666931696138e-01 -1.506882308181568819e-01 -4.291398666931696138e-01 6.117452102457294316e+00
-2.218544033286896422e+00 -8.457194814954971385e-02 8.679572566803234190e-02 -8.457194814954971385e-02 -2.799774982882312635e+00 2.136166547321310671e-01 8.679572566803234190e-02 2.136166547321310671e-01 -1.883621920285095008e+00
1.197344415291783726e+01 -2.628168966306005383e-01 -7.512772446989113284e-02 -2.628168966306005383e-01 1.146131702942472685e+01 2.487192753255451083e-01 -7.512772446989113284e-02 2.487192753255451083e-01 -9.026914403044375979e-01
-1.503416343519224796e+01 -4.706342234989648321e-01 -2.833929465284875104e-01 -4.706342234989648321e-01 -1.102608970329459304e+01 -2.352575041336381345e-01 -2.833929465284875104e-01 -2.352575041336381345e-01 -8.739642433935591370e+00
9.109433296539727110e+00 9.669665182161424344e-02 1.089576241890623937e-01 9.669665182161424344e-02 9.706958247499960279e+00 7.273750917700751994e-01 1.089576241890623937e-01 7.273750917700751994e-01 -3.652296686857691377e+00
-1.849612693996267376e+00 7.560939976151596076e-01 -4.184208697387742926e-01 7.560939976151596076e-01 -9.362204816269521501e-01 7.765550923490605051e-01 -4.184208697387742926e-01 7.765550923490605051e-01 -1.060362874103873532e+00
-6.533598389030677467e+00 -8.027147909076902677e-01 -2.412761924930215685e-01 -8.027147909076902677e-01 -3.164721102016253340e+00 1.079116772452486384e+00 -2.412761924930215685e-01 1.079116772452486384e+00 -1.221171232288231989e+00
-3.159034937090396955e+00 6.854704072050817887e-01 6.494184189081503300e-01 6.854704072050817887e-01 -2.071940451274723038e+00 1.239257758523837349e-01 6.494184189081503300e-01 1.239257758523837349e-01 -3.085487472683864141e+00
-1.413738234142731898e+01 2.055264625802386280e-01 -5.015470675392713629e-01 2.055264625802386280e-01 -1.396369214996850161e+01 3.064042710820294446e-01 -5.015470675392713629e-01 3.064042710820294446e-01 -6.966997063340706120e+00
-5.257424666275730019e+00 -1.348112396563824478e-01 -2.184687049741959319e-01 -1.348112396563824478e-01 -5.255912716110152871e+00 9.927717318467589591e-02 -2.184687049741959319e-01 9.927717318467589591e-02 1.328534746347031836e+00
-1.218198668452709654e+01 4.608465411552694069e-01 -5.693964517830089056e-01 4.608465411552694069e-01 -1.065341014726201685e+01 7.856867407743967080e-01 -5.693964517830089056e-01 7.856867407743967080e-01 -2.548064315837569094e+00
1.850482145664460454e+00 7.990262920965089666e-02 -1.440301590784693331e-01 7.990262920965089666e-02 2.858387804775838870e+00 1.809165237134854110e+00 -1.440301590784693331e-01 1.809165237134854110e+00 -1.095784789009077942e+00
-4.753864448053376712e+00 -2.860767061056312954e-01 -2.628995858966386656e+00 -2.860767061056312954e-01 -3.927168045231129945e+00 -2.142093439307115155e+00 -2.628995858966386656e+00 -2.142093439307115155e+00 3.620753496831197626e+00
-1.546745544121399973e+00 -4.317179467528386994e-02 -6.582456793349309443e-01 -4.317179467528386994e-02 -5.744843080478380104e-01 -5.011102511149493344e-01 -6.582456793349309443e-01 -5.011102511149493344e-01 1.565803820620851994e+00
-8.498210742553711228e+00 1.173111442385360026e-01 2.152155572862682054e-01 1.173111442385360026e-01 -8.475041619780755653e+00 3.377163236861713269e-01 2.152155572862682054e-01 3.377163236861713269e-01 9.965099632561362775e-01
-3.600383663323092343e+00 4.172953950724768712e-01 -1.510846960625490620e+00 4.172953950724768712e-01 -2.846290035813214825e+00 1.986941787971871765e-01 -1.510846960625490620e+00 1.986941787971871765e-01 -2.814717160876290869e+00
-1.279722439975156689e+01 -2.717302923025126660e-01 4.119657148767832955e-01 -2.717302923025126660e-01 -9.647707638967302657e+00 1.002754373968346879e+00 4.119657148767832955e-01 1.002754373968346879e+00 -4.415440356405223810e+00
-7.146463933686032277e+00 8.852873037194323169e-01 7.746521961729997685e-02 8.852873037194323169e-01 -2.050346367940991676e+00 1.537459043578648155e+00 7.746521961729997685e-02 1.537459043578648155e+00 1.920158693302880026e+00
-1.364695940505353633e+01 2.427524380529534898e-01 1.025746029985207919e+00 2.427524380529534898e-01 -1.049928395823599914e+01 1.206395145200115593e+00 1.025746029985207919e+00 1.206395145200115593e+00 -1.650074074849797290e+00
-6.066342634596740169e+00 3.376387852275188062e-02 -7.511944430508987747e-01 3.376387852275188062e-02 -5.793955024863823411e+00 -7.937897586767077573e-01 -7.511944430508987747e-01 -7.937897586767077573e-01 -3.463727616494726574e-02
8.757125183951600889e+00 -3.220922853179865319e-02 -3.380498525797792642e-02 -3.220922853179865319e-02 7.668507858195372506e+00 1.322117417819820007e-01 -3.380498525797792642e-02 1.322117417819820007e-01 -5.653515507482935298e+00
8.331844147159920055e+00 1.056561078860990044e+00 -1.059246170344048776e+00 1.056561078860990044e+00 9.421552126480239764e+00 -2.642428069759585885e+00 -1.059246170344048776e+00 -2.642428069759585885e+00 -2.299605453880597672e+00
9.243535003318045895e+00 -1.204296983725352682e-01 -2.571327398093358751e-01 -1.204296983725352682e-01 4.354120006763602113e+00 2.055467923361818314e-02 -2.571327398093358751e-01 2.055467923361818314e-02 -3.085464909090293251e+00
-3.040162501836254805e+00 -6.890093654934649481e-02 -9.438475319048161838e-02 -6.890093654934649481e-02 -3.334184385443734744e+00 -5.414718893623881035e-01 -9.438475319048161838e-02 -5.414718893623881035e-01 -4.666845547945467132e+00
-5.785950072081782025e+00 -5.531934372542645084e-01 1.149500887916649616e-01 -5.531934372542645084e-01 -4.876781071090066533e+00 7.330934364462157182e-01 1.149500887916649616e-01 7.330934364462157182e-01 7.784967753497389342e-01
1.168056606808868203e+01 4.948681306395377733e-02 7.112922558233937542e-02 4.948681306395377733e-02 1.070531607929662776e+01 -7.620419171281765658e-02 7.112922558233937542e-02 -7.620419171281765658e-02 2.913394259187891855e+00
6.636872844970287844e+00 2.004011833295609168e-01 1.877960145617900423e-01 2.004011833295609168e-01 5.139727089335625720e+00 1.164568032610935333e+00 1.877960145617900423e-01 1.164568032610935333e+00 -4.808947177867156419e+00
-3.408523615216851432e+00 5.309893390253549450e-01 1.810623681447497413e-01 5.309893390253549450e-01 -2.997383372540414648e+00 1.414163299077350888e-01 1.810623681447497413e-01 1.414163299077350888e-01 -4.202861462504948520e+00
4.738229632484934228e+00 2.699016985389562570e-02 4.016893430818128941e-02 2.699016985389562570e-02 4.817014769257316864e+00 1.279654388315221714e-01 4.016893430818128941e-02 1.279654388315221714e-01 3.511814992294683524e+00
-1.111963254343237173e+00 1.386393512788311189e-01 7.651732574568016476e-01 1.386393512788311189e-01 -1.041830814038287256e+00 -1.742233724963684338e-01 7.651732574568016476e-01 -1.742233724963684338e-01 6.683907481982483967e-01
-2.819556361896765839e+00 9.152921708641817422e-02 1.547392732922923120e-01 9.152921708641817422e-02 -2.860624251550065278e+00 2.138550482865379243e-01 1.547392732922923120e-01 2.138550482865379243e-01 -3.489292640093117015e+00
-8.972323449320377398e-01 1.230529180921284382e+00 1.140496049501463549e+00 1.230529180921284382e+00 1.413053087873751001e-01 -6.432721980567946973e-01 1.140496049501463549e+00 -6.432721980567946973e-01 3.788110823217541778e+00
-2.898254374530250033e+00 3.389557342269647888e-01 -9.245083237424814859e-01 3.389557342269647888e-01 -1.588365756261201023e+00 1.705293692270095862e+00 -9.245083237424814859e-01 1.705293692270095862e+00 -1.348750207217829011e+00
-1.143064762841677506e+01 1.770713913381939619e+00 5.189426338051112558e-02 1.770713913381939619e+00 -9.099460174392232759e+00 5.321969082905144699e-01 5.189426338051112558e-02 5.321969082905144699e-01 2.265802663637853875e+00
-4.635737288615292329e+00 -1.221344768693445326e-01 1.026810750219341317e-01 -1.221344768693445326e-01 -4.956295464731494071e+00 1.039568103476587180e-01 1.026810750219341317e-01 1.039568103476587180e-01 2.597348392834698316e+00
1.210536832296518384e+01 3.309678578528513770e-01 1.422899346132128873e+00 3.309678578528513770e-01 1.140672360852129863e+01 -8.336351830209572933e-01 1.422899346132128873e+00 -8.336351830209572933e-01 5.139180694912757197e+00
-3.772233507944152020e+00 2.603172190210257808e-01 -2.111239648211225006e-01 2.603172190210257808e-01 -3.111213620229233978e+00 -9.750775370248769836e-01 -2.111239648211225006e-01 -9.750775370248769836e-01 -6.569995553706733382e+00
1.863738644493468488e+00 3.182611466843342507e-01 -1.065918505818437501e+00 3.182611466843342507e-01 -5.330403717617763215e-01 5.717491693215634996e-01 -1.065918505818437501e+00 5.717491693215634996e-01 -2.138214631768993623e+00
8.965431151948759947e+00 -2.032397792381747479e-03 -3.460372364280126511e-01 -2.032397792381747479e-03 8.772286776059337043e+00 7.034042710333145987e-01 -3.460372364280126511e-01 7.034042710333145987e-01 -3.723122266982430872e+00
-1.008250431197032349e+01 -1.567892618117029679e-01 1.151603621545473244e+00 -1.567892618117029679e-01 -9.024099486041958329e+00 -1.806328289201079018e-01 1.151603621545473244e+00 -1.806328289201079018e-01 -1.633557484276041860e+00
3.606724761725442097e+00 -9.072605412969420025e-01 8.988794466996578025e-01 -9.072605412969420025e-01 1.975928207396433711e+00 1.124710134269941264e+00 8.988794466996578025e-01 1.124710134269941264e+00 -1.814584000466863689e-01
-1.448915879044401400e+01 -8.149822844340454120e-02 3.140824842719769361e-01 -8.149822844340454120e-02 -1.375176386611216017e+01 -4.497041329451386682e-01 3.140824842719769361e-01 -4.497041329451386682e-01 -7.026943827119233710e+00
-4.869333015180379753e+00 -2.246977078562467367e-01 -1.923393392725556705e-01 -2.246977078562467367e-01 9.545962565972020419e-01 -8.936654453029946321e-01 -1.923393392725556705e-01 -8.936654453029946321e-01 1.078445774741780738e+01
4.893590328656557631e+00 8.766628833502229101e-01 -7.963838058340299009e-01 8.766628833502229101e-01 6.231903890758343501e+00 3.857684551008611629e-01 -7.963838058340299009e-01 3.857684551008611629e-01 6.542387171753981434e+00
-7.383536629236816751e+00 -1.510975734462645104e-01 -4.785665651767054274e-02 -1.510975734462645104e-01 -6.420350143823845279e+00 4.398175687185429394e-02 -4.785665651767054274e-02 4.398175687185429394e-02 -2.638436333136900291e+00
9.127506789814569643e+00 2.581676363953523956e-01 7.039907261613410905e-02 2.581676363953523956e-01 6.604212310395310759e+00 -1.529506429617876750e-01 7.039907261613410905e-02 -1.529506429617876750e-01 -2.873952602622769081e+00
-2.709203162934622267e+00 1.725416831666365999e-03 -3.223849216060117873e-01 1.725416831666365999e-03 -2.757235640559198675e+00 -5.910683382788736173e-01 -3.223849216060117873e-01 -5.910683382788736173e-01 -2.401316768200525420e+00
-6.197741971804205718e+00 -1.307952680015270763e+00 7.298491139466731781e-01 -1.307952680015270763e+00 -4.789213531870404772e+00 2.757569647648532851e-01 7.298491139466731781e-01 2.757569647648532851e-01 -6.083797104451903470e-01
