2.259911937113091440e+01 3.617750983650806162e+00 -8.506363054492700471e-01 3.617750983650806162e+00 2.317410018144973805e+01 -2.924856222128998873e+00 -8.506363054492700471e-01 -2.924856222128998873e+00 2.751660178438641324e+01
3.518440803582073073e+01 1.051715824640702568e+00 1.693148314874611371e+00 1.051715824640702568e+00 3.151569419140658113e+01 4.496248946390241086e-01 1.693148314874611371e+00 4.496248946390241086e-01 2.694355623060254601e+01
3.494872371765008268e+01 1.319587066277547960e+00 1.521389692590576326e+00 1.319587066277547960e+00 3.160432079469894617e+01 8.005071755251368104e-02 1.521389692590576326e+00 8.005071755251368104e-02 2.658610843169602234e+01
3.394830540778446704e+01 1.124782329064307973e+00 1.706172047143911463e+00 1.124782329064307973e+00 2.991483553602479617e+01 -1.631448646248242484e-01 1.706172047143911463e+00 -1.631448646248242484e-01 2.392636984692765267e+01
2.695432430430249582e+01 3.394024852577846030e+00 -9.818844452722975957e-02 3.394024852577846030e+00 2.216476295656099538e+01 -9.386245294110960868e-01 -9.818844452722975957e-02 -9.386245294110960868e-01 1.927026873256818007e+01
3.523042557383817552e+01 1.052466951041371335e+00 2.058876388150414183e+00 1.052466951041371335e+00 3.186298389994215441e+01 -5.725908088146256514e-01 2.058876388150414183e+00 -5.725908088146256514e-01 2.581231042730054881e+01
3.464025062246447106e+01 1.301460092874291874e+00 1.711605615574520289e+00 1.301460092874291874e+00 3.050052056095864472e+01 -3.300905971566744368e-01 1.711605615574520289e+00 -3.300905971566744368e-01 2.505458589668073444e+01
3.486270080881381261e+01 7.528064410916253113e-01 1.728177736288436295e+00 7.528064410916253113e-01 3.024318402489083724e+01 -1.408845920223695258e-01 1.728177736288436295e+00 -1.408845920223695258e-01 2.482759423600129978e+01
2.386209215420151253e+01 3.725492915977553388e+00 -1.074278397528911855e+00 3.725492915977553388e+00 2.513790510712729898e+01 -3.567507623125588001e+00 -1.074278397528911855e+00 -3.567507623125588001e+00 2.742436980879262975e+01
2.819299222201506794e+01 3.728291695790800997e+00 -5.882400379568101384e-02 3.728291695790800997e+00 2.584897809801811164e+01 2.384234938965588135e+00 -5.882400379568101384e-02 2.384234938965588135e+00 2.709823765229495507e+01
2.819299085181628683e+01 3.728291695790800997e+00 -5.882400379568101384e-02 3.728291695790800997e+00 2.584897809801811164e+01 2.384234938965588135e+00 -5.882400379568101384e-02 2.384234938965588135e+00 2.709823765229495507e+01
3.258764557491176816e+01 -3.291013285002053923e+00 -9.734720715717937178e-01 -3.291013285002053923e+00 2.508512614098116345e+01 -1.137726049476561307e+00 -9.734720715717937178e-01 -1.137726049476561307e+00 2.319881140028433464e+01
2.916982061572748108e+01 -3.279048442939302532e+00 3.173554360908988681e+00 -3.279048442939302532e+00 1.951608692472179030e+01 -3.946968360333583892e+00 3.173554360908988681e+00 -3.946968360333583892e+00 1.451015178342005996e+01
3.494872371765008268e+01 1.319587066277547960e+00 1.521389692590576326e+00 1.319587066277547960e+00 3.160432079469894617e+01 8.005071755251368104e-02 1.521389692590576326e+00 8.005071755251368104e-02 2.658610843169602234e+01
3.509534380146018862e+01 1.465864198817884656e+00 1.487920383854891337e+00 1.465864198817884656e+00 3.056439786494829391e+01 5.640285990456569282e-02 1.487920383854891337e+00 5.640285990456569282e-02 2.516324779731306904e+01
3.079949471140593786e+01 -3.374358496609227931e+00 2.794472339397873206e+00 -3.374358496609227931e+00 2.173309737868672187e+01 -2.843063858594870208e+00 2.794472339397873206e+00 -2.843063858594870208e+00 1.658460323109836310e+01
3.482600081495704814e+01 1.429081097138072076e+00 1.849442570086052839e+00 1.429081097138072076e+00 3.098561882006622881e+01 3.033225141524465915e-02 1.849442570086052839e+00 3.033225141524465915e-02 2.548664348072484387e+01
1.993235236257993037e+01 3.200295778614917097e+00 -9.229593923772774211e-01 3.200295778614917097e+00 1.869548198111582948e+01 -2.718351806110379076e+00 -9.229593923772774211e-01 -2.718351806110379076e+00 1.873579216399284775e+01
3.522758517988606997e+01 1.435017520497980037e+00 1.899256768019485175e+00 1.435017520497980037e+00 3.134694743870954170e+01 9.813035105656787993e-02 1.899256768019485175e+00 9.813035105656787993e-02 2.680380569216550057e+01
3.528410586353975731e+01 1.043243034681337056e+00 2.083139664487985598e+00 1.043243034681337056e+00 3.241578031890386313e+01 4.534446985057308255e-01 2.083139664487985598e+00 4.534446985057308255e-01 2.600480497743274100e+01
3.422790852844128295e+01 1.149342268770211062e+00 1.714173542106778747e+00 1.149342268770211062e+00 3.002463780222900880e+01 -8.284166760990085976e-02 1.714173542106778747e+00 -8.284166760990085976e-02 2.394784322520560238e+01
2.942773426429089767e+01 -3.890140577763158802e+00 3.220097248717915139e+00 -3.890140577763158802e+00 2.132977611754324698e+01 -3.757737774622822879e+00 3.220097248717915139e+00 -3.757737774622822879e+00 1.672992215080847700e+01
3.475314891807649076e+01 1.348671648349384578e+00 1.628289496974841155e+00 1.348671648349384578e+00 3.118555835834622769e+01 3.678162888294829735e-01 1.628289496974841155e+00 3.678162888294829735e-01 2.575415704312327847e+01
2.819299085181628683e+01 3.728291695790800997e+00 -5.882400379568101384e-02 3.728291695790800997e+00 2.584897809801811164e+01 2.384234938965588135e+00 -5.882400379568101384e-02 2.384234938965588135e+00 2.709823765229495507e+01
3.480162497485915196e+01 1.098420317195455853e+00 1.667147138237453197e+00 1.098420317195455853e+00 3.010068987629561121e+01 5.548762185333054597e-02 1.667147138237453197e+00 5.548762185333054597e-02 2.391714908656090088e+01
3.483442310902393046e+01 1.078125176408756491e+00 2.136675830496441275e+00 1.078125176408756491e+00 3.120597342687756992e+01 -4.937235887421573960e-02 2.136675830496441275e+00 -4.937235887421573960e-02 2.528221401600499618e+01
2.907213672347969791e+01 -2.787571686301216545e+00 1.879878420860456201e+00 -2.787571686301216545e+00 1.995747307875327436e+01 2.021616583331148131e+00 1.879878420860456201e+00 2.021616583331148131e+00 1.534954458270202515e+01
2.242483889011134224e+01 3.535996940013005574e+00 -1.067777335609619849e+00 3.535996940013005574e+00 2.303938882114074715e+01 -3.410667459449139738e+00 -1.067777335609619849e+00 -3.410667459449139738e+00 2.580175121326388776e+01
2.751901674809227316e+01 -2.784816990105374312e+00 -1.085524208750164865e+00 -2.784816990105374312e+00 1.713454250163521664e+01 -1.093852643145298176e+00 -1.085524208750164865e+00 -1.093852643145298176e+00 1.239163215291179476e+01
2.074197504865864872e+01 3.448728281445679222e+00 -1.347534029087237517e+00 3.448728281445679222e+00 2.019514478527167256e+01 -3.245853924913448818e+00 -1.347534029087237517e+00 -3.245853924913448818e+00 2.112824511444756581e+01
3.508345938276501386e+01 4.984796706153000190e-01 1.245300244452295368e+00 4.984796706153000190e-01 3.211681623147126174e+01 -3.187206053661578165e-01 1.245300244452295368e+00 -3.187206053661578165e-01 2.532925725183848087e+01
3.409339588685147504e+01 9.273360254756066734e-01 1.713136272315379127e+00 9.273360254756066734e-01 2.978251104977587005e+01 -1.775435579664970953e-01 1.713136272315379127e+00 -1.775435579664970953e-01 2.399670431316843633e+01
3.430273818111071193e+01 1.552940157411947908e+00 1.915336553781702644e+00 1.552940157411947908e+00 3.053031734551402465e+01 2.774475772464931045e-01 1.915336553781702644e+00 2.774475772464931045e-01 2.472015896475717511e+01
3.548141225142637012e+01 1.123849207051152099e+00 1.864022207042452361e+00 1.123849207051152099e+00 3.163883684120587247e+01 -1.207872268145578354e-01 1.864022207042452361e+00 -1.207872268145578354e-01 2.641865563624383384e+01
3.182165221227231200e+01 -3.246600765147614531e+00 -1.162913085464181595e+00 -3.246600765147614531e+00 2.537263712196696730e+01 -1.901648172741491116e+00 -1.162913085464181595e+00 -1.901648172741491116e+00 2.325696783682801083e+01
3.466886916952861242e+01 1.437437115346072991e+00 1.517735052372196192e+00 1.437437115346072991e+00 3.032502734662646304e+01 5.819641088565855602e-01 1.517735052372196192e+00 5.819641088565855602e-01 2.506855747893183306e+01
3.647442344506354317e+01 1.124388881902052884e+00 1.847865625443752213e+00 1.124388881902052884e+00 3.230537525798313681e+01 -3.677363369997199011e-02 1.847865625443752213e+00 -3.677363369997199011e-02 2.651866485529983208e+01
3.429520482515106750e+01 7.282875292983639337e-01 1.993814534682955886e+00 7.282875292983639337e-01 3.020398974434501227e+01 -1.134011505413142495e-01 1.993814534682955886e+00 -1.134011505413142495e-01 2.416787276470909163e+01
3.494872371765008268e+01 1.319587066277547960e+00 1.521389692590576326e+00 1.319587066277547960e+00 3.160432079469894617e+01 8.005071755251368104e-02 1.521389692590576326e+00 8.005071755251368104e-02 2.658610843169602234e+01
3.512809143973248638e+01 1.959721391275566882e+00 1.791029342462049812e+00 1.959721391275566882e+00 3.108135482422094142e+01 9.285573948750136530e-01 1.791029342462049812e+00 9.285573948750136530e-01 2.545534759936140290e+01
3.435120897790457661e+01 1.124852812914230560e+00 1.537073927195018674e+00 1.124852812914230560e+00 2.925639960599535172e+01 2.636516786213233959e-02 1.537073927195018674e+00 2.636516786213233959e-02 2.317456385570582711e+01
3.521294137106630728e+01 9.833191382739163711e-01 1.747994218094317542e+00 9.833191382739163711e-01 3.097333359022447397e+01 -4.242170447385285592e-01 1.747994218094317542e+00 -4.242170447385285592e-01 2.504775737922031453e+01
3.429330491719643703e+01 1.210924113647455558e+00 1.632521683963483516e+00 1.210924113647455558e+00 3.000363992693860027e+01 -2.035194866574145112e-01 1.632521683963483516e+00 -2.035194866574145112e-01 2.454282370234716737e+01
3.464043893006352448e+01 1.192747696349477637e+00 1.916604211082551634e+00 1.192747696349477637e+00 3.135180661636317012e+01 1.678020587085230775e-01 1.916604211082551634e+00 1.678020587085230775e-01 2.539106106824309705e+01
3.542961608971302212e+01 1.988190554657780273e+00 1.651428187706929451e+00 1.988190554657780273e+00 3.113680983414371539e+01 3.135163724472380120e-01 1.651428187706929451e+00 3.135163724472380120e-01 2.723991136359024523e+01
3.546954150870207911e+01 1.179369440835044136e+00 2.153429946822844609e+00 1.179369440835044136e+00 3.138014007203433309e+01 -1.984288694965790356e-01 2.153429946822844609e+00 -1.984288694965790356e-01 2.643265036244564925e+01
3.469345330518299875e+01 1.113783692483085730e+00 1.941906861207043145e+00 1.113783692483085730e+00 3.060099160703130039e+01 -1.461424768270513930e-01 1.941906861207043145e+00 -1.461424768270513930e-01 2.542058222938534939e+01
3.538949920713164232e+01 6.969527240178007288e-01 1.937362230883668435e+00 6.969527240178007288e-01 3.192876005988868116e+01 -6.195446248385084731e-01 1.937362230883668435e+00 -6.195446248385084731e-01 2.666682611582839968e+01
2.797811490904201293e+01 3.670180195360374764e+00 7.882753577520971305e-03 3.670180195360374764e+00 2.503045423201339048e+01 1.697054217351692929e+00 7.882753577520971305e-03 1.697054217351692929e+00 2.514021400523211369e+01
2.075169555945996436e+01 3.410745982592603642e+00 -5.527145914503088786e-01 3.410745982592603642e+00 1.954166373407233692e+01 -2.180065842271583954e+00 -5.527145914503088786e-01 -2.180065842271583954e+00 2.199290925229691851e+01
2.884168680031496734e+01 3.702952609764537328e+00 -1.230986583355612868e-01 3.702952609764537328e+00 2.560844655329954733e+01 2.862605587801327900e-01 -1.230986583355612868e-01 2.862605587801327900e-01 2.514270502661294771e+01
3.495537760348233292e+01 1.487456452842713661e+00 1.926491938029170958e+00 1.487456452842713661e+00 3.062672452423964842e+01 4.694350644583448195e-01 1.926491938029170958e+00 4.694350644583448195e-01 2.499863539581298610e+01
3.515424305204933120e+01 1.297419369477976758e+00 1.767136369336012480e+00 1.297419369477976758e+00 3.015172544362845031e+01 2.806035705266142766e-01 1.767136369336012480e+00 2.806035705266142766e-01 2.480777985819094056e+01
3.461012982259899928e+01 1.203356041761725059e+00 1.594779160326514456e+00 1.203356041761725059e+00 3.030216112331422451e+01 -1.663965897011090989e-01 1.594779160326514456e+00 -1.663965897011090989e-01 2.410819819177079992e+01
3.518861707885864831e+01 1.550514250577294639e+00 2.165236517683778228e+00 1.550514250577294639e+00 3.150268518710592502e+01 3.614464423924383940e-01 2.165236517683778228e+00 3.614464423924383940e-01 2.515320542669572390e+01
3.440357427040610361e+01 1.126876856604548394e+00 1.652187730089678785e+00 1.126876856604548394e+00 3.006914151546975944e+01 -9.642401068978236067e-02 1.652187730089678785e+00 -9.642401068978236067e-02 2.420335559715749341e+01
3.432601152755609064e+01 7.741093957324433061e-01 1.887809980392485931e+00 7.741093957324433061e-01 3.153294695467124242e+01 -1.695083990753085690e-01 1.887809980392485931e+00 -1.695083990753085690e-01 2.565260769934657858e+01
2.731243540231464451e+01 -2.640531081468703967e+00 -2.491556624256281438e-01 -2.640531081468703967e+00 1.753040834447592644e+01 -5.977029896143906118e-01 -2.491556624256281438e-01 -5.977029896143906118e-01 1.285328028003529965e+01
2.329014102850133838e+01 3.687756001947802620e+00 -1.230398765723606624e+00 3.687756001947802620e+00 2.499551483774705218e+01 -3.734199169509126559e+00 -1.230398765723606624e+00 -3.734199169509126559e+00 2.941455523887645995e+01
2.755488791008065874e+01 3.664056777015521682e+00 -1.251512161070068574e-01 3.664056777015521682e+00 2.468164546915534174e+01 2.249318316158252617e+00 -1.251512161070068574e-01 2.249318316158252617e+00 2.486883928599069193e+01
3.446129949149504057e+01 1.405094496211390931e+00 1.929795210995697952e+00 1.405094496211390931e+00 3.046155561592450312e+01 2.227426417266326064e-01 1.929795210995697952e+00 2.227426417266326064e-01 2.451107020195810549e+01
3.182165221227231200e+01 -3.246600765147614531e+00 -1.162913085464181595e+00 -3.246600765147614531e+00 2.537263712196696730e+01 -1.901648172741491116e+00 -1.162913085464181595e+00 -1.901648172741491116e+00 2.325696783682801083e+01
3.088605373524159248e+01 -3.117566551989190415e+00 -1.511303895823634891e+00 -3.117566551989190415e+00 2.298337641919544438e+01 -1.821047222874872418e+00 -1.511303895823634891e+00 -1.821047222874872418e+00 2.024991433986231470e+01
3.494872371765008268e+01 1.319587066277547960e+00 1.521389692590576326e+00 1.319587066277547960e+00 3.160432079469894617e+01 8.005071755251368104e-02 1.521389692590576326e+00 8.005071755251368104e-02 2.658610843169602234e+01
3.479492900911649400e+01 1.152386750287767825e+00 1.822264207955409221e+00 1.152386750287767825e+00 3.043714611189828645e+01 -1.621517787393461085e-01 1.822264207955409221e+00 -1.621517787393461085e-01 2.509900229410740025e+01
2.785967388800796840e+01 -2.877074965603769297e+00 8.845009494888926849e-01 -2.877074965603769297e+00 1.777891533159786519e+01 2.840700454472300240e+00 8.845009494888926849e-01 2.840700454472300240e+00 1.271922013758016767e+01
3.482051464663843632e+01 1.006381033169521766e+00 1.862409494476310545e+00 1.006381033169521766e+00 3.122400256448914035e+01 -3.162378906524624944e-01 1.862409494476310545e+00 -3.162378906524624944e-01 2.547314319347024636e+01
2.784169010432033886e+01 -2.735566361149397885e+00 -1.619893532922509261e+00 -2.735566361149397885e+00 1.801564355777633608e+01 -1.620587424199113391e+00 -1.619893532922509261e+00 -1.620587424199113391e+00 1.290061618644605979e+01
2.819299085181628683e+01 3.728291695790800997e+00 -5.882400379568101384e-02 3.728291695790800997e+00 2.584897809801811164e+01 2.384234938965588135e+00 -5.882400379568101384e-02 2.384234938965588135e+00 2.709823765229495507e+01
3.182165221227231200e+01 -3.246600765147614531e+00 -1.162913085464181595e+00 -3.246600765147614531e+00 2.537263712196696730e+01 -1.901648172741491116e+00 -1.162913085464181595e+00 -1.901648172741491116e+00 2.325696783682801083e+01
3.519215599932342542e+01 1.635246358161988267e+00 2.198832066150667952e+00 1.635246358161988267e+00 3.313751285015941050e+01 -2.298173266629042477e-01 2.198832066150667952e+00 -2.298173266629042477e-01 2.711618275103861464e+01
3.488142005695597447e+01 1.015672277386198585e+00 1.404979828455546587e+00 1.015672277386198585e+00 3.201840289301724596e+01 2.068501115657023770e-01 1.404979828455546587e+00 2.068501115657023770e-01 2.586871749519615449e+01
2.329014266440016101e+01 3.687756001947802620e+00 -1.230398765723606624e+00 3.687756001947802620e+00 2.499551483774705218e+01 -3.734199169509126559e+00 -1.230398765723606624e+00 -3.734199169509126559e+00 2.941455523887645995e+01
3.182165221227231200e+01 -3.246600765147614531e+00 -1.162913085464181595e+00 -3.246600765147614531e+00 2.537263712196696730e+01 -1.901648172741491116e+00 -1.162913085464181595e+00 -1.901648172741491116e+00 2.325696783682801083e+01
2.742156589201257333e+01 -2.554144226145286911e+00 1.670076306550816181e+00 -2.554144226145286911e+00 1.690697224904721807e+01 2.532042310770939997e-01 1.670076306550816181e+00 2.532042310770939997e-01 1.282890017525656212e+01
3.484622336789830399e+01 1.361103105879782005e+00 1.766691374283515081e+00 1.361103105879782005e+00 3.012732435558431376e+01 1.177343293149206299e-01 1.766691374283515081e+00 1.177343293149206299e-01 2.432278995485263806e+01
2.786246510479731953e+01 -2.909651335010667417e+00 1.270574056042487854e+00 -2.909651335010667417e+00 1.771787376816725867e+01 1.998375573254606019e+00 1.270574056042487854e+00 1.998375573254606019e+00 1.279168916862622929e+01
3.528284031023442679e+01 1.286548024625719489e+00 1.504294728989920005e+00 1.286548024625719489e+00 3.106761152548377680e+01 3.122992110388713161e-01 1.504294728989920005e+00 3.122992110388713161e-01 2.611560348551571664e+01
3.085425125460183438e+01 -3.009721239367474599e+00 -7.450392373467098484e-01 -3.009721239367474599e+00 2.235284837232314104e+01 -5.262147973653326094e-01 -7.450392373467098484e-01 -5.262147973653326094e-01 1.943614160646238886e+01
2.840854367278755888e+01 3.751047957118016196e+00 -1.654473920085042238e-01 3.751047957118016196e+00 2.573515431521988006e+01 2.705687683194191617e+00 -1.654473920085042238e-01 2.705687683194191617e+00 2.599025381336034712e+01
2.329014266440016101e+01 3.687756001947802620e+00 -1.230398765723606624e+00 3.687756001947802620e+00 2.499551483774705218e+01 -3.734199169509126559e+00 -1.230398765723606624e+00 -3.734199169509126559e+00 2.941455523887645995e+01
3.482670986144731273e+01 1.236603378970041689e+00 1.976393451776687238e+00 1.236603378970041689e+00 3.091330028605001345e+01 8.290373547774324003e-02 1.976393451776687238e+00 8.290373547774324003e-02 2.652591206786874878e+01
2.930597808369535429e+01 -2.789041205420842218e+00 2.256351828549750582e+00 -2.789041205420842218e+00 2.052010586414710502e+01 -2.050158296693629811e+00 2.256351828549750582e+00 -2.050158296693629811e+00 1.489797092215839314e+01
2.268515129018868137e+01 3.653002967369684661e+00 -1.332437954756279463e+00 3.653002967369684661e+00 2.380090299465717152e+01 -3.685477194888523655e+00 -1.332437954756279463e+00 -3.685477194888523655e+00 2.714849019552355003e+01
3.427902930759267974e+01 8.352883254675923519e-01 1.956308710541995843e+00 8.352883254675923519e-01 3.011577236818130743e+01 1.233888172751377438e-02 1.956308710541995843e+00 1.233888172751377438e-02 2.476147302078948087e+01
3.046892768975304477e+01 -2.924454348911559531e+00 -1.514623791680872023e+00 -2.924454348911559531e+00 2.274347785768551589e+01 -2.391742364054012082e+00 -1.514623791680872023e+00 -2.391742364054012082e+00 1.867586284716860234e+01
3.455760252244242281e+01 1.626232841353962177e+00 1.417613269555871858e+00 1.626232841353962177e+00 3.159958890877428317e+01 2.517430639776661039e-01 1.417613269555871858e+00 2.517430639776661039e-01 2.573872528798124293e+01
2.980981793077299358e+01 -3.024948587783383047e+00 -1.086745040018777031e+00 -3.024948587783383047e+00 2.124324144076992482e+01 -1.492805345675163098e+00 -1.086745040018777031e+00 -1.492805345675163098e+00 1.748406197224158021e+01
3.552769278888383297e+01 1.341936758689606046e+00 1.683622475157445564e+00 1.341936758689606046e+00 3.170156536364155642e+01 1.400156418725761465e-01 1.683622475157445564e+00 1.400156418725761465e-01 2.571381187702796822e+01
2.842278665834501794e+01 -2.322516709526412981e+00 1.680629018998021973e+00 -2.322516709526412981e+00 1.909440102227269875e+01 1.930800301738278879e+00 1.680629018998021973e+00 1.930800301738278879e+00 1.399454013170248778e+01
2.147178059530500960e+01 2.704688779147639277e+00 2.380052837382689856e-01 2.704688779147639277e+00 2.218870507462563069e+01 1.227158050156893720e+00 2.380052837382689856e-01 1.227158050156893720e+00 2.064485500738422985e+01
3.455451070102566291e+01 1.339102676724057250e+00 2.005102470648189694e+00 1.339102676724057250e+00 3.176120732464928764e+01 -1.956863113361537176e-01 2.005102470648189694e+00 -1.956863113361537176e-01 2.550945500015356160e+01
3.732253351923050388e+01 1.794654526743149070e+00 1.990877356936923359e+00 1.794654526743149070e+00 3.199663916335752845e+01 2.921692339004983707e-01 1.990877356936923359e+00 2.921692339004983707e-01 2.691221511333542082e+01
3.042813244773152803e+01 -2.368910036809555475e+00 -8.746682144565095518e-01 -2.368910036809555475e+00 2.390345190491044747e+01 3.909807786903806148e-01 -8.746682144565095518e-01 3.909807786903806148e-01 1.941896997121128621e+01
2.815797409576082089e+01 -1.908049711060239240e+00 -2.968995560381209042e+00 -1.908049711060239240e+00 1.749091393121355864e+01 -3.779952729929449085e+00 -2.968995560381209042e+00 -3.779952729929449085e+00 1.223475185674337240e+01
3.146209827383134794e+01 -3.191832048420546464e+00 -1.115396315161775398e+00 -3.191832048420546464e+00 2.434524500269813529e+01 -1.804731212957324082e+00 -1.115396315161775398e+00 -1.804731212957324082e+00 2.172915141551224849e+01
3.580732220948464573e+01 1.548338719209531256e+00 1.989721211398638889e+00 1.548338719209531256e+00 3.327348776863567537e+01 -3.707429465979153460e-01 1.989721211398638889e+00 -3.707429465979153460e-01 2.984489136095298889e+01
3.240701819758537283e+01 -2.998594631879468952e+00 -1.007989249662126330e+00 -2.998594631879468952e+00 2.582606115924821211e+01 -6.753840310764511745e-01 -1.007989249662126330e+00 -6.753840310764511745e-01 2.277277606905633078e+01
2.221983295741382847e+01 3.644771124496540171e+00 -8.429001399192417310e-01 3.644771124496540171e+00 2.253117394945102347e+01 -2.919099494173792664e+00 -8.429001399192417310e-01 -2.919099494173792664e+00 2.171927245631302839e+01
2.697428600981966085e+01 -2.283345764377952225e+00 -6.704015786767735241e-01 -2.283345764377952225e+00 1.861704034456242596e+01 8.566009551265787447e-01 -6.704015786767735241e-01 8.566009551265787447e-01 1.291093586272518401e+01
