-7.214530365796488098e+00 -1.366554556122831166e+00 3.900822973672312788e+00 -1.366554556122831166e+00 -5.010184171194921987e+00 5.612120314664185372e+00 3.900822973672312788e+00 5.612120314664185372e+00 -7.692050403176131125e-03
-5.692908844530142787e+00 -1.947284104845502961e+00 8.468638908807835097e-01 -1.947284104845502961e+00 -1.192106913328937479e+00 -9.981069771854625960e-01 8.468638908807835097e-01 -9.981069771854625960e-01 -4.824407296869849482e+00
-8.754610632674635795e+00 5.245745127753807857e+00 1.027641249027245962e+00 5.245745127753807857e+00 -9.042922914973232196e+00 8.349977795341555487e-01 1.027641249027245962e+00 8.349977795341555487e-01 -4.512034524533453883e+00
-5.135558873283147641e+00 -7.170327938832473658e-01 2.473029607867439417e+00 -7.170327938832473658e-01 -1.465744252717078089e+00 4.472147349976933306e+00 2.473029607867439417e+00 4.472147349976933306e+00 -3.849344155779942600e+00
9.098905133233749609e+00 1.639113061593589382e+00 -1.179594071588055959e+00 1.639113061593589382e+00 4.834723485784517827e+00 7.492027545163153945e+00 -1.179594071588055959e+00 7.492027545163153945e+00 9.204269411682514113e-01
-7.825147910956451902e+00 -3.695846582733488983e+00 8.034113848438795280e-01 -3.695846582733488983e+00 -4.352280273732826110e+00 -3.467989619924762845e+00 8.034113848438795280e-01 -3.467989619924762845e+00 8.764372717910275057e+00
-1.844150940390705529e+01 9.044771509081444005e-01 -2.986120323902200988e-02 9.044771509081444005e-01 -1.549738390740177429e+01 -1.413402901097482678e+00 -2.986120323902200988e-02 -1.413402901097482678e+00 -1.386362957174018362e+01
-1.403029295438215307e+01 -8.670256237325283388e-01 -4.655642938938784892e-01 -8.670256237325283388e-01 -8.598066944727133176e+00 -1.160049304795117919e+00 -4.655642938938784892e-01 -1.160049304795117919e+00 -8.097786298088598400e+00
-1.437198854216345412e+00 1.860305743673588807e+00 -6.545623293111905161e-01 1.860305743673588807e+00 1.896139455862922096e+00 -3.437870263913131552e+00 -6.545623293111905161e-01 -3.437870263913131552e+00 5.733253136884694179e+00
-7.065337276635283104e+00 -1.422365336172967565e+00 -4.215335557797929233e+00 -1.422365336172967565e+00 -8.270893370091901176e+00 -3.374288673553174966e+00 -4.215335557797929233e+00 -3.374288673553174966e+00 -4.467460471499909325e+00
6.118095141904602574e-01 -6.313502817517849808e-01 3.413095703994634356e+00 -6.313502817517849808e-01 2.072595968666209654e+00 -3.696006509311253296e+00 3.413095703994634356e+00 -3.696006509311253296e+00 1.660025653140236646e+00
-4.243008183278965006e+00 -4.130681213177945565e+00 -2.439606966187659598e+00 -4.130681213177945565e+00 -8.901853841572453518e+00 1.636095405090904675e+00 -2.439606966187659598e+00 1.636095405090904675e+00 -7.381439071263980800e+00
-1.049940109250672116e+01 1.911081897946719677e+00 -5.530375936645131052e-01 1.911081897946719677e+00 -8.541941864461506384e+00 -1.558554778687226694e-01 -5.530375936645131052e-01 -1.558554778687226694e-01 -1.179652820102150335e+00
-8.102174035971245303e+00 4.665507588703269093e+00 -1.281728283902901833e+00 4.665507588703269093e+00 -1.162247093365794548e+01 -2.552221649013897142e+00 -1.281728283902901833e+00 -2.552221649013897142e+00 -7.654917631536022782e+00
-1.775778306892056735e+00 7.608645070532039867e+00 -4.783938495593714535e+00 7.608645070532039867e+00 7.950642103289075058e-01 -3.552772407473366312e-01 -4.783938495593714535e+00 -3.552772407473366312e-01 -5.711379408877280461e+00
-2.543841335045176066e+00 -1.155211305350387074e-01 -9.867492438375109476e-01 -1.155211305350387074e-01 -6.987889362691692696e+00 -2.505469374709089259e+00 -9.867492438375109476e-01 -2.505469374709089259e+00 -5.180021192922668050e+00
9.244814748764007106e+00 3.664984680648401660e+00 -4.694803451162800068e-01 3.664984680648401660e+00 7.582699331181372848e+00 3.139687243367541569e-01 -4.694803451162800068e-01 3.139687243367541569e-01 4.665360235013021217e+00
-2.906050427122806479e+00 2.064672995120554688e+00 1.588707338898535104e+00 2.064672995120554688e+00 -2.364475233466586168e+00 4.208899190960275691e-03 1.588707338898535104e+00 4.208899190960275691e-03 4.891152893027983062e+00
4.551452694060877491e+00 1.552372684088045629e+00 2.240949549661145124e+00 1.552372684088045629e+00 -4.400709811506508196e+00 -5.727904678396448013e+00 2.240949549661145124e+00 -5.727904678396448013e+00 7.575731246566594024e+00
-7.453294858012624591e-01 -5.443971243532282678e+00 -2.649827148080653672e+00 -5.443971243532282678e+00 -1.080868251221570153e+00 3.182535740293064852e-01 -2.649827148080653672e+00 3.182535740293064852e-01 -6.121534124305390984e-02
-7.821018698562307137e+00 -2.680765969794288495e+00 -4.594816899038050906e+00 -2.680765969794288495e+00 -8.167464804651867638e+00 8.051689426654865533e-01 -4.594816899038050906e+00 8.051689426654865533e-01 -5.512586484898640116e+00
-3.990341028236996213e+00 2.442311886295776002e+00 -5.969121316718506876e+00 2.442311886295776002e+00 -2.175065275580128965e+00 -1.376647579752251715e+00 -5.969121316718506876e+00 -1.376647579752251715e+00 1.658516269337021232e+00
-1.112545528218879198e+01 -1.643935846367129194e+00 1.059432867975264037e+00 -1.643935846367129194e+00 -5.892421234432156929e+00 -2.657220043861349801e+00 1.059432867975264037e+00 -2.657220043861349801e+00 -8.069610779428224134e+00
-6.359879996708917460e+00 -3.976637273847409837e+00 -3.273864761201800144e-01 -3.976637273847409837e+00 -4.622412317728817222e+00 5.078652631567005749e+00 -3.273864761201800144e-01 5.078652631567005749e+00 -3.074396462152299225e+00
-7.456838183217903371e+00 7.106882401176795039e-01 -3.458358477528151731e+00 7.106882401176795039e-01 -6.869212959463576240e+00 -2.352690199258398174e+00 -3.458358477528151731e+00 -2.352690199258398174e+00 -5.048868476484927648e+00
-5.479271300738468575e+00 -3.059031925101188612e-02 3.127512341739407287e+00 -3.059031925101188612e-02 -7.539465495623870694e+00 2.706789599353824349e-01 3.127512341739407287e+00 2.706789599353824349e-01 -5.877156418720596243e+00
-1.332346988451335257e+01 1.233193898048294157e+00 5.098575500000010474e-02 1.233193898048294157e+00 -1.343219723458742010e+01 -2.716927111308451881e+00 5.098575500000010474e-02 -2.716927111308451881e+00 -1.158928517717205153e+01
1.091518889124538738e+01 1.580852925256267749e+00 1.437421125913264763e+00 1.580852925256267749e+00 1.387530060583608815e+01 2.756868479719310816e+00 1.437421125913264763e+00 2.756868479719310816e+00 7.397626993959813824e-01
-6.244793844143719852e+00 -2.395141509774107114e+00 -3.735188001521410506e+00 -2.395141509774107114e+00 -2.423061132121868688e+00 2.938093041443540221e-01 -3.735188001521410506e+00 2.938093041443540221e-01 -1.131583337546241186e+00
-9.014743689414560279e+00 2.334582525408075870e+00 1.966625057276413679e+00 2.334582525408075870e+00 -1.302867772036911731e+01 1.850772168151989083e+00 1.966625057276413679e+00 1.850772168151989083e+00 -8.787508313768650936e+00
-4.563716025935010023e+00 -7.239643881390185609e-02 1.077241628855406308e+00 -7.239643881390185609e-02 -5.129302478161707590e+00 -1.542189837859762602e-01 1.077241628855406308e+00 -1.542189837859762602e-01 -2.613675024197888330e+00
-1.162404658740442720e+01 -1.091587373711552900e+00 -2.343468413866503841e+00 -1.091587373711552900e+00 -8.705725954827070012e+00 -1.296629066393860219e+00 -2.343468413866503841e+00 -1.296629066393860219e+00 -6.573156839161610421e+00
1.637346865227986470e+01 6.116353097879103196e+00 -1.598762734639794347e+00 6.116353097879103196e+00 8.904344897759269628e+00 3.450914038958494690e+00 -1.598762734639794347e+00 3.450914038958494690e+00 2.895606084951117154e+00
1.389613462010056111e+01 1.400291831318294156e+00 -3.388964222825026518e+00 1.400291831318294156e+00 1.267449726782451513e+01 1.865329528370625711e+00 -3.388964222825026518e+00 1.865329528370625711e+00 8.846441911968051741e+00
-6.894988662460295181e+00 -5.041244126804361514e+00 -2.159071800832138704e-02 -5.041244126804361514e+00 -5.700000507747841283e+00 -5.387845466738293565e-01 -2.159071800832138704e-02 -5.387845466738293565e-01 -2.082760365958485238e+00
-5.181032714445794163e+00 -8.608015437558944050e-02 -7.805586367597149300e-01 -8.608015437558944050e-02 -3.559181343783440754e-01 -5.505710900109598960e+00 -7.805586367597149300e-01 -5.505710900109598960e+00 2.561742605584805155e+00
-5.627869498911262092e+00 3.152206834863447327e+00 -3.431900206884271221e+00 3.152206834863447327e+00 -1.096700580360369243e-02 -5.277787626581029734e+00 -3.431900206884271221e+00 -5.277787626581029734e+00 2.967652961606155326e+00
-1.292113427591820951e+01 -8.563031317448387414e-01 -3.199462026363919520e+00 -8.563031317448387414e-01 -1.323865924225792234e+01 -1.364523401864094820e+00 -3.199462026363919520e+00 -1.364523401864094820e+00 -6.542889891902381905e+00
-1.180163938437262594e+01 3.040513628730594942e+00 1.740745697294681316e+00 3.040513628730594942e+00 -1.061342250750431937e+01 1.522820164073270255e-01 1.740745697294681316e+00 1.522820164073270255e-01 -1.481557035115520549e+01
1.600684902472484794e-01 4.822627006703814168e+00 -4.021433968937322689e-02 4.822627006703814168e+00 1.372069573843250900e+01 3.335382069291968232e+00 -4.021433968937322689e-02 3.335382069291968232e+00 -2.326017516486410808e-01
7.169950655608147372e+00 3.192846758263022444e+00 -2.576956377048491564e+00 3.192846758263022444e+00 5.597915549111728062e+00 -1.353503916813413588e-01 -2.576956377048491564e+00 -1.353503916813413588e-01 1.054599647199924206e+01
-7.666525556855888546e+00 -2.607922458775634222e+00 -4.234834207136178641e+00 -2.607922458775634222e+00 -5.995219806837444487e+00 1.185304835024196590e+00 -4.234834207136178641e+00 1.185304835024196590e+00 -1.798210556560876361e+00
-8.163649299787156366e+00 -3.248447954250279768e+00 4.173237679954370449e+00 -3.248447954250279768e+00 -9.424187228409085293e+00 3.904772445032415273e+00 4.173237679954370449e+00 3.904772445032415273e+00 1.661905890826198273e-01
-8.664873459173861647e+00 1.116321537286964816e+00 -1.547304534666158471e+00 1.116321537286964816e+00 -6.078831767593886326e+00 -3.393485134892118005e+00 -1.547304534666158471e+00 -3.393485134892118005e+00 -2.395358065570766914e+00
-3.051710612612887896e+00 -5.828909562618962426e+00 2.149614753931316624e+00 -5.828909562618962426e+00 -6.331972231376530758e+00 -2.965887955201697235e+00 2.149614753931316624e+00 -2.965887955201697235e+00 3.395625257820507947e+00
-3.089833327475265623e+00 8.924777049569279086e-01 -4.099915737911364211e+00 8.924777049569279086e-01 -9.059570121236631968e-02 -1.031328965898111294e+00 -4.099915737911364211e+00 -1.031328965898111294e+00 1.044066821188652572e+00
-6.450374127785605260e+00 -1.578797206253946372e+00 -4.304541830864940799e-01 -1.578797206253946372e+00 -2.746498894920326617e+00 -2.094826793997087044e+00 -4.304541830864940799e-01 -2.094826793997087044e+00 -6.496370864978589843e+00
-1.445131492557050201e+00 2.040373462969252927e+00 4.234256117754591209e+00 2.040373462969252927e+00 -8.093658526588109581e+00 -4.797848138953624719e+00 4.234256117754591209e+00 -4.797848138953624719e+00 -5.532089555116782575e-01
-5.913387102709150689e+00 9.346571341893857854e-01 -5.197418640803974199e+00 9.346571341893857854e-01 -7.608465205463470937e+00 5.101929728269764652e+00 -5.197418640803974199e+00 5.101929728269764652e+00 9.817900366100875686e-01
1.264229885644517326e+00 -4.080021235673335411e+00 4.673388697248295642e+00 -4.080021235673335411e+00 -1.964957881149983696e-02 2.897698126781190542e+00 4.673388697248295642e+00 2.897698126781190542e+00 8.278035749085544737e+00
-3.532988335322926332e+00 1.340958593792050679e-01 -4.394979448206912664e+00 1.340958593792050679e-01 -4.205112861225250853e+00 5.907978580155351267e+00 -4.394979448206912664e+00 5.907978580155351267e+00 5.138633400217175184e-01
-5.985363237356006394e+00 -1.883699033375429988e+00 -4.922169306548044854e-01 -1.883699033375429988e+00 3.081722433315444487e+00 -1.111320316072025527e+00 -4.922169306548044854e-01 -1.111320316072025527e+00 -8.152042886365810759e+00
-5.740807570053994446e+00 -2.093349730962349220e+00 -2.023090380378025799e+00 -2.093349730962349220e+00 -6.024917892386152829e+00 -1.279237725054877428e+00 -2.023090380378025799e+00 -1.279237725054877428e+00 -3.300239058945166448e+00
-4.710597706123012429e+00 3.070801702178990400e+00 2.462903283253347342e-01 3.070801702178990400e+00 -5.456345227526290920e+00 2.328757193087996669e+00 2.462903283253347342e-01 2.328757193087996669e+00 -2.106072504169487658e+00
-8.615808014837815776e+00 3.690827408227568718e+00 3.965091036148990611e+00 3.690827408227568718e+00 -6.592134245960465933e+00 -5.188587796106281402e+00 3.965091036148990611e+00 -5.188587796106281402e+00 -3.694578317951694668e+00
1.623190103229823045e+00 -3.922960178850076196e-01 3.829001515114054399e+00 -3.922960178850076196e-01 -3.496511802693698101e+00 2.608718820624902346e+00 3.829001515114054399e+00 2.608718820624902346e+00 2.249666162882369314e+00
-5.496726469858787212e+00 -1.378816398557636269e+00 3.423765136477395998e+00 -1.378816398557636269e+00 -7.936396015158211803e+00 3.236092844829008719e+00 3.423765136477395998e+00 3.236092844829008719e+00 -2.043703820400637028e+00
9.395518891479259338e+00 -2.232292053612089600e+00 -1.637399664569671742e+01 -2.232292053612089600e+00 6.392224879436597673e-01 -4.842577929926187963e+00 -1.637399664569671742e+01 -4.842577929926187963e+00 1.964623878595678619e+01
-8.046747878626371531e+00 -9.133292013003992960e-01 2.100864810703064745e+00 -9.133292013003992960e-01 -6.192277632346488758e+00 -6.710726838514739612e+00 2.100864810703064745e+00 -6.710726838514739612e+00 -2.058558283361018315e+00
-5.593768717457860085e+00 1.162635722157378204e+00 9.026815120133732662e-02 1.162635722157378204e+00 1.102271669399084830e+00 -7.815870469446514202e-01 9.026815120133732662e-02 -7.815870469446514202e-01 -2.356945754214454070e+00
5.538699673632955012e+00 -4.829848079815971751e+00 4.209330509057598868e-01 -4.829848079815971751e+00 3.430882003583521467e+00 -5.771508516193823546e+00 4.209330509057598868e-01 -5.771508516193823546e+00 2.963498799799026417e-01
-1.231319635443959903e+01 5.169886258144134050e-01 2.016933619805366007e+00 5.169886258144134050e-01 -1.231086989284944977e+01 2.947655576177858450e+00 2.016933619805366007e+00 2.947655576177858450e+00 -7.522258275349519074e+00
1.993056195621844751e+01 -2.333854205247710478e+00 -1.946160603345299833e+00 -2.333854205247710478e+00 1.823232166252421038e+01 -5.004876811058259101e+00 -1.946160603345299833e+00 -5.004876811058259101e+00 2.074111192767128387e+01
-1.521643108831080671e+00 -4.658560905801524044e+00 1.454021608602719162e+01 -4.658560905801524044e+00 -5.456925643137569892e+00 -8.032275554801298512e+00 1.454021608602719162e+01 -8.032275554801298512e+00 9.601608504872713112e+00
-1.914022899833502711e+00 -5.489894795686399931e+00 2.114575213433138590e+00 -5.489894795686399931e+00 7.830689676385548248e-01 3.609662463465593607e+00 2.114575213433138590e+00 3.609662463465593607e+00 -1.512473507898131952e+00
-7.984862205778400224e+00 -4.282455690804430226e+00 -1.167600298046486573e+00 -4.282455690804430226e+00 -7.576533608370281669e+00 3.638942173126740620e+00 -1.167600298046486573e+00 3.638942173126740620e+00 -5.005615116812863974e+00
1.182462066322179872e+01 6.543460220468496402e+00 7.086666004539196040e-01 6.543460220468496402e+00 1.797555102125444293e+01 -1.295764309306778372e+01 7.086666004539196040e-01 -1.295764309306778372e+01 2.346002132284752051e+01
-5.062146910267085964e+00 -4.204119475118972993e+00 2.621400464780939910e+00 -4.204119475118972993e+00 -1.690310851933438663e+00 -9.044369649846993653e+00 2.621400464780939910e+00 -9.044369649846993653e+00 9.608600102063576287e+00
-4.136428424684049254e+00 -1.066970222067515461e+00 -2.272728583596220542e+00 -1.066970222067515461e+00 -3.762287046610389929e+00 1.838050535370965521e+00 -2.272728583596220542e+00 1.838050535370965521e+00 -3.049910397341393242e+00
-6.491577991254866120e+00 -3.172811501709043913e+00 1.482939842267759545e+00 -3.172811501709043913e+00 -6.617780557853359724e+00 -4.923458352867245980e-01 1.482939842267759545e+00 -4.923458352867245980e-01 -3.819605301379675133e+00
1.893223984830576079e+00 -2.142821218821995721e+00 5.629131692136649434e+00 -2.142821218821995721e+00 -3.161008231147480974e+00 -2.174369762472053491e+00 5.629131692136649434e+00 -2.174369762472053491e+00 1.315080076753643468e+01
-9.375931109499950011e+00 -8.844559097789692625e-01 4.120963416613310226e-01 -8.844559097789692625e-01 -6.798004864142019876e+00 -2.884989702482648077e+00 4.120963416613310226e-01 -2.884989702482648077e+00 -1.017511261864156324e+01
-5.679000674844014718e+00 -3.096357748684428035e+00 -6.115201283037259294e+00 -3.096357748684428035e+00 -9.302135081419923068e+00 3.878612277001035835e+00 -6.115201283037259294e+00 3.878612277001035835e+00 2.336813177347406345e+00
7.110320462574557965e+00 -5.975091685866861901e+00 1.144432312309414890e+00 -5.975091685866861901e+00 4.994538519867491644e+00 1.431661320722269481e+00 1.144432312309414890e+00 1.431661320722269481e+00 5.167838897846235291e+00
-5.743423447758672751e+00 7.250815049913144072e+00 3.275181115602564308e+00 7.250815049913144072e+00 -3.512316100602986157e+00 6.505924272359787430e+00 3.275181115602564308e+00 6.505924272359787430e+00 1.591095160715157775e+00
-1.720245861779631014e+00 1.062185671931284103e+00 1.144002664887245002e+00 1.062185671931284103e+00 -5.590356817474322781e+00 1.845617089665661181e+00 1.144002664887245002e+00 1.845617089665661181e+00 -4.027838849785316810e+00
2.979475207624479793e+01 -3.367209024222729052e+00 2.468977399524117100e+00 -3.367209024222729052e+00 2.938144266213125277e+01 -2.956533059120650897e+00 2.468977399524117100e+00 -2.956533059120650897e+00 2.578424383012246324e+01
-1.089915447833001139e+01 1.185781516068211694e+00 1.116434178422278378e-01 1.185781516068211694e+00 -9.586170512917032482e+00 5.816258043270142508e+00 1.116434178422278378e-01 5.816258043270142508e+00 6.270099216640450557e+00
-6.113043602121726039e+00 -2.963668702607627825e+00 1.194543535786740884e+00 -2.963668702607627825e+00 -5.185187302614278515e+00 2.167512974840338558e+00 1.194543535786740884e+00 2.167512974840338558e+00 2.072248819242256790e+00
-8.145411531039291830e+00 2.075053363747847879e+00 2.695531730706597351e-01 2.075053363747847879e+00 -1.020962104471709075e+01 -3.708126355675041286e-02 2.695531730706597351e-01 -3.708126355675041286e-02 -1.144598238203757568e+01
8.697172256255858436e-01 -1.376548610922766036e+00 2.106005982405558807e-01 -1.376548610922766036e+00 1.070189628841252905e+01 1.316533893188702731e+00 2.106005982405558807e-01 1.316533893188702731e+00 -6.216056252335244281e+00
6.861072117116823854e+00 -3.751614278105821487e-01 8.048748189412177623e-02 -3.751614278105821487e-01 6.325152804560257636e+00 5.131205861431605009e-02 8.048748189412177623e-02 5.131205861431605009e-02 2.107380277616297981e+00
4.543110323114418314e+00 -5.207724663970634271e-01 -4.700770800603439881e-01 -5.207724663970634271e-01 -8.357532214996290065e+00 1.012970181396077862e+00 -4.700770800603439881e-01 1.012970181396077862e+00 -9.014163832863275161e+00
-5.387819179225469490e+00 3.112182188633068058e+00 -1.591172223455438184e+00 3.112182188633068058e+00 -9.720095268113745135e+00 -4.323941683368206057e+00 -1.591172223455438184e+00 -4.323941683368206057e+00 -9.301976530354156836e+00
-9.521263023378200074e+00 6.893676997355593361e-01 2.493611446882523897e+00 6.893676997355593361e-01 -1.067745655333647647e+01 5.225591012964821758e+00 2.493611446882523897e+00 5.225591012964821758e+00 -5.912533767140203622e+00
-8.228419313678120517e+00 -4.117001062207742201e+00 -2.910203572826324692e+00 -4.117001062207742201e+00 -5.931322835458770371e+00 2.220097170407263343e-01 -2.910203572826324692e+00 2.220097170407263343e-01 -9.072327311324174914e+00
1.551865538305523096e+01 4.675903013654393314e-01 8.421038863934406038e+00 4.675903013654393314e-01 1.190266446964994707e+01 -2.854528561562633904e+00 8.421038863934406038e+00 -2.854528561562633904e+00 1.799973444996145489e+01
-4.331203248357322622e+00 -8.018949622374647035e+00 2.299244468508763628e+00 -8.018949622374647035e+00 -1.928292490886218236e+00 4.995410634070141853e+00 2.299244468508763628e+00 4.995410634070141853e+00 6.391326957636416228e-01
-5.211528465093217655e+00 -5.899527419863389577e-01 -2.253279450316241661e+00 -5.899527419863389577e-01 -5.793330635362848868e-01 1.863371144383302758e+00 -2.253279450316241661e+00 1.863371144383302758e+00 2.004619526438784216e-01
-9.849930121985947196e+00 -9.685981755678955141e-01 2.215863549058285198e+00 -9.685981755678955141e-01 -8.203745025870835761e+00 3.298574900069198290e-02 2.215863549058285198e+00 3.298574900069198290e-02 -8.866633528035460898e+00
-1.030418325933657719e+01 -1.474275307344298902e+00 3.565737372440567210e+00 -1.474275307344298902e+00 -1.081528822687657154e+01 1.491151465628580475e+00 3.565737372440567210e+00 1.491151465628580475e+00 -8.042431437137523176e+00
-7.117091908043995829e+00 -4.615455436413404833e+00 -1.625394242971881065e+00 -4.615455436413404833e+00 -5.895187740372966445e+00 1.031701063866422707e+01 -1.625394242971881065e+00 1.031701063866422707e+01 -2.193160719065646358e+00
-2.104759516054423019e-01 1.484154672724681712e+00 2.744365784870329339e+00 1.484154672724681712e+00 -1.199357029644309680e+00 3.326193639553880033e+00 2.744365784870329339e+00 3.326193639553880033e+00 8.469443525514023463e+00
1.513849860184956819e+00 2.730670610134713350e+00 -3.314600684791520813e+00 2.730670610134713350e+00 -6.423724877118226040e+00 7.273111860058739664e-01 -3.314600684791520813e+00 7.273111860058739664e-01 -7.456915880133592189e+00
-2.394545888310260384e+00 3.770621068046993596e+00 -3.507837454246290343e-01 3.770621068046993596e+00 -2.413004559902329316e+00 2.541763187983010930e+00 -3.507837454246290343e-01 2.541763187983010930e+00 -6.275104373733014107e+00
2.738689415362109614e+01 3.132477686535219519e+00 1.948704357557063949e+00 3.132477686535219519e+00 3.531696000706097749e+01 2.426532446401072907e+00 1.948704357557063949e+00 2.426532446401072907e+00 2.815355658405949058e+01
-7.608494078782628733e+00 -8.783931181244361008e-01 -3.499564125468949349e+00 -8.783931181244361008e-01 -9.070551323422536782e+00 -3.224610016669974932e+00 -3.499564125468949349e+00 -3.224610016669974932e+00 -5.190965932951769446e+00
2.131422846931714687e+01 2.153476495511849720e+00 6.935560520479167934e+00 2.153476495511849720e+00 2.406149815388471680e+01 1.000227384812166109e+00 6.935560520479167934e+00 1.000227384812166109e+00 3.636104241320904151e+01
1.443738274136503019e+00 2.219012665954511299e+00 -5.754474587200779645e+00 2.219012665954511299e+00 2.516906122937427326e-01 -1.143770447673471413e-01 -5.754474587200779645e+00 -1.143770447673471413e-01 8.240332473889750986e+00
-7.187047292834932932e+00 -5.011825161087085867e+00 1.462876066068995673e+00 -5.011825161087085867e+00 -2.685852738906020498e+00 -7.636268430859283640e+00 1.462876066068995673e+00 -7.636268430859283640e+00 6.088587428926547140e+00
