-5.020711421382070938e+00 2.489037150450540137e-01 -1.929678182833957090e+00 2.489037150450540137e-01 -5.035404395525814536e+00 5.785743300406736012e-01 -1.929678182833957090e+00 5.785743300406736012e-01 -5.236589116992027115e+00
-1.988105083524362104e+00 -9.792158767092372651e-01 -2.983172532976294256e-01 -9.792158767092372651e-01 -9.224102347212213004e+00 -2.869510905294280212e-01 -2.983172532976294256e-01 -2.869510905294280212e-01 -5.818516664620089429e+00
-4.352131049836017951e+00 2.148369429239000983e+00 3.916915524687737626e+00 2.148369429239000983e+00 -4.458435438824079888e+00 1.184042712077858051e+00 3.916915524687737626e+00 1.184042712077858051e+00 -3.764958762638602963e+00
4.485368285686252676e+00 1.316780769132709583e+00 -1.996109901186407187e+00 1.316780769132709583e+00 6.684298891586040625e+00 -7.174458173144775408e-01 -1.996109901186407187e+00 -7.174458173144775408e-01 5.940987379354918829e+00
-1.259199570134263624e+01 -6.182533379384900218e-01 -2.008973188182452851e+00 -6.182533379384900218e-01 -9.082494408962043408e+00 6.492997023348771046e-01 -2.008973188182452851e+00 6.492997023348771046e-01 -1.053693010782480322e+01
-1.024693960194905706e+01 -8.612025846117348227e-01 -1.989999597922657681e+00 -8.612025846117348227e-01 -6.150280533954334494e+00 -7.529623298059666403e-02 -1.989999597922657681e+00 -7.529623298059666403e-02 -4.587080135795798874e+00
-8.776360803347058592e+00 -6.326665321089506300e-01 -2.195258649553260416e-02 -6.326665321089506300e-01 -9.161908981541868613e+00 6.395447052242262398e-01 -2.195258649553260416e-02 6.395447052242262398e-01 -9.252727370500245740e+00
1.456669148613371823e+00 -2.069068860044852354e+00 -1.539842019429958353e-01 -2.069068860044852354e+00 -4.247423018510296799e+00 2.185652968752090697e+00 -1.539842019429958353e-01 2.185652968752090697e+00 6.033722289090671431e+00
6.219265123801134276e-01 -1.100632441207010315e+00 -2.029304516462721253e+00 -1.100632441207010315e+00 3.593766872099851906e+00 2.560095240981954845e+00 -2.029304516462721253e+00 2.560095240981954845e+00 4.330004831512741070e+00
-2.986587487562269327e+00 4.734941968820082780e-01 -1.146621018236443801e+00 4.734941968820082780e-01 -3.489525560087122003e+00 1.247856493802502742e+00 -1.146621018236443801e+00 1.247856493802502742e+00 -9.153028695828046679e+00
1.022364842391953133e+01 1.903153397121208457e+00 -3.499186008336366172e+00 1.903153397121208457e+00 9.840638681615340388e+00 2.523985845272314066e+00 -3.499186008336366172e+00 2.523985845272314066e+00 4.411462138629620000e+00
-5.273835046819776551e+00 -1.066054245679760148e+00 -3.228355601358327137e-02 -1.066054245679760148e+00 -1.201764292057255545e+01 8.454140833482676198e-01 -3.228355601358327137e-02 8.454140833482676198e-01 -5.241811091966138925e+00
-3.237793214592745272e+00 -1.161954890795414475e+00 -8.217453554810048022e-01 -1.161954890795414475e+00 -2.837867289273117155e+00 -1.165245442254738917e+00 -8.217453554810048022e-01 -1.165245442254738917e+00 -4.833328356690816285e+00
8.587539139425384604e+00 -1.498832225838325538e+00 -2.530113272320205997e+00 -1.498832225838325538e+00 9.589093661811386227e+00 -2.064513733284886854e+00 -2.530113272320205997e+00 -2.064513733284886854e+00 5.392069243783851995e+00
-4.034955329568940208e+00 6.542363726549438319e-01 -6.760197107623610036e-01 6.542363726549438319e-01 -2.202243294244411675e+00 -2.760069557353657110e+00 -6.760197107623610036e-01 -2.760069557353657110e+00 -5.109155342933711985e+00
5.863521258160845351e-01 -7.015514617660036922e-01 -1.887579815323182864e+00 -7.015514617660036922e-01 2.964232561292900137e+00 -1.104720741752074353e+00 -1.887579815323182864e+00 -1.104720741752074353e+00 2.432024846176443322e+00
-4.889231406527087209e+00 1.891598680979011959e+00 -2.968011737496973002e+00 1.891598680979011959e+00 -3.888241640638161467e+00 -7.218349096747878058e-01 -2.968011737496973002e+00 -7.218349096747878058e-01 -7.319336585086429814e+00
-1.352867320640361903e+01 4.085430349456554144e-01 -1.869324773885831847e+00 4.085430349456554144e-01 -1.038432095172272973e+01 -1.360010387866708248e+00 -1.869324773885831847e+00 -1.360010387866708248e+00 -1.151624913418120677e+01
-6.700683876439353703e+00 -1.930479862475702690e+00 9.954648783137547419e-01 -1.930479862475702690e+00 -2.265104954190762410e+00 -8.170197073077384298e-01 9.954648783137547419e-01 -8.170197073077384298e-01 -6.259771025974418812e+00
-4.633199156798065488e+00 -1.921843544803992332e+00 -1.887568130889516471e+00 -1.921843544803992332e+00 -1.742556661861587086e+00 -2.135403177527033236e+00 -1.887568130889516471e+00 -2.135403177527033236e+00 -2.178267758940655607e+00
-9.001873043613887404e+00 1.481655338912016395e+00 -9.754140036359184585e-01 1.481655338912016395e+00 -2.216073042731785403e+00 3.322400239928015031e-01 -9.754140036359184585e-01 3.322400239928015031e-01 1.842825017044004365e+00
-5.677718816702309823e+00 7.367430303118753521e-02 4.099425479842260245e+00 7.367430303118753521e-02 -5.012236680646031672e+00 -2.583272752141103634e+00 4.099425479842260245e+00 -2.583272752141103634e+00 -4.696232135795354701e+00
-1.400035641041246137e+01 -1.505246358757649894e+00 1.184808116984251702e+00 -1.505246358757649894e+00 -1.459703490929470426e+01 5.455578180010234313e-01 1.184808116984251702e+00 5.455578180010234313e-01 -1.311141973647023207e+01
4.034236936064611534e+00 -2.518349144869342471e+00 7.005349176383204313e-01 -2.518349144869342471e+00 4.984875346731322487e+00 -1.762745648290639178e+00 7.005349176383204313e-01 -1.762745648290639178e+00 2.485142162092476958e+00
-2.557432261587424982e+00 -4.394962846235765497e+00 -2.971737967033997840e+00 -4.394962846235765497e+00 -4.823680786571297729e-01 3.682399423364055124e+00 -2.971737967033997840e+00 3.682399423364055124e+00 -3.333843032870716705e+00
-1.035745474807166211e+01 -1.183160152319224778e+00 -2.324423446308684915e-01 -1.183160152319224778e+00 -8.684991941223611178e+00 -2.471409127836131425e+00 -2.324423446308684915e-01 -2.471409127836131425e+00 -9.319033089685023086e+00
7.068165952858195489e+00 5.863527088580078317e-01 5.768370823916574963e+00 5.863527088580078317e-01 7.575403486425740240e+00 9.419597208433054814e-01 5.768370823916574963e+00 9.419597208433054814e-01 -4.537549921964684430e+00
-8.995108723951982910e+00 -4.809031883645368821e-01 -7.009144955261666921e-01 -4.809031883645368821e-01 -8.743977953831199912e+00 2.419812129975027037e+00 -7.009144955261666921e-01 2.419812129975027037e+00 -8.305363127914180410e+00
-6.212652805896772712e+00 3.884205329292804709e+00 -9.102449057586847747e-01 3.884205329292804709e+00 -3.267893977222868340e+00 1.896684499694666071e-01 -9.102449057586847747e-01 1.896684499694666071e-01 -6.513650345976721212e+00
5.617531621664129560e+00 -1.510703553203110339e+00 -2.275871222887085654e+00 -1.510703553203110339e+00 1.959478410966136508e+00 3.506893757659551802e+00 -2.275871222887085654e+00 3.506893757659551802e+00 -7.465883976398267619e-01
-1.439693986732173636e+00 1.465681201294493308e+00 -1.438164500261965295e-01 1.465681201294493308e+00 2.043066815980796314e+00 -2.581318276846655824e-01 -1.438164500261965295e-01 -2.581318276846655824e-01 6.507667211147805553e+00
6.515846238913312938e+00 1.677811457492954128e+00 -2.137515411022709255e+00 1.677811457492954128e+00 9.064414506100273883e+00 5.219279253782933559e+00 -2.137515411022709255e+00 5.219279253782933559e+00 1.114434355606893767e+01
-6.382919469550907721e+00 -7.084734831857807391e-01 2.403950229081324441e-01 -7.084734831857807391e-01 -8.528223169163929640e+00 -1.538937048831480414e+00 2.403950229081324441e-01 -1.538937048831480414e+00 -4.817715768021419542e+00
-3.823528524034697895e+00 -1.256047207174149971e+00 -7.166678919495059197e-02 -1.256047207174149971e+00 -9.578987604065479999e+00 6.354693275004811293e-01 -7.166678919495059197e-02 6.354693275004811293e-01 -5.413856975908831082e+00
-4.694418435907607545e+00 -8.397045587394962041e-02 1.212974667304008269e+00 -8.397045587394962041e-02 -2.287870306934996378e+00 1.259633947230293538e+00 1.212974667304008269e+00 1.259633947230293538e+00 -3.294345371120752652e+00
7.881694611448696541e+00 -2.627702146224729862e+00 -3.012753511088498648e+00 -2.627702146224729862e+00 4.881111982457738918e+00 1.602129770262097130e+00 -3.012753511088498648e+00 1.602129770262097130e+00 1.091389873876618211e+01
-8.330083552945719561e+00 8.115248909662655663e-01 -1.009653317215808976e-01 8.115248909662655663e-01 -8.410218998538677937e+00 2.537283154547653741e+00 -1.009653317215808976e-01 2.537283154547653741e+00 -7.224728694805275353e+00
-2.841441763126357767e+00 -2.553853257047454584e+00 1.653794091033414237e-02 -2.553853257047454584e+00 -6.396960705378918810e+00 1.900170725355497248e-01 1.653794091033414237e-02 1.900170725355497248e-01 -6.730608827589673382e+00
-6.191666203933990253e+00 9.447000430006744498e-01 2.231485891661791676e+00 9.447000430006744498e-01 -1.149958058616491030e+00 3.079784744974373822e+00 2.231485891661791676e+00 3.079784744974373822e+00 2.086582971808357723e+00
-7.627610198672698516e+00 5.955431167337114085e-01 -1.064977002167815989e+00 5.955431167337114085e-01 -1.271420874581263050e+01 2.571188881662191950e+00 -1.064977002167815989e+00 2.571188881662191950e+00 -1.125868447956605678e+01
-9.724644308896603917e+00 -4.087754335606115230e-01 -2.282719296528527231e+00 -4.087754335606115230e-01 -3.295977728920501448e+00 1.622684440074001921e+00 -2.282719296528527231e+00 1.622684440074001921e+00 -1.398404448783730381e+00
-6.305838289539842378e+00 2.229871006693622704e+00 1.573072216072411322e+00 2.229871006693622704e+00 -1.157633993520889426e+01 2.439737014278347438e+00 1.573072216072411322e+00 2.439737014278347438e+00 -8.116398911813687889e+00
-5.131460353725897372e-01 2.840213564288038839e-01 -3.764753748336159278e-01 2.840213564288038839e-01 7.397413994140854543e-01 1.590674835720568225e+00 -3.764753748336159278e-01 1.590674835720568225e+00 1.426821979820315889e+00
-4.970506942157596697e+00 -1.277778249884812478e+00 -2.066728459754602731e+00 -1.277778249884812478e+00 -4.279083039117629106e+00 -8.461830737892338528e-01 -2.066728459754602731e+00 -8.461830737892338528e-01 -7.570698373135787307e+00
-6.707022889815449140e+00 -1.358080680951667230e+00 -3.222426811765498389e+00 -1.358080680951667230e+00 -1.027257805129680435e+01 5.013801296124713591e-01 -3.222426811765498389e+00 5.013801296124713591e-01 -5.025816691288871318e+00
-3.406215239086246793e+00 9.405997157647405515e-01 -2.023208664773829213e+00 9.405997157647405515e-01 -2.679373448772741195e+00 -1.561373090593952018e+00 -2.023208664773829213e+00 -1.561373090593952018e+00 -7.076733993936238143e+00
-3.498260103308891367e+00 1.244186667183509121e+00 -2.386212394962669237e+00 1.244186667183509121e+00 -6.028920611562388565e+00 3.212216904117825012e-01 -2.386212394962669237e+00 3.212216904117825012e-01 -6.537474734419276068e+00
-2.654020197790910807e+00 2.151445644227096388e+00 8.904328419179078358e-01 2.151445644227096388e+00 9.048276731805179329e-01 1.915786413216133965e+00 8.904328419179078358e-01 1.915786413216133965e+00 -3.081324028111776858e+00
-7.894731124664339461e+00 5.497360119719095772e-01 3.382123935444760754e-01 5.497360119719095772e-01 -1.245157020040594098e+01 -1.140977391125332030e+00 3.382123935444760754e-01 -1.140977391125332030e+00 -9.324072034761966776e+00
-1.027222464741058694e+01 -6.173447387269231923e-01 3.007872595949954153e-01 -6.173447387269231923e-01 -7.990114326745067608e+00 -1.827642380593475391e+00 3.007872595949954153e-01 -1.827642380593475391e+00 -4.178360779969565009e+00
-6.881346952441902864e+00 -5.832982723107257295e-01 -3.112773280493428718e+00 -5.832982723107257295e-01 -9.832444576134424352e+00 -9.893846209121157642e-01 -3.112773280493428718e+00 -9.893846209121157642e-01 -6.923839966550114688e+00
-1.535513717599512384e+00 3.678169850508424821e-01 -1.849852119867888001e-01 3.678169850508424821e-01 -1.981296368222305482e+00 -8.774490347526782141e-01 -1.849852119867888001e-01 -8.774490347526782141e-01 -3.142239074167804347e+00
-1.279499322400047134e+01 5.780937796895676550e-01 -7.430393531622372927e-02 5.780937796895676550e-01 -1.095009448990000500e+01 4.964423739250635736e-01 -7.430393531622372927e-02 4.964423739250635736e-01 -1.731056187753244657e+01
-1.732704545225725479e+00 2.122235104996341160e-01 -1.013313376833427037e+00 2.122235104996341160e-01 5.497089120667170370e+00 2.579031558639937050e+00 -1.013313376833427037e+00 2.579031558639937050e+00 2.271116351726909066e+00
4.001280995148245090e+00 1.146265553190596309e+00 -4.008058950799642944e-02 1.146265553190596309e+00 3.165913315307983478e+00 -2.822428927735839199e+00 -4.008058950799642944e-02 -2.822428927735839199e+00 6.030340264369838721e+00
-7.180804343911461274e+00 -1.107648172613301174e+00 -8.965014459782778833e-02 -1.107648172613301174e+00 -1.198352376500794314e+01 3.436190895865897654e-01 -8.965014459782778833e-02 3.436190895865897654e-01 -1.095634863902145462e+01
-1.714281923506026573e+01 5.782052719733254270e-02 -6.934233204929343142e-01 5.782052719733254270e-02 -1.586362613063524130e+01 -1.821431207890986448e+00 -6.934233204929343142e-01 -1.821431207890986448e+00 -1.354818678223943706e+01
-9.180312797766102761e+00 -4.545005082462642010e-01 -2.975726898194263725e+00 -4.545005082462642010e-01 -3.585857597299049626e+00 -1.964121047591678826e+00 -2.975726898194263725e+00 -1.964121047591678826e+00 -2.782698619535800333e+00
2.104946832172525983e+00 -2.152597223402649362e+00 -4.044270586897412478e+00 -2.152597223402649362e+00 1.184614746318522149e+00 3.799630171354742458e+00 -4.044270586897412478e+00 3.799630171354742458e+00 8.099348425585840838e-02
-1.353341731899782729e+01 1.802376236813026500e+00 -1.083634051975867374e+00 1.802376236813026500e+00 -8.843535598118309693e+00 -4.633583639867023263e-01 -1.083634051975867374e+00 -4.633583639867023263e-01 -1.203712193507135630e+01
-6.128511846711462319e+00 2.560677827307768606e+00 1.551911843551416759e+00 2.560677827307768606e+00 -6.547013261093717951e+00 1.873707312099002209e+00 1.551911843551416759e+00 1.873707312099002209e+00 -4.162036925231308082e+00
-2.055386275622451464e+00 5.924604292058417015e-02 -1.164779934791378979e+00 5.924604292058417015e-02 -4.400212818051069119e-01 -1.786266319858665685e+00 -1.164779934791378979e+00 -1.786266319858665685e+00 -2.903145796819661673e+00
-8.815147540381272906e-01 -2.390853916199636942e+00 9.241308164259999236e-01 -2.390853916199636942e+00 -1.275362829406245790e+00 -3.473579438332162761e-01 9.241308164259999236e-01 -3.473579438332162761e-01 -4.960891341072674043e-01
-1.791080560308769165e+00 -4.071198258058228880e+00 -1.399426463532200238e+00 -4.071198258058228880e+00 1.511827354934893730e+00 2.747018941683359916e+00 -1.399426463532200238e+00 2.747018941683359916e+00 2.885076879219213186e+00
-6.424843219410441009e+00 1.349752677946408630e+00 2.537975467482112002e+00 1.349752677946408630e+00 -1.133447123786401178e+01 -1.213771773375819540e+00 2.537975467482112002e+00 -1.213771773375819540e+00 -9.671297403529216297e+00
-5.612978438281800209e+00 1.391189963991203760e+00 -1.276311932063558752e+00 1.391189963991203760e+00 -4.001624619785300041e+00 -2.090388462882228460e+00 -1.276311932063558752e+00 -2.090388462882228460e+00 -1.032504463532746186e+01
-6.891806241430997737e+00 4.227424689034571803e-01 1.300642340878162884e+00 4.227424689034571803e-01 -3.229564615975238251e+00 -3.427528093635207052e-02 1.300642340878162884e+00 -3.427528093635207052e-02 -4.053616836070966123e+00
-2.912860929599951909e+00 2.050602933431901587e+00 1.308659537927427285e+00 2.050602933431901587e+00 -1.235997422701559767e+00 2.233446309876592206e+00 1.308659537927427285e+00 2.233446309876592206e+00 -1.021607714046395010e+01
9.022744661030099422e+00 1.605931167948983829e+00 7.314817645189639617e-01 1.605931167948983829e+00 1.541849814938169949e+01 -2.007020262068495597e+00 7.314817645189639617e-01 -2.007020262068495597e+00 1.528290517255805803e+01
-2.800937029491479824e-01 -1.811181700736560263e+00 3.969016023719899255e+00 -1.811181700736560263e+00 -4.036721201924968305e+00 -3.412488670113033695e+00 3.969016023719899255e+00 -3.412488670113033695e+00 7.608959254564690022e-01
-3.182245254717478655e+00 -1.528199672548715915e+00 -2.280598988771448177e+00 -1.528199672548715915e+00 -1.589640984011498892e+00 1.407722860732593673e-01 -2.280598988771448177e+00 1.407722860732593673e-01 2.356103947649809682e-01
-1.281635557150903892e+01 2.860807654071906847e-01 8.953296912125892071e-01 2.860807654071906847e-01 -1.702412288590924661e+01 1.532116943635770390e-01 8.953296912125892071e-01 1.532116943635770390e-01 -1.062890555907846135e+01
-7.152436788189549866e+00 -7.519411717733585077e-01 7.606839107264301569e-01 -7.519411717733585077e-01 -4.969612067105318332e+00 1.662036372170196674e-01 7.606839107264301569e-01 1.662036372170196674e-01 -6.098139029226478769e+00
-4.753715164003396332e+00 -4.677201999345191874e-01 -1.711519573738328637e+00 -4.677201999345191874e-01 -8.676962588980780211e+00 -7.312581499298582699e-01 -1.711519573738328637e+00 -7.312581499298582699e-01 -9.177784797292156682e+00
-1.401953342978643213e-01 -6.336928193708833978e-01 -2.428064341510532742e+00 -6.336928193708833978e-01 -2.349342028108115432e+00 3.024651184681492744e+00 -2.428064341510532742e+00 3.024651184681492744e+00 -1.620549743570904422e+00
-1.199903987595240729e+01 3.804585797759691412e-01 -1.703460845175319927e+00 3.804585797759691412e-01 -9.580279591999451227e+00 2.571269115913140890e+00 -1.703460845175319927e+00 2.571269115913140890e+00 -1.504159345795503100e+01
-2.798430520482870332e+00 1.171627495626142851e-01 3.583972815327775563e-01 1.171627495626142851e-01 -5.583825104882955692e+00 9.571194875979363026e-01 3.583972815327775563e-01 9.571194875979363026e-01 -2.459825500059789505e+00
-8.114733774437812741e+00 -2.886580406102824625e+00 3.713574235113224820e+00 -2.886580406102824625e+00 -5.695683159523792227e+00 -6.033663016523400646e-01 3.713574235113224820e+00 -6.033663016523400646e-01 -6.066667189971743035e+00
-2.131855400053978222e+00 -5.253892531262170928e-01 -1.443174806411702704e+00 -5.253892531262170928e-01 -5.147092842847312610e+00 -1.250446795127249378e-01 -1.443174806411702704e+00 -1.250446795127249378e-01 -9.322746294520975141e+00
-8.045053861894766456e+00 -1.463265022738992949e+00 -7.751260511948568910e-01 -1.463265022738992949e+00 -7.954471034153556275e+00 -4.563326014036093725e-01 -7.751260511948568910e-01 -4.563326014036093725e-01 -1.045026048253002671e+01
-8.083165001618038303e+00 5.665183456725566558e-01 3.867524045881679667e-02 5.665183456725566558e-01 -8.436344192021948629e+00 1.290056153824493013e+00 3.867524045881679667e-02 1.290056153824493013e+00 -8.608961201977404443e+00
-9.775371135261380573e+00 -1.748732558182548857e-01 -2.370915574174369933e+00 -1.748732558182548857e-01 -4.209545773969007421e+00 3.229150036270129753e+00 -2.370915574174369933e+00 3.229150036270129753e+00 -5.670733975496165868e+00
3.383901610008953842e+00 -1.716849625997410422e+00 7.313824071560497408e-01 -1.716849625997410422e+00 3.615630726050754085e+00 4.091155702987426146e+00 7.313824071560497408e-01 4.091155702987426146e+00 -5.268170527961497651e-01
-3.271371148652403082e+00 3.513277496614082285e-01 -3.447431281622312493e+00 3.513277496614082285e-01 -4.457470823829116746e+00 2.329561974574921313e-01 -3.447431281622312493e+00 2.329561974574921313e-01 -4.587625772232539312e+00
-2.780661140005863174e+00 9.340410212314911309e-01 5.875710247958315646e-01 9.340410212314911309e-01 -7.801675317715167646e-01 1.421096008071264016e+00 5.875710247958315646e-01 1.421096008071264016e+00 4.273814226577110631e+00
-5.866729419464728146e+00 -2.807432000853265830e+00 -7.205601446314807701e-01 -2.807432000853265830e+00 -1.575470549850630730e+00 1.376367552109262427e+00 -7.205601446314807701e-01 1.376367552109262427e+00 -8.575430388119500424e-01
-1.073194644408379972e+01 -2.577895441211807137e-01 3.650106514829565274e+00 -2.577895441211807137e-01 -1.113006045307426284e+01 -1.499733113126901607e+00 3.650106514829565274e+00 -1.499733113126901607e+00 -9.662519889385375649e+00
-7.141823018091845832e+00 1.370719674562570711e+00 -2.043982887930637204e+00 1.370719674562570711e+00 -5.919548265902182749e+00 -6.958778695108143175e-01 -2.043982887930637204e+00 -6.958778695108143175e-01 -6.688873626784122450e+00
-1.317680288635989794e-01 -1.675294225025495187e+00 -1.579153901174820351e+00 -1.675294225025495187e+00 -3.005357971837528952e-01 1.528349712700326934e+00 -1.579153901174820351e+00 1.528349712700326934e+00 1.688460985573749573e+00
-2.320485533388424670e+00 1.510908370012563617e+00 -2.368268463167529647e-01 1.510908370012563617e+00 -3.145205872430571148e+00 -8.232350921443364333e-01 -2.368268463167529647e-01 -8.232350921443364333e-01 2.645885422018537714e+00
3.907843291918354556e+00 2.298651497922493459e+00 4.979648063143266690e+00 2.298651497922493459e+00 4.539189336078705672e+00 1.280147593232515701e+00 4.979648063143266690e+00 1.280147593232515701e+00 5.140551753961809744e+00
-1.992945595005541026e+00 -1.392956401399923161e+00 1.525724305148453697e+00 -1.392956401399923161e+00 -2.903012593583301992e+00 -4.760859854567677019e+00 1.525724305148453697e+00 -4.760859854567677019e+00 -6.662564241008761989e+00
-1.007356412276296176e+01 3.569462391516925681e+00 2.075959067530703805e+00 3.569462391516925681e+00 8.606288985217430687e-01 2.936678380154706947e+00 2.075959067530703805e+00 2.936678380154706947e+00 -5.999214540119608863e+00
-1.077748957435571242e+01 -1.414355618568450046e+00 -1.754041497603819000e+00 -1.414355618568450046e+00 -1.279107472104409382e+01 -4.316290892543974134e-01 -1.754041497603819000e+00 -4.316290892543974134e-01 -1.135844692556781155e+01
-3.378250406763289693e+00 -1.528409028217032173e+00 -2.516512423734546644e+00 -1.528409028217032173e+00 -8.248481925289935512e-02 3.101773370441961220e+00 -2.516512423734546644e+00 3.101773370441961220e+00 4.645461345634611661e+00
-7.436700221296507429e+00 5.171745026281041602e-01 1.337091380529163098e+00 5.171745026281041602e-01 -7.023085993104111857e+00 -2.762728085057545857e-01 1.337091380529163098e+00 -2.762728085057545857e-01 -8.537421889612275550e+00
-1.315520127530169558e+00 -8.569480069567482483e-02 -3.610398796023388979e+00 -8.569480069567482483e-02 4.287882378087346957e+00 -3.493955384997853852e-01 -3.610398796023388979e+00 -3.493955384997853852e-01 4.128818855196610293e+00
-1.103959125392296414e+01 -2.444311828533709263e-01 1.040901285173859714e+00 -2.444311828533709263e-01 -1.096253778542481605e+01 -1.372251730175501061e+00 1.040901285173859714e+00 -1.372251730175501061e+00 -1.198452311516305002e+01
-8.251656098563035613e+00 -3.322197209550791897e+00 -2.383635718052379726e+00 -3.322197209550791897e+00 -6.096985942196678998e+00 -5.382469875194785258e-01 -2.383635718052379726e+00 -5.382469875194785258e-01 -8.265498815305855729e+00
4.280209676406388497e-01 -1.322367115369699198e+00 3.707995696711534173e+00 -1.322367115369699198e+00 -3.658886143462340090e+00 -1.475295687872890893e+00 3.707995696711534173e+00 -1.475295687872890893e+00 -1.402126360447468523e+00
4.402218871154583435e-01 2.009051978063292943e+00 -4.734796652878139889e-01 2.009051978063292943e+00 4.363945045252847876e+00 3.077840295024444339e-01 -4.734796652878139889e-01 3.077840295024444339e-01 4.552747205680910625e+00
-1.657220172098834876e+00 4.718149186252278832e-02 1.163740983825966913e+00 4.718149186252278832e-02 -2.440213863101881486e+00 -1.199814186171064501e+00 1.163740983825966913e+00 -1.199814186171064501e+00 -7.920716489310257735e+00
-9.481441690544178513e+00 -2.785302886542775802e+00 4.178252659381854750e-01 -2.785302886542775802e+00 -6.838143678222250443e+00 -6.089788859798780374e-01 4.178252659381854750e-01 -6.089788859798780374e-01 -8.740314010943642131e+00
-4.698398604831960590e+00 1.965357057849663747e+00 -3.727536491567367438e+00 1.965357057849663747e+00 -4.257201416345315792e+00 1.110247477249927783e+00 -3.727536491567367438e+00 1.110247477249927783e+00 -3.103347011928443866e+00
-1.289073464856001827e+01 2.437328085709209002e+00 -4.955804809832178304e-01 2.437328085709209002e+00 -1.173817399189506183e+01 5.425086273165558026e-01 -4.955804809832178304e-01 5.425086273165558026e-01 -1.191642381416518859e+01
-5.847738168295573580e+00 4.121619962472067300e+00 9.111995504521009925e-01 4.121619962472067300e+00 -4.017466266677580222e+00 2.053663951736785176e+00 9.111995504521009925e-01 2.053663951736785176e+00 -4.829778386677528346e+00
2.653199896011992465e+00 -7.406170186203189232e-01 -4.025511566067282665e+00 -7.406170186203189232e-01 1.497308389959913111e+00 4.464528892957103090e-01 -4.025511566067282665e+00 4.464528892957103090e-01 3.148447215862242743e+00
-5.965415705477171926e+00 1.476735431085800743e+00 -2.166107863925339050e+00 1.476735431085800743e+00 -9.646269344268418866e-01 -1.266768160578945202e-01 -2.166107863925339050e+00 -1.266768160578945202e-01 -1.261047100875152038e+00
-1.086623713765225574e+01 1.255359731590752093e+00 -4.863904111931001140e+00 1.255359731590752093e+00 -5.926725007292142244e+00 -3.582668874733336395e+00 -4.863904111931001140e+00 -3.582668874733336395e+00 -4.400465796596944479e+00
-8.653679229233611991e+00 -1.532158868505299809e+00 2.304481405280984774e+00 -1.532158868505299809e+00 -6.614906874403808423e+00 1.922922726247641378e+00 2.304481405280984774e+00 1.922922726247641378e+00 -1.067954658360153708e+01
-8.200111943535853598e+00 1.849770511650061122e+00 -1.083652262648561848e+00 1.849770511650061122e+00 -4.556461788152658343e+00 -1.173069111419123622e+00 -1.083652262648561848e+00 -1.173069111419123622e+00 -3.348332269311658838e+00
-2.651832823898214286e+00 -1.437295866101259367e+00 -5.314163806867049367e-01 -1.437295866101259367e+00 -7.078445102741789619e+00 5.570186211738553661e-01 -5.314163806867049367e-01 5.570186211738553661e-01 2.299141331617490458e+00
-5.611829797444313428e+00 -2.210820640036017970e+00 -7.779288554369324926e-02 -2.210820640036017970e+00 -5.647876450227744094e+00 7.865352483557336294e-01 -7.779288554369324926e-02 7.865352483557336294e-01 -5.704079359403749550e+00
3.546449102845237178e+00 -1.133560092142880560e+00 -1.849035411119130057e+00 -1.133560092142880560e+00 3.021458155327737316e+00 -1.829367866834783196e-01 -1.849035411119130057e+00 -1.829367866834783196e-01 2.779403476483524926e+00
4.217435084870389872e+00 -2.407573269781697889e-01 5.091210584928098637e-01 -2.407573269781697889e-01 1.651020863302533392e+00 2.519850704294760657e+00 5.091210584928098637e-01 2.519850704294760657e+00 1.756686627526845346e+00
-7.361957062819691977e+00 -2.280708475058589590e-01 -2.213493451030860371e+00 -2.280708475058589590e-01 -9.336845538970663938e+00 4.838489444253751270e-01 -2.213493451030860371e+00 4.838489444253751270e-01 -9.452483833132639290e+00
-5.807208891978732801e+00 1.161071104800456055e+00 -2.486676062116063068e+00 1.161071104800456055e+00 -5.387563042641046351e+00 -1.110009942184153831e+00 -2.486676062116063068e+00 -1.110009942184153831e+00 -3.830554931571310107e+00
2.151057779874660236e-01 -1.228164075194200899e+00 2.720061449435544065e-01 -1.228164075194200899e+00 -5.050293515647871878e+00 -1.695488209713291450e-01 2.720061449435544065e-01 -1.695488209713291450e-01 -2.846496670535830997e+00
-1.183393154623651355e+01 1.163410147175959253e+00 7.460117639736023598e-01 1.163410147175959253e+00 -1.030065679208478002e+01 1.078513619588278738e+00 7.460117639736023598e-01 1.078513619588278738e+00 -7.978352813617371808e+00
-5.306478391458619992e-01 6.567924950870884793e-02 -2.731694061225264036e+00 6.567924950870884793e-02 -6.414150589134778535e+00 -7.695977702729215331e-01 -2.731694061225264036e+00 -7.695977702729215331e-01 2.706004177126820398e+00
-5.988767760481638724e+00 1.621383574754032608e+00 -1.853966580939979236e+00 1.621383574754032608e+00 -8.754208822883702723e+00 -8.431494142429204475e-01 -1.853966580939979236e+00 -8.431494142429204475e-01 -7.977400729228282472e+00
-9.222394932548910518e+00 -1.438319234895708121e+00 2.497139522396223388e+00 -1.438319234895708121e+00 -1.141122630106147717e+01 -9.052815215774611124e-01 2.497139522396223388e+00 -9.052815215774611124e-01 -9.949800409009041502e+00
-2.864599496442465032e+00 -1.019209578465694932e+00 -1.171461687930431816e+00 -1.019209578465694932e+00 -8.545682624487936252e+00 1.897068554335102020e+00 -1.171461687930431816e+00 1.897068554335102020e+00 -5.257673630426869416e+00
-8.133791907459213988e+00 -1.172151208093181296e+00 -3.324326654024138072e+00 -1.172151208093181296e+00 -8.508221060215944931e+00 1.282205822870137624e+00 -3.324326654024138072e+00 1.282205822870137624e+00 -8.511372532466747742e+00
-1.443866212697229656e+01 5.499544667471842896e-01 -6.337995183764177920e-01 5.499544667471842896e-01 -9.344828701947502481e+00 3.000488665181789472e+00 -6.337995183764177920e-01 3.000488665181789472e+00 -7.707890916640334211e+00
-3.454409773205593948e-02 1.157571271382788369e+00 1.316903825023536312e+00 1.157571271382788369e+00 -1.564198259090844534e+00 -1.159931782560216895e+00 1.316903825023536312e+00 -1.159931782560216895e+00 2.337101149222714155e-02
-5.723282124009314131e+00 1.188702930663857238e+00 -8.785332624605219839e-03 1.188702930663857238e+00 -1.899387838616877433e+00 1.214290430256395492e+00 -8.785332624605219839e-03 1.214290430256395492e+00 -5.775186659150218560e+00
-2.659637198800795854e+00 -1.341157670794106416e+00 1.520688123233436606e+00 -1.341157670794106416e+00 5.506637291805300816e-01 -1.656558790642039258e-01 1.520688123233436606e+00 -1.656558790642039258e-01 -1.032169957208707300e+00
-2.125514944967640540e-01 6.593196815617221596e-01 1.343156292141780117e+00 6.593196815617221596e-01 -3.170782143219042837e+00 -2.575929292077674848e+00 1.343156292141780117e+00 -2.575929292077674848e+00 2.089452484176863134e+00
-4.436712925008583497e+00 -4.603114057648218793e-01 -1.504983346096710195e-01 -4.603114057648218793e-01 -9.602330469221300735e-01 2.466248444979108001e+00 -1.504983346096710195e-01 2.466248444979108001e+00 -3.659472294270831316e+00
2.000041905170836021e+00 1.132564447549821329e+00 -7.655775724418720785e-01 1.132564447549821329e+00 9.103585203293370398e+00 -9.419703389517274372e-01 -7.655775724418720785e-01 -9.419703389517274372e-01 5.425717476314208199e+00
-9.797528636368626920e+00 -3.511797834897702475e-01 2.084084778288914475e+00 -3.511797834897702475e-01 -9.857500603011727591e+00 2.815573308856724744e+00 2.084084778288914475e+00 2.815573308856724744e+00 -8.971256219474007310e+00
-2.633298030898752362e+00 1.811166836395112112e+00 2.474899069854183509e+00 1.811166836395112112e+00 -4.325864116874704735e+00 8.232915868207844046e-01 2.474899069854183509e+00 8.232915868207844046e-01 -2.208858168350616769e+00
-1.280417649603223573e+01 9.883173164073384420e-01 6.357363666452829909e-01 9.883173164073384420e-01 -1.314900891776960989e+01 -8.998823948905925185e-01 6.357363666452829909e-01 -8.998823948905925185e-01 -1.231837143738897034e+01
-8.338318093358491723e+00 5.676464488559938015e-01 1.052529098463871104e+00 5.676464488559938015e-01 -5.713198872016073793e+00 3.441104924096300532e+00 1.052529098463871104e+00 3.441104924096300532e+00 -1.214758314126364880e+01
-2.420816169519838468e+00 1.992756666482269345e+00 -2.385587647878204987e+00 1.992756666482269345e+00 -1.639450051357859817e+00 -9.523030971222613550e-01 -2.385587647878204987e+00 -9.523030971222613550e-01 3.151536745388070493e+00
-7.795845674020243088e-01 8.479721542847735993e-02 -9.036712115016877489e-02 8.479721542847735993e-02 4.406051153550934352e+00 -8.265797499247704572e-01 -9.036712115016877489e-02 -8.265797499247704572e-01 -5.662946241020040405e-01
-3.551994211519011735e+00 5.156892445526604085e-01 -9.015700558301527057e-01 5.156892445526604085e-01 -4.519914279671158219e+00 -3.192101892837650112e+00 -9.015700558301527057e-01 -3.192101892837650112e+00 -4.814453183147545445e+00
-4.295472955698993012e+00 -2.749484990451432284e-02 1.338546343296231622e-01 -2.749484990451432284e-02 -6.319296227773735453e+00 5.205346480327290415e+00 1.338546343296231622e-01 5.205346480327290415e+00 -3.306817478994481974e+00
-5.553329486852033980e+00 2.366036972294321750e+00 -8.465177133650402252e-01 2.366036972294321750e+00 -5.450715146940006584e+00 -1.885933238109157140e+00 -8.465177133650402252e-01 -1.885933238109157140e+00 -8.122515586334797533e+00
-5.558386779451862658e+00 -1.033328965473358368e-01 -1.105696134929982533e+00 -1.033328965473358368e-01 -6.285342078902662166e+00 5.631300762977912155e-01 -1.105696134929982533e+00 5.631300762977912155e-01 -6.503380788500977339e+00
-7.070270218120878525e+00 -3.299723145420134784e+00 -6.915335478521990042e-01 -3.299723145420134784e+00 -7.589448518160812007e+00 1.011655932502706357e+00 -6.915335478521990042e-01 1.011655932502706357e+00 -7.483812604241400379e+00
3.978425443280217966e+00 1.417128107710559970e+00 7.110992639172079022e-01 1.417128107710559970e+00 -3.815520196430953526e+00 -7.584535014864926539e-02 7.110992639172079022e-01 -7.584535014864926539e-02 1.033707586461284356e+00
-9.975576850651112437e+00 -1.868867993497489888e+00 1.498663241075508301e+00 -1.868867993497489888e+00 -8.919135583853195826e+00 -3.397316921999865347e+00 1.498663241075508301e+00 -3.397316921999865347e+00 -1.061127619274767753e+01
-9.778815519292834324e+00 -3.169194207920477790e+00 -6.086415125174300389e-01 -3.169194207920477790e+00 -9.350807319939988815e+00 2.781910800325381183e-01 -6.086415125174300389e-01 2.781910800325381183e-01 -9.325898836759419552e+00
-1.110260884922901248e+01 -1.646361438943139133e+00 2.219435241052534480e-01 -1.646361438943139133e+00 -1.160681607178553243e+01 -3.264671264420488384e-01 2.219435241052534480e-01 -3.264671264420488384e-01 -1.364767688651789967e+01
-7.044995747705812050e+00 -9.150379647886009993e-01 -1.099264431050356317e+00 -9.150379647886009993e-01 -6.223009443020576015e+00 4.449266175797602085e-01 -1.099264431050356317e+00 4.449266175797602085e-01 -5.474420567826158823e+00
-7.599798912975096243e+00 1.585239345444078518e+00 -1.027400961498975196e+00 1.585239345444078518e+00 -4.598270970072442232e+00 1.795642945367752263e+00 -1.027400961498975196e+00 1.795642945367752263e+00 -8.519664927699894363e+00
-2.921978247037549270e+00 -1.482397154432444575e+00 -1.476152496687748172e+00 -1.482397154432444575e+00 -4.451694934527719028e+00 -2.279445391933174747e+00 -1.476152496687748172e+00 -2.279445391933174747e+00 -2.120314957054399319e+00
-7.943238733619483405e+00 -6.130514117229379778e-01 -2.108639042367306815e-01 -6.130514117229379778e-01 -1.323824753783875430e+01 1.600920292615441332e+00 -2.108639042367306815e-01 1.600920292615441332e+00 -9.841891880338264897e+00
-1.031321534823453767e+01 4.361925320598301070e-01 -1.238807794396726836e+00 4.361925320598301070e-01 -1.101389114319205298e+01 1.691778131519662276e-01 -1.238807794396726836e+00 1.691778131519662276e-01 -9.881112941606003730e+00
-4.668724833077735781e+00 1.010818449164408550e+00 -2.070262531290272712e+00 1.010818449164408550e+00 -6.517312905405450607e+00 2.192373533241937178e+00 -2.070262531290272712e+00 2.192373533241937178e+00 -7.169712281269043253e+00
-3.386897956244437902e-01 -2.474103843871870545e+00 5.527905247079872630e+00 -2.474103843871870545e+00 1.232994887326928080e+00 -3.090203762812745669e+00 5.527905247079872630e+00 -3.090203762812745669e+00 -1.052305635668954603e-01
-1.117809895055528102e+01 6.407194600796324302e-01 -5.333257019849724223e-01 6.407194600796324302e-01 -5.501622196895032957e+00 -7.425137322978324350e-02 -5.333257019849724223e-01 -7.425137322978324350e-02 -5.855092138714615757e+00
-7.863453222119941799e+00 1.981717670252643448e-01 -6.616078774610064661e-01 1.981717670252643448e-01 -2.377917560330301328e+00 -1.402832459583375387e-02 -6.616078774610064661e-01 -1.402832459583375387e-02 -6.672282866825308467e+00
-1.111409740687584247e+01 1.272556825151850424e-01 2.398298488555717256e+00 1.272556825151850424e-01 -9.617644360076015531e+00 2.545285558413088012e+00 2.398298488555717256e+00 2.545285558413088012e+00 -9.537349182163630701e+00
-5.906420359843636447e+00 -1.233473320369783410e+00 -1.677921051938836838e-01 -1.233473320369783410e+00 -9.664933255112206467e+00 -1.064372215488632145e+00 -1.677921051938836838e-01 -1.064372215488632145e+00 -9.893548731776927951e+00
2.428915765758462353e+00 1.542359368986874424e+00 -2.026161309777802511e-01 1.542359368986874424e+00 -3.956632850062407947e+00 -1.538489087675037448e+00 -2.026161309777802511e-01 -1.538489087675037448e+00 3.075730238695007390e+00
2.014235712117976362e+00 3.876998798919356060e-01 1.543128893571282356e+00 3.876998798919356060e-01 1.698587319941797791e+00 1.660100152015158370e+00 1.543128893571282356e+00 1.660100152015158370e+00 1.804970799309701945e+00
-7.476044020812389057e+00 -2.848728912600674512e+00 -5.166522013465958629e+00 -2.848728912600674512e+00 -4.471553973157019080e+00 3.166217105707770596e+00 -5.166522013465958629e+00 3.166217105707770596e+00 -5.957333104006798052e+00
-1.142430485020599740e+00 -8.750527620221707492e-01 -6.883473961932672358e-01 -8.750527620221707492e-01 3.514054099393939090e+00 -3.140416494456067742e+00 -6.883473961932672358e-01 -3.140416494456067742e+00 1.965762441223670498e+00
-1.113083060681406833e+00 -1.143464468972935411e+00 -1.200342201654748031e+00 -1.143464468972935411e+00 -1.179494773601732494e+00 -1.793853345022131895e+00 -1.200342201654748031e+00 -1.793853345022131895e+00 -2.439862695666198622e+00
-4.364932024062490257e+00 -4.843006806406504605e-01 -3.813413239330611049e+00 -4.843006806406504605e-01 -6.103772670542066514e+00 6.557378578860123541e-01 -3.813413239330611049e+00 6.557378578860123541e-01 -6.837059442634828343e+00
7.752391312886001973e-02 2.452382727317298505e-01 4.070607442727430580e+00 2.452382727317298505e-01 -7.922491943549282212e+00 2.276173731952114476e+00 4.070607442727430580e+00 2.276173731952114476e+00 -3.572103731458820430e+00
-5.905873456665029053e+00 -9.013971475464177541e-01 1.261411328377512797e+00 -9.013971475464177541e-01 -6.792917264361829410e+00 -6.939531961667793070e-01 1.261411328377512797e+00 -6.939531961667793070e-01 -9.717951577237185390e+00
-8.485942350786189081e+00 -1.890395818185899968e+00 9.690036014865804903e-01 -1.890395818185899968e+00 -5.069532754719296541e+00 1.574037718421814613e+00 9.690036014865804903e-01 1.574037718421814613e+00 -4.782298640330397532e+00
-5.987596199411634457e-01 2.445248659565449234e+00 6.605690129115336928e-01 2.445248659565449234e+00 -3.883325971769120866e+00 1.124519694751201782e-01 6.605690129115336928e-01 1.124519694751201782e-01 -2.310959970196647895e+00
-5.516151897875225529e+00 -1.394105594414113858e+00 4.074492855044109518e+00 -1.394105594414113858e+00 -7.351805194583139746e-01 -2.481469518252047646e+00 4.074492855044109518e+00 -2.481469518252047646e+00 -8.291639181268218195e+00
-1.245479860934995919e+01 1.723220967961866634e+00 -2.490876062676188607e-01 1.723220967961866634e+00 -3.470291754595709044e+00 3.914278878360620162e+00 -2.490876062676188607e-01 3.914278878360620162e+00 -5.839399220284686720e+00
1.587403842344186355e-01 2.623849692049448068e-01 -2.589390616870988815e+00 2.623849692049448068e-01 -3.316190778302973374e+00 6.139678945915256758e-01 -2.589390616870988815e+00 6.139678945915256758e-01 -2.003394050770523904e+00
8.883937203971314034e+00 1.302071584362393564e+00 -2.610157206401233360e-02 1.302071584362393564e+00 5.067086161700194324e+00 -2.367350724681913932e-01 -2.610157206401233360e-02 -2.367350724681913932e-01 5.968547006556034873e+00
-3.927742723124286073e+00 -1.419522413313700770e-01 5.644531675054303976e-01 -1.419522413313700770e-01 -2.867245489575377171e+00 8.801573232138473202e-01 5.644531675054303976e-01 8.801573232138473202e-01 -2.599319920651432803e+00
-6.239160873507101357e+00 -7.479376756647238000e-01 1.953511193247621458e+00 -7.479376756647238000e-01 -6.989932015112977126e+00 -5.420606899956892377e+00 1.953511193247621458e+00 -5.420606899956892377e+00 -9.092963962378327381e+00
