2.384481218792790713e+01 1.571216810300259725e+00 1.003153856089789686e+00 1.571216810300259725e+00 1.112427617617839459e+01 -2.956228106767110120e+00 1.003153856089789686e+00 -2.956228106767110120e+00 3.470390080842654612e+01
2.587361893195858187e+01 -1.661702405833586083e-01 -1.537385738313893135e+00 -1.661702405833586083e-01 1.534394788611460037e+01 -6.349621187562902946e+00 -1.537385738313893135e+00 -6.349621187562902946e+00 2.671139164729051529e+01
2.154872703493528441e+00 1.116607144508346305e+00 -2.299692332829983865e+00 1.116607144508346305e+00 -6.889635153646449517e+00 -1.417324279877231197e-01 -2.299692332829983865e+00 -1.417324279877231197e-01 2.419806648778406899e+00
-5.088775215938682095e+00 1.496777746875427584e-01 1.595339431188735890e+00 1.496777746875427584e-01 -1.472657168102061398e+01 1.260548138320180422e+00 1.595339431188735890e+00 1.260548138320180422e+00 -3.535882627867436234e+00
-7.762652293763593114e+00 8.720604710631587597e-01 -9.929675610693083909e-01 8.720604710631587597e-01 -6.103386145714319255e+00 3.556857988717248897e+00 -9.929675610693083909e-01 3.556857988717248897e+00 3.003560088717078358e+00
2.127462446313150846e+00 -2.702839674868370956e+00 -3.556987114229488434e+00 -2.702839674868370956e+00 -1.270058613354992794e+01 7.017197440236182970e+00 -3.556987114229488434e+00 7.017197440236182970e+00 4.266083965752497598e+00
1.973777261218315004e+01 5.495805724253260971e-01 2.683158531553532455e+00 5.495805724253260971e-01 2.294391487277131958e+01 -2.802730146067736516e+00 2.683158531553532455e+00 -2.802730146067736516e+00 2.322289306918955276e+01
-1.213309723108635607e+00 3.651385188418611705e+00 6.449119044786601584e+00 3.651385188418611705e+00 -1.050862895678383069e+01 4.032411464100276177e+00 6.449119044786601584e+00 4.032411464100276177e+00 1.461031962803813045e+01
3.424562272518935657e+01 -2.825497278548894098e+00 2.574798680842053322e+00 -2.825497278548894098e+00 1.628993243946991143e+01 1.635779279328996916e+00 2.574798680842053322e+00 1.635779279328996916e+00 3.208724950348376126e+01
2.347662663012784279e+01 4.714008887928675229e+00 1.947364988648083717e+00 4.714008887928675229e+00 1.299719749781289302e+01 4.001397884821424333e-01 1.947364988648083717e+00 4.001397884821424333e-01 3.971061643450597245e+01
1.287902721571712317e-01 2.678528825888972342e+00 1.892945438917492229e+00 2.678528825888972342e+00 -8.198379024736530241e+00 1.422773847993985319e+00 1.892945438917492229e+00 1.422773847993985319e+00 -5.357889832734413993e+00
2.331841280074609557e+01 1.945949201896669756e+00 1.348003541993572796e+01 1.945949201896669756e+00 1.644030045358105241e+01 3.504755885431182438e+00 1.348003541993572796e+01 3.504755885431182438e+00 1.436565406951541490e+01
1.044913863310111068e+01 -2.124377719496348127e-01 2.526393318966278834e+00 -2.124377719496348127e-01 -4.203317735754996676e+00 -2.553720232684399516e+00 2.526393318966278834e+00 -2.553720232684399516e+00 2.228080644292785095e+01
-5.211735110236323187e+00 4.152175300365212873e-01 -1.974782643084267653e+00 4.152175300365212873e-01 -1.338352071436101376e+01 4.714401942354725428e+00 -1.974782643084267653e+00 4.714401942354725428e+00 1.900582359614125494e+01
9.223210984876873297e+00 3.623873209805954065e+00 -4.392437934852076786e+00 3.623873209805954065e+00 -7.155962608764054877e-01 -1.583010925106656863e+00 -4.392437934852076786e+00 -1.583010925106656863e+00 7.974218752954374878e+00
3.857915201652716064e+01 -2.396446229044043863e-01 -4.004494853291256540e+00 -2.396446229044043863e-01 1.781832439752943742e+01 -4.500565275095233631e+00 -4.004494853291256540e+00 -4.500565275095233631e+00 3.728296709430274092e+01
-6.530643148694204037e+00 2.356304701497987097e-01 -5.779449666030532562e+00 2.356304701497987097e-01 -1.155355953336878372e+01 -1.376568400911111656e+00 -5.779449666030532562e+00 -1.376568400911111656e+00 9.932232196480889286e+00
3.277352214767926597e+01 -2.651156277665719152e+00 3.744273113025359478e+00 -2.651156277665719152e+00 1.084995719259590530e+01 4.069488951355796580e+00 3.744273113025359478e+00 4.069488951355796580e+00 3.250910007171208349e+01
2.286043328863034851e+00 -2.582517873156865651e+00 1.162599358214132933e-01 -2.582517873156865651e+00 -6.225950024974093111e+00 5.645234202808726565e-01 1.162599358214132933e-01 5.645234202808726565e-01 -1.317327609843524705e+00
1.349936592628730725e-01 2.549001016232292471e+00 -6.101563714956485640e+00 2.549001016232292471e+00 -1.375064403277353797e+01 -5.280123499835304379e+00 -6.101563714956485640e+00 -5.280123499835304379e+00 6.335862622309561765e+00
2.550616686236150699e+01 -3.235798625545630025e-02 4.646704934423456557e+00 -3.235798625545630025e-02 9.899057376533891173e+00 3.756214265239834482e+00 4.646704934423456557e+00 3.756214265239834482e+00 3.701068556351547301e+01
1.453082382209786516e+01 2.709661628284827817e+00 1.995121909702245233e+00 2.709661628284827817e+00 -6.295965772750218292e-01 -3.657517356400291075e-01 1.995121909702245233e+00 -3.657517356400291075e-01 -8.606510821567571190e-01
8.963290245644911280e+00 8.830246266075875150e-01 -3.742903482759997402e+00 8.830246266075875150e-01 -6.396456230472792548e+00 -1.006528191591571364e-01 -3.742903482759997402e+00 -1.006528191591571364e-01 9.636153428911127250e-01
3.188901923233940039e+01 4.241178646569038868e+00 3.733209423561930418e+00 4.241178646569038868e+00 1.420474802508236856e+01 -2.058989801352636650e+00 3.733209423561930418e+00 -2.058989801352636650e+00 2.890075570380625436e+01
1.511115265972388855e+01 1.552153686955107137e+00 -1.239218627914688398e+00 1.552153686955107137e+00 4.319576719939184350e+00 7.883922015765882918e-01 -1.239218627914688398e+00 7.883922015765882918e-01 -2.231441582325370820e+00
-3.046815641842509415e+00 3.146360756116405089e+00 -6.173184151134932796e-01 3.146360756116405089e+00 -1.329372677910207834e+01 2.648374724547013503e+00 -6.173184151134932796e-01 2.648374724547013503e+00 1.043850504384067346e+00
2.225207797831978951e+01 9.885014154293632338e-02 -6.431660413976433510e+00 9.885014154293632338e-02 1.234902627437035072e+01 3.394666845222089613e+00 -6.431660413976433510e+00 3.394666845222089613e+00 1.426037752214928389e+01
2.146005246753624007e+01 -3.128641119975122731e+00 1.806883211228890396e+00 -3.128641119975122731e+00 2.340113329338761261e+00 -2.330372255689819649e+00 1.806883211228890396e+00 -2.330372255689819649e+00 -1.397197234886528028e+00
1.218843071254310395e+01 3.928028127122271673e+00 2.589665198043221483e+00 3.928028127122271673e+00 3.860093541291123476e+00 -2.366017177523639936e-01 2.589665198043221483e+00 -2.366017177523639936e-01 -1.626234219238378298e+00
1.880526147035996942e+01 -2.227807435504775280e-01 9.312401861271818460e-01 -2.227807435504775280e-01 8.138782897396190208e+00 3.288429371969268988e+00 9.312401861271818460e-01 3.288429371969268988e+00 2.725670203483196019e+01
6.054251699142177756e+00 2.800153349708502937e+00 -6.107573068991485332e-01 2.800153349708502937e+00 -3.812855262478477281e-01 2.418037868148030789e-01 -6.107573068991485332e-01 2.418037868148030789e-01 -1.444285917527779572e+00
3.391489911217345110e+01 -1.785696839429963489e+00 7.727599686191498840e+00 -1.785696839429963489e+00 1.808372861000471232e+01 1.191358257094808248e+00 7.727599686191498840e+00 1.191358257094808248e+00 3.550583282655530581e+01
3.340404659756067929e+01 4.249397310421946017e+00 -8.036814009856696472e+00 4.249397310421946017e+00 1.295945061639962681e+01 1.804523077683780619e+00 -8.036814009856696472e+00 1.804523077683780619e+00 3.506120096625446081e+01
3.060228630589717014e+01 -2.619238694424791181e+00 2.451440903856819453e+00 -2.619238694424791181e+00 1.467353299185712423e+01 -3.330440109296155082e+00 2.451440903856819453e+00 -3.330440109296155082e+00 3.204342239610495113e+01
1.211758076293395092e+01 6.844306873901491173e-01 1.062351490791177966e+00 6.844306873901491173e-01 3.352263378059353816e+00 -1.155222476366869699e+00 1.062351490791177966e+00 -1.155222476366869699e+00 4.056175564498023967e+00
2.953181945685107834e+01 1.990020790404459561e+00 -3.109444781271504255e+00 1.990020790404459561e+00 1.179325837408451427e+01 -3.309686529145388079e+00 -3.109444781271504255e+00 -3.309686529145388079e+00 2.436410045679397030e+01
2.805832020797058490e+01 -5.544412270823004363e+00 5.415436134664859402e-01 -5.544412270823004363e+00 1.589912347809273996e+01 1.421435159139237125e+00 5.415436134664859402e-01 1.421435159139237125e+00 3.142078084377009262e+01
7.066723962580726770e+00 -3.399053188720801977e-01 3.667471461424727686e+00 -3.399053188720801977e-01 4.518607427179059499e+00 -8.965993238692605838e-02 3.667471461424727686e+00 -8.965993238692605838e-02 1.651502742216197817e+01
2.866712454656867237e+01 -2.366993901145225898e+00 -8.184644737994781760e-01 -2.366993901145225898e+00 2.050507564396754034e+01 2.947943177639549273e-01 -8.184644737994781760e-01 2.947943177639549273e-01 3.183211291265357801e+01
3.394934811203563640e+01 -5.435833698393170543e+00 -5.051657289090603908e-02 -5.435833698393170543e+00 2.075901524530251407e+01 3.933242986518505013e+00 -5.051657289090603908e-02 3.933242986518505013e+00 2.583760400624030495e+01
1.233126981839936853e+01 3.697371521623205926e+00 -3.214851634770528044e+00 3.697371521623205926e+00 -2.122550259848113630e+00 9.794489392818218620e-01 -3.214851634770528044e+00 9.794489392818218620e-01 8.327622855880132846e+00
-1.535859398130071218e+00 -3.296513306311120051e+00 -6.601706740365868020e-01 -3.296513306311120051e+00 -1.353131334942071895e+01 -2.491742623282906799e-01 -6.601706740365868020e-01 -2.491742623282906799e-01 -3.461659967365304791e+00
1.050292147632174178e+01 -1.546748059820176879e-01 2.470887243075807316e+00 -1.546748059820176879e-01 8.915279640009948992e+00 2.528931480005447430e+00 2.470887243075807316e+00 2.528931480005447430e+00 1.826129985977971870e+01
1.167821897614565252e+01 5.231134883643469013e-01 -8.134959234657101135e+00 5.231134883643469013e-01 -6.171225903133285229e+00 2.898309819928015507e+00 -8.134959234657101135e+00 2.898309819928015507e+00 3.272773569184315168e+00
2.290904864205227653e+01 -1.537271926280530776e+00 -9.380685635319643279e-01 -1.537271926280530776e+00 1.218481132536676270e+01 -3.525683599028389015e+00 -9.380685635319643279e-01 -3.525683599028389015e+00 2.474962941562819552e+01
7.132883639695836386e+00 2.920428793425310920e-01 -2.433918548859404840e+00 2.920428793425310920e-01 -1.401561324409994036e+00 -2.118616642623108171e-01 -2.433918548859404840e+00 -2.118616642623108171e-01 -2.542694838602516771e+00
2.670168253081461174e+01 -5.846947190251276183e+00 5.593964230123201098e+00 -5.846947190251276183e+00 1.439216916839029814e+01 -4.614458672641215120e-01 5.593964230123201098e+00 -4.614458672641215120e-01 2.526250357116307654e+01
3.151177446582517305e+01 -2.076376399943424822e+00 -3.162467912229743661e+00 -2.076376399943424822e+00 1.336821221609588406e+01 1.061578146739143858e+00 -3.162467912229743661e+00 1.061578146739143858e+00 2.801206025576300362e+01
9.319992597970053083e+00 -1.095241185876290491e+00 -3.361518900655640074e+00 -1.095241185876290491e+00 -1.805342550414166913e+00 -8.588444203215711559e-01 -3.361518900655640074e+00 -8.588444203215711559e-01 -2.392808964770548386e+00
3.222466934787035608e+00 -5.240458341361358130e+00 -4.587060228417383811e+00 -5.240458341361358130e+00 -1.261071789296537027e+01 2.903082053880623015e+00 -4.587060228417383811e+00 2.903082053880623015e+00 -3.649985680611040451e+00
1.192178410936132593e+01 -7.495934224691591652e+00 -6.288030410687829530e+00 -7.495934224691591652e+00 -5.937979811613820491e-01 3.042178674187530518e+00 -6.288030410687829530e+00 3.042178674187530518e+00 1.708960291289548517e-01
1.625287915199176592e+00 2.967449928377716706e+00 -7.903112178181820546e+00 2.967449928377716706e+00 -1.387337924837522074e+01 -1.523412759487479340e+00 -7.903112178181820546e+00 -1.523412759487479340e+00 1.712266564279324166e-01
5.735862972941415672e-01 -2.885627435519053652e+00 8.774753625916884570e-01 -2.885627435519053652e+00 -4.812153535061231224e+00 -2.050599550952796335e+00 8.774753625916884570e-01 -2.050599550952796335e+00 -3.051459752678216564e+00
1.881358078562989178e+01 -7.144720013706422179e+00 -7.838300653952864572e+00 -7.144720013706422179e+00 -8.675236245598942020e+00 6.871126178011311758e+00 -7.838300653952864572e+00 6.871126178011311758e+00 1.557545346572176825e+01
1.581493926977866238e+01 -1.945194020909352339e+00 -3.740855362783893856e+00 -1.945194020909352339e+00 1.433961286710859362e+01 -4.070984611975574374e-01 -3.740855362783893856e+00 -4.070984611975574374e-01 3.253808304539800389e+01
1.018045149962749285e+01 6.881161436762007533e+00 -4.556658428678493244e+00 6.881161436762007533e+00 -9.641734256014464322e+00 -2.200874781435908201e+00 -4.556658428678493244e+00 -2.200874781435908201e+00 -8.507950239710131868e+00
-4.121799275703903476e+00 1.011259685634781746e+00 3.857044699945493704e+00 1.011259685634781746e+00 -6.634987197594986341e+00 -6.382664210442760222e+00 3.857044699945493704e+00 -6.382664210442760222e+00 1.108311140394853922e+01
2.021369874401207767e+01 4.308921511481109690e-01 -1.133154989177973526e+00 4.308921511481109690e-01 -9.578029923536037771e-01 1.261273028098695459e+00 -1.133154989177973526e+00 1.261273028098695459e+00 4.676389858464805371e+00
1.146473497046435597e+01 -6.891393730253820848e-01 1.231678365152796939e+00 -6.891393730253820848e-01 5.473660544136007111e+00 1.904047781295436170e+00 1.231678365152796939e+00 1.904047781295436170e+00 -2.112012636359803075e+00
3.830011531001353120e+01 1.038691599400711318e+00 -1.290771259454612796e+00 1.038691599400711318e+00 1.609260379897159865e+01 5.096894452529731723e+00 -1.290771259454612796e+00 5.096894452529731723e+00 2.029665790992717689e+01
7.427740835220618010e+00 1.696916782810069080e+00 1.418380593328315120e+00 1.696916782810069080e+00 -1.953236821183554239e+00 -1.314066942883975742e+00 1.418380593328315120e+00 -1.314066942883975742e+00 -6.493983170974177987e+00
1.455038681628628616e+01 2.005528920268633275e+00 -1.883866608730389469e+00 2.005528920268633275e+00 8.273094813318396135e+00 -2.434537316249852257e+00 -1.883866608730389469e+00 -2.434537316249852257e+00 -3.119563818677838496e-01
1.521854315168650373e+01 9.169301504921809620e-01 -6.387771901480490122e-01 9.169301504921809620e-01 1.135198348155471670e+01 4.681626792745554155e+00 -6.387771901480490122e-01 4.681626792745554155e+00 1.016187072457111995e+01
-6.128360857886382185e+00 -2.497413414116428920e-01 -1.701769937566447455e+00 -2.497413414116428920e-01 -1.564647031693002965e+01 1.731118282525539787e+00 -1.701769937566447455e+00 1.731118282525539787e+00 -4.059635035937021463e+00
4.407409667790793684e+00 5.381414023924952161e+00 1.234712079981777899e+00 5.381414023924952161e+00 -6.857535678925955835e+00 2.223490221828566593e+00 1.234712079981777899e+00 2.223490221828566593e+00 -8.125977019792653522e+00
3.215126710900872808e+01 -6.513803291737611190e+00 -1.485778185369223126e+00 -6.513803291737611190e+00 1.709090486498332595e+01 -1.793361034641387297e+00 -1.485778185369223126e+00 -1.793361034641387297e+00 2.055312651202818230e+01
2.805083493028184094e+01 -2.342886719831562548e-01 -1.540316548444361944e+00 -2.342886719831562548e-01 -9.516173612272357474e+00 4.272854139258774886e+00 -1.540316548444361944e+00 4.272854139258774886e+00 5.576430883018630880e+00
