2.563400841395883489e+01 -1.364178356129058578e+01 -1.013353054698380795e+01 -1.364178356129058578e+01 1.041316608037905844e+01 6.181412934669237913e+00 -1.013353054698380795e+01 6.181412934669237913e+00 1.235214913141128790e+01
4.854593993714412248e-01 -3.516825986488711919e+00 2.894475737220423284e-01 -3.516825986488711919e+00 2.399091001907132981e+00 -2.126696622581582652e+00 2.894475737220423284e-01 -2.126696622581582652e+00 6.263729077121348077e+00
7.907070798313206694e+00 6.450841928204716247e+00 -3.403641653923823007e+00 6.450841928204716247e+00 9.794448304001628358e+00 -1.608811593923955563e+00 -3.403641653923823007e+00 -1.608811593923955563e+00 2.587885533092225909e+00
-1.619813974607236062e+01 -5.680227478330949431e+00 -7.005135153745363219e+00 -5.680227478330949431e+00 9.857403389627307222e-01 9.823906863301635761e-01 -7.005135153745363219e+00 9.823906863301635761e-01 -6.599301926055376910e+00
3.179989194861311486e+00 1.038069604125080980e+00 -3.328003380680557122e+00 1.038069604125080980e+00 5.996363061644365722e+00 5.158767664875680836e+00 -3.328003380680557122e+00 5.158767664875680836e+00 1.371971092031580497e+01
2.926872021229903087e+00 -3.783372036678534389e+00 6.092178297930236353e-01 -3.783372036678534389e+00 -3.607563081798387916e+00 6.834330457748849952e+00 6.092178297930236353e-01 6.834330457748849952e+00 -1.287432052010329120e-01
1.789602775525274225e+01 -1.313291160789757228e+01 -3.727179889264637058e+00 -1.313291160789757228e+01 2.167310982572071509e+01 -5.433115041726573891e-01 -3.727179889264637058e+00 -5.433115041726573891e-01 1.564699134261232416e+01
1.603788028389566733e+01 1.758092015154284704e+00 2.168717453577647003e+00 1.758092015154284704e+00 1.866789819934718508e+01 6.800552794259191458e+00 2.168717453577647003e+00 6.800552794259191458e+00 1.548898790605811371e+01
4.701175011245172897e+00 -4.714545605387463922e+00 -1.720410145594030604e+00 -4.714545605387463922e+00 2.102938135460677671e+01 -9.494980183659079032e+00 -1.720410145594030604e+00 -9.494980183659079032e+00 2.915809243264525286e+00
9.952253301795707330e+00 -2.564742680678449904e+00 -2.726443889946471799e+00 -2.564742680678449904e+00 3.319508125988007929e+00 -9.841277699801663559e+00 -2.726443889946471799e+00 -9.841277699801663559e+00 1.653660616513001358e+01
1.140539809866473675e+01 5.949896793521037175e+00 2.603313041495073366e-01 5.949896793521037175e+00 8.880997050271204785e+00 -5.587038810591218319e-01 2.603313041495073366e-01 -5.587038810591218319e-01 5.904113953038409024e-01
1.369089272399238233e+01 -4.520658878335908071e+00 9.593038344888372038e+00 -4.520658878335908071e+00 1.044721982824368212e+01 1.819752892592224613e+00 9.593038344888372038e+00 1.819752892592224613e+00 -4.509284186061321087e+00
