-1.611115746766565593e+01 -1.438771701666978542e+00 7.485909313925076525e-01 -1.438771701666978542e+00 -1.333402981709823543e+01 3.251982488801830606e-01 7.485909313925076525e-01 3.251982488801830606e-01 -4.831557418790257685e+00
8.218085745296464850e+00 3.108907553448402306e-01 1.447335062190822530e+00 3.108907553448402306e-01 3.584235214371509937e+00 -7.071548364395523478e-01 1.447335062190822530e+00 -7.071548364395523478e-01 2.621916380377188993e+00
-1.557718873143226546e+01 -1.258567186889080203e+00 1.252632498770675173e+00 -1.258567186889080203e+00 -1.364204475819165374e+01 8.525700502704725015e-01 1.252632498770675173e+00 8.525700502704725015e-01 -4.873314069501282653e+00
2.366847956583127299e+00 -1.574218332583004587e+00 -3.708247111139346242e+00 -1.574218332583004587e+00 5.941674397279019360e+00 -8.409847976838799033e-01 -3.708247111139346242e+00 -8.409847976838799033e-01 5.731685122554278422e+00
-1.663442653091331991e+01 -1.191081851979871153e+00 3.692512201618955436e-01 -1.191081851979871153e+00 -1.373690880889743937e+01 -6.922472992105650931e-03 3.692512201618955436e-01 -6.922472992105650931e-03 -4.871357649056764494e+00
