5.668728675105984216e+00 -3.298349056734356743e+00 1.396300132006074168e+00 -3.298349056734356743e+00 8.643185666537849698e+00 6.382003197202214650e+00 1.396300132006074168e+00 6.382003197202214650e+00 1.071313944747758384e+01
-6.273118921615547627e+00 -9.142814424533453277e+00 -8.503610740104219801e+00 -9.142814424533453277e+00 -4.071381726202537799e+00 1.258180911759427811e+00 -8.503610740104219801e+00 1.258180911759427811e+00 9.688534706124455553e+00
1.129524092171464744e+01 5.890953543587676755e+00 1.269780585937267148e+01 5.890953543587676755e+00 1.407591964709936860e+01 7.666738522033150538e+00 1.269780585937267148e+01 7.666738522033150538e+00 1.558526848024519573e+01
-4.317314898163855830e+00 4.390399324265453096e+00 3.488041835943509472e+00 4.390399324265453096e+00 5.992162164829397675e-01 -1.391452839231771854e+01 3.488041835943509472e+00 -1.391452839231771854e+01 1.099414724886031536e+01
2.159140252369215673e+01 8.971919319194410214e-01 9.385058314453322836e+00 8.971919319194410214e-01 2.936549839779977944e+01 -4.065346304829708934e+00 9.385058314453322836e+00 -4.065346304829708934e+00 2.318370742393824813e+01
2.367038854389760250e+00 4.042637902254997861e+00 3.378203400762585851e+00 4.042637902254997861e+00 1.051762578433779005e+01 -6.954948644802607660e+00 3.378203400762585851e+00 -6.954948644802607660e+00 1.266167196950300600e+01
-2.226320297635990819e+00 -5.918974212949406954e+00 2.680504527289402805e+00 -5.918974212949406954e+00 -3.589661595477056988e+00 1.254298197137250659e+00 2.680504527289402805e+00 1.254298197137250659e+00 -1.608876823638885956e+00
1.517088298179567118e+01 8.293704006554538211e+00 1.954114694827585597e+00 8.293704006554538211e+00 1.431685588433353473e+01 -2.468437266261332752e+00 1.954114694827585597e+00 -2.468437266261332752e+00 6.858423047677305817e+00
1.257235087182738908e+01 -9.704368673117224731e+00 1.558413050763344243e+00 -9.704368673117224731e+00 1.243621090803543616e+01 7.312434057989100622e-02 1.558413050763344243e+00 7.312434057989100622e-02 2.126162740533851903e+01
2.030103645980404181e+01 -1.991794382753861115e+00 -9.286923076802452215e+00 -1.991794382753861115e+00 -1.456842881080488095e+00 3.803161759328301805e+00 -9.286923076802452215e+00 3.803161759328301805e+00 8.735668941256211184e+00
