2.028962832355148649e+01 -4.755532003343542868e+00 -1.033564070811465818e+01 -4.755532003343542868e+00 1.121208100908651950e+01 -2.876070428001797907e-01 -1.033564070811465818e+01 -2.876070428001797907e-01 8.003544955214021428e+00
1.599162403766616158e+01 3.111391414708174263e+00 2.011207694581358396e+00 3.111391414708174263e+00 -2.236350655519506958e+00 1.849926117350958021e+00 2.011207694581358396e+00 1.849926117350958021e+00 2.035870906844189676e+01
3.767189544948272850e+00 1.473694923306497317e+00 1.130078182122442598e+00 1.473694923306497317e+00 -1.326584534430946538e-01 3.651905277879445577e-02 1.130078182122442598e+00 3.651905277879445577e-02 3.238136346104248386e-01
-6.533071336368551307e+00 1.962771618624426229e-01 -2.527567494610326815e+00 1.962771618624426229e-01 -1.121293642030322424e+01 2.311784854315804605e+00 -2.527567494610326815e+00 2.311784854315804605e+00 2.617535704053171930e+00
-3.451184345749038762e+00 -2.858184994798740330e+00 -1.995916455315645655e+00 -2.858184994798740330e+00 -1.253000106939010827e+01 2.028952741593816000e+00 -1.995916455315645655e+00 2.028952741593816000e+00 5.433531673227783187e+00
3.836567375654288625e+00 4.367575483857954466e-01 2.481621920940060844e-01 4.367575483857954466e-01 -1.108894936147325083e+01 1.746648612329344097e+00 2.481621920940060844e-01 1.746648612329344097e+00 -3.442647339327201017e+00
7.145305756484876092e+00 -1.035395005241291688e+00 6.571463171731232178e-01 -1.035395005241291688e+00 2.453780437524176516e+00 3.344542478187021994e-01 6.571463171731232178e-01 3.344542478187021994e-01 4.326127821178459287e-01
-1.302371832868201906e+00 -3.919739537068813284e+00 -8.839267531704841918e-01 -3.919739537068813284e+00 -1.263886209951376749e+01 -1.203016257062722083e+00 -8.839267531704841918e-01 -1.203016257062722083e+00 1.300738304256394429e+01
3.291275532100852530e+01 5.847922014335501295e+00 -3.922123542053110867e+00 5.847922014335501295e+00 2.510887415494309494e+01 1.736750239481716696e+00 -3.922123542053110867e+00 1.736750239481716696e+00 3.505901244184878607e+01
2.949512939169641257e+01 -6.665703344650422579e+00 8.792984902737865580e-03 -6.665703344650422579e+00 1.405844545249019362e+01 1.277835524632516373e+00 8.792984902737865580e-03 1.277835524632516373e+00 1.561049285103055695e+01
-2.701637294230823660e-01 -2.433436923998713031e+00 2.282601395423539348e+00 -2.433436923998713031e+00 -1.220095990282367104e+01 -2.685835005116200325e+00 2.282601395423539348e+00 -2.685835005116200325e+00 6.826656789377210544e+00
7.724946783250993931e+00 2.854151869278010345e+00 7.673788325222766105e+00 2.854151869278010345e+00 -9.661062019908056797e+00 1.867329500337382875e+00 7.673788325222766105e+00 1.867329500337382875e+00 6.567525367312420315e+00
1.099457915080792425e+01 1.118121856009013593e+00 -1.047805669065872358e+00 1.118121856009013593e+00 1.041293524981461083e+01 -1.928367932517066619e+00 -1.047805669065872358e+00 -1.928367932517066619e+00 1.079369587370033123e+01
-7.863461125054731049e+00 -1.371126068156526490e+00 1.515411503344736399e+00 -1.371126068156526490e+00 -1.023565787982644615e+01 -9.610407747266215495e+00 1.515411503344736399e+00 -9.610407747266215495e+00 9.873780470718264368e+00
1.630065579488877248e+01 -1.589165494791852540e+00 -6.720758601818630495e+00 -1.589165494791852540e+00 1.330983585549826387e+01 1.412608578507615009e+00 -6.720758601818630495e+00 1.412608578507615009e+00 1.388752563016822705e+01
2.788618224690942782e+00 7.095790390271276005e-01 3.933493110568839768e+00 7.095790390271276005e-01 -9.329195672477307966e+00 -3.718049799728450289e+00 3.933493110568839768e+00 -3.718049799728450289e+00 5.482762225171108561e+00
9.415025814208606292e+00 -7.925590909535414896e-01 7.904291031209913498e+00 -7.925590909535414896e-01 -7.494881539011062355e-01 -3.366404470944172722e+00 7.904291031209913498e+00 -3.366404470944172722e+00 6.657800107089958175e+00
1.374585334261181480e+01 -5.119402540090646880e+00 2.048080898492962376e+00 -5.119402540090646880e+00 5.992678798428540787e+00 6.828336822888795288e-01 2.048080898492962376e+00 6.828336822888795288e-01 7.547353113425940840e+00
7.174597374726277010e+00 -1.384387286955244045e+00 -2.192303148932912560e+00 -1.384387286955244045e+00 4.501333585498043632e+00 3.386279504455693701e+00 -2.192303148932912560e+00 3.386279504455693701e+00 1.243307719636854536e+01
-2.136728453820988971e+00 2.796513676106434421e+00 -6.021900951205859664e-01 2.796513676106434421e+00 -9.775139878813552841e+00 -6.795626401115695270e-01 -6.021900951205859664e-01 -6.795626401115695270e-01 7.637956603069263828e+00
4.280146906427355624e+00 -2.830694647836983768e-01 -1.791816434397211388e+00 -2.830694647836983768e-01 -1.523458921733316318e+00 -5.067217931257633062e-02 -1.791816434397211388e+00 -5.067217931257633062e-02 1.858562573493534131e+01
7.500495143257157160e+00 -3.404761161105816086e-02 2.942497306907350119e-01 -3.404761161105816086e-02 5.939885725446212739e+00 7.758361375830427953e+00 2.942497306907350119e-01 7.758361375830427953e+00 2.887297172329117245e+01
-1.232473720084269697e+00 1.460167279026559850e+00 3.772303409149994735e+00 1.460167279026559850e+00 -9.980367832555193885e+00 -4.065312608168797581e+00 3.772303409149994735e+00 -4.065312608168797581e+00 1.101076125305132258e+01
-5.692389143672884622e-01 2.876917842750291943e+00 2.000513216509759218e+00 2.876917842750291943e+00 -1.442179614501026563e+01 -1.147644729552954379e+00 2.000513216509759218e+00 -1.147644729552954379e+00 -1.378046649829804959e+00
1.498711160690425892e+01 -1.107835743644828730e+00 -8.170163891237917753e+00 -1.107835743644828730e+00 4.369157113864561737e+00 2.886140652920343719e+00 -8.170163891237917753e+00 2.886140652920343719e+00 -9.000789965228228606e-01
1.728573357722149950e+01 -2.294622817502951051e+00 -1.027053627740938957e+01 -2.294622817502951051e+00 7.599085197986897633e+00 2.913442462770040819e+00 -1.027053627740938957e+01 2.913442462770040819e+00 2.775216719276322408e+01
9.884830615013607158e+00 2.059564786005140924e+00 1.188640122113494346e+00 2.059564786005140924e+00 1.522588085676045289e+01 -1.989263990643765689e+00 1.188640122113494346e+00 -1.989263990643765689e+00 1.426570440255877159e+01
4.965519550040242258e+00 -1.197734220746318412e+00 -7.757755616529893317e-01 -1.197734220746318412e+00 5.930534870933274583e+00 2.941503037413852439e+00 -7.757755616529893317e-01 2.941503037413852439e+00 1.188125475799727404e+01
4.876737607418045961e+00 -7.722756947303106578e-01 3.267153793798970085e+00 -7.722756947303106578e-01 8.232621441465791889e+00 8.510812884874823236e-01 3.267153793798970085e+00 8.510812884874823236e-01 1.240525977870357899e+01
1.553369930358613971e+01 3.139179001523535462e+00 -2.211759136184311636e+00 3.139179001523535462e+00 1.594532171426346423e+01 -3.949500459196902291e+00 -2.211759136184311636e+00 -3.949500459196902291e+00 3.571613696168330421e+01
1.707841664792823622e+01 -2.180274274554772074e+00 2.444384110546497624e+00 -2.180274274554772074e+00 2.812512693382914097e+00 1.073245360651102209e-01 2.444384110546497624e+00 1.073245360651102209e-01 1.131208086634033094e+01
-3.583210430862738827e-01 -6.996704650758682753e-01 -1.349546648010315542e+00 -6.996704650758682753e-01 -7.935075355426136845e+00 1.096548714438794647e+00 -1.349546648010315542e+00 1.096548714438794647e+00 5.887709422651545843e+00
-9.130646209597653495e+00 6.480833121916124151e-01 -1.634391831248568572e+00 6.480833121916124151e-01 -1.634320861090595756e+01 -1.484373793736292635e+00 -1.634391831248568572e+00 -1.484373793736292635e+00 5.197605824646839068e+00
3.131905438366087591e+00 -7.260843843448211432e-01 4.304081092532259234e+00 -7.260843843448211432e-01 -7.865567357144654714e+00 -1.649987860604804624e-01 4.304081092532259234e+00 -1.649987860604804624e-01 1.929859860773570190e+01
-2.343654751017683946e+00 -2.254534437754472098e-01 -1.435658530945603140e+00 -2.254534437754472098e-01 -1.722164044590900644e+01 -2.089342800910524295e-02 -1.435658530945603140e+00 -2.089342800910524295e-02 -4.477127662456507728e+00
4.994050747013674685e-01 -8.111444560608435106e-01 3.411826880940284634e-01 -8.111444560608435106e-01 -1.483505418397209219e+01 1.213412433966601089e-01 3.411826880940284634e-01 1.213412433966601089e-01 -6.521699300875165584e+00
-5.581657583070759543e+00 2.124981079296561770e+00 -2.890008415305976630e+00 2.124981079296561770e+00 -1.265554893634362088e+01 1.966066031512590101e-03 -2.890008415305976630e+00 1.966066031512590101e-03 4.661168749477464956e+00
6.981965963863570046e+00 3.654865319995867612e+00 2.338142212848580925e+00 3.654865319995867612e+00 -1.104166504729977127e+01 3.121266102026217570e+00 2.338142212848580925e+00 3.121266102026217570e+00 -1.505923522484681421e+00
5.560179027889343040e+00 1.354686493801142033e+00 -4.225952931596347106e+00 1.354686493801142033e+00 2.212872481620960396e+00 1.699505056647823809e+00 -4.225952931596347106e+00 1.699505056647823809e+00 1.238967373373520608e+01
7.128773754137008645e+00 2.357796282791480458e+00 4.379267233789639335e-01 2.357796282791480458e+00 -3.735873903220840120e+00 4.962676634786622465e+00 4.379267233789639335e-01 4.962676634786622465e+00 3.450454310809541791e+00
2.627175707971771246e+00 -1.339359983395776166e-01 4.308585737866271081e+00 -1.339359983395776166e-01 1.136817652631851949e+01 -1.294348292648354881e-02 4.308585737866271081e+00 -1.294348292648354881e-02 9.579307901539710457e+00
2.222630662342667662e+01 -1.773000901292834275e+00 2.769150169605678169e+00 -1.773000901292834275e+00 1.511234873276734092e+01 -1.515790248038767274e+00 2.769150169605678169e+00 -1.515790248038767274e+00 6.675357430161942496e+00
2.792331416453813553e+00 2.701625361952479931e+00 -7.202211894691747940e-01 2.701625361952479931e+00 -9.155487586042305281e+00 2.274713034316017790e+00 -7.202211894691747940e-01 2.274713034316017790e+00 4.816330665667798883e+00
3.086171748067670251e+01 1.475969484049925562e+00 -1.069953710520209933e+00 1.475969484049925562e+00 2.163394841251792755e+01 -3.078648100534840282e+00 -1.069953710520209933e+00 -3.078648100534840282e+00 2.895751764736516876e+01
4.408106468444174197e+00 3.623467501599958451e-02 1.810449550641626049e+00 3.623467501599958451e-02 -1.139229206687034646e-01 -2.198937690326455030e+00 1.810449550641626049e+00 -2.198937690326455030e+00 6.459503340805857974e+00
4.335764295703079974e+00 3.734338344852439651e+00 1.694041527771906308e+00 3.734338344852439651e+00 2.883588024770345370e+00 -6.062947326908987300e-01 1.694041527771906308e+00 -6.062947326908987300e-01 1.290054643353560415e+01
-1.098740820797280637e+00 -4.755603980244558215e+00 1.103707234594657915e+00 -4.755603980244558215e+00 -1.111366920969280514e+01 5.003473994637690048e+00 1.103707234594657915e+00 5.003473994637690048e+00 1.014937341769314294e+01
7.646542743121012897e+00 2.158618014886382941e+00 -4.042818967074289560e+00 2.158618014886382941e+00 -1.505519240924101432e+01 -1.684241075705545487e+00 -4.042818967074289560e+00 -1.684241075705545487e+00 6.865511117291998033e+00
1.204364406742885407e+01 1.712729412315854710e-02 -7.347015251632361910e+00 1.712729412315854710e-02 -9.240282869541220023e+00 -6.768133334554882197e-01 -7.347015251632361910e+00 -6.768133334554882197e-01 3.242480948837029420e+00
3.918650999287532244e+00 1.226867596311764230e-01 -3.539802920210102233e-01 1.226867596311764230e-01 -4.982460802291700297e+00 5.073360321688531016e+00 -3.539802920210102233e-01 5.073360321688531016e+00 6.321259428394700564e+00
2.783181307099453772e+00 -1.499490530339779408e-02 -1.668948728938461690e+00 -1.499490530339779408e-02 -1.058046361172397454e+01 2.673463143716199308e+00 -1.668948728938461690e+00 2.673463143716199308e+00 5.764036953591454626e+00
9.382394058476917209e-01 -3.426825443617759759e-01 -5.892265377031148388e-01 -3.426825443617759759e-01 -1.233655329247323884e+01 6.057296155359157552e-01 -5.892265377031148388e-01 6.057296155359157552e-01 1.829039517804995407e+00
-2.193809797209004486e+00 8.962386931872473594e-01 2.509858226311196816e+00 8.962386931872473594e-01 -1.091172425341602548e+01 2.867328531118974233e+00 2.509858226311196816e+00 2.867328531118974233e+00 -1.434139903672930982e+00
1.190029707656433011e+01 -2.528221053443055144e+00 1.736528597022936327e-01 -2.528221053443055144e+00 -1.732373636761173064e+00 -2.838869111848139948e+00 1.736528597022936327e-01 -2.838869111848139948e+00 1.133213393012128734e+01
1.414067002125741723e+01 3.403889562672804292e+00 -9.504312460415217378e-01 3.403889562672804292e+00 -1.359889006830806935e+01 -8.413394059760929133e-01 -9.504312460415217378e-01 -8.413394059760929133e-01 -1.631478699579707481e+00
1.033479745636437741e+01 1.926542002746122195e+00 5.473769832944420877e+00 1.926542002746122195e+00 1.217356287214204080e+01 -1.731027856370623841e+00 5.473769832944420877e+00 -1.731027856370623841e+00 4.319252237719706677e+00
-2.013138939561546881e+00 -3.378424559556393536e+00 -8.263546277936361095e-01 -3.378424559556393536e+00 -1.329154342622661389e+01 -1.621047091637629611e+00 -8.263546277936361095e-01 -1.621047091637629611e+00 6.274799296152583139e+00
1.128925289304132917e+01 1.578310428552895495e+00 1.044162211977688326e+00 1.578310428552895495e+00 5.396060877477435014e+00 5.783950503934873755e-01 1.044162211977688326e+00 5.783950503934873755e-01 2.218225943990614368e+01
1.182059086290337824e+01 -1.146267406791213306e+00 -6.312085354903868017e-02 -1.146267406791213306e+00 9.082607899870216883e+00 2.319943715515568883e+00 -6.312085354903868017e-02 2.319943715515568883e+00 1.606334970722580380e+01
2.931624158325228713e+00 1.112917370990475163e+00 2.585753500438198849e+00 1.112917370990475163e+00 -4.792777886195429993e+00 9.424800425906005863e-01 2.585753500438198849e+00 9.424800425906005863e-01 7.756214798058209681e+00
-7.367434135514359106e-01 -2.371618941760186061e+00 -1.802393118730701849e+00 -2.371618941760186061e+00 -3.323083572052602186e+00 5.276102464134125647e+00 -1.802393118730701849e+00 5.276102464134125647e+00 6.825495404848857639e+00
1.626145276543321216e+01 6.120000309565363228e-01 2.141863476681920897e+00 6.120000309565363228e-01 1.821103726639417886e+01 -2.355217996709205064e+00 2.141863476681920897e+00 -2.355217996709205064e+00 2.352274484934578069e+01
2.956899747967817405e+01 2.118578971169901681e+00 -2.748548535096360101e-01 2.118578971169901681e+00 2.351669234678485765e+01 1.648528053562205553e+00 -2.748548535096360101e-01 1.648528053562205553e+00 4.514420212359711115e+01
1.365992175086429938e+01 -4.345346631905886881e+00 -1.625097040129813264e+00 -4.345346631905886881e+00 1.395349673290495307e+00 4.939310586878055354e+00 -1.625097040129813264e+00 4.939310586878055354e+00 8.753298917120826417e+00
9.569626982442061447e+00 -3.638294346867367857e+00 -4.013995295518705042e+00 -3.638294346867367857e+00 2.669483529659964383e+00 2.594919726512957547e-01 -4.013995295518705042e+00 2.594919726512957547e-01 2.145095649586189879e+01
5.924379556668759150e+00 -3.561316822984665453e+00 -2.273736003708072051e+00 -3.561316822984665453e+00 -2.140766747953925631e+00 -1.746252453966903984e+00 -2.273736003708072051e+00 -1.746252453966903984e+00 2.005042640237810403e+01
-2.310691631277650426e+00 -1.042240203507057483e+00 7.077690125836659796e-01 -1.042240203507057483e+00 -1.291139395517674160e+01 1.967008079486147309e+00 7.077690125836659796e-01 1.967008079486147309e+00 1.498745082732980016e+00
1.143997634422749599e+01 -1.629983567345089535e+00 2.196483394046593318e+00 -1.629983567345089535e+00 -5.395788889281996958e+00 1.839432520662536152e+00 2.196483394046593318e+00 1.839432520662536152e+00 4.048528978330473649e+00
6.635793422353728488e-01 1.187537188304849334e+00 -2.081873672725402802e+00 1.187537188304849334e+00 -1.097477772826576770e+00 -3.361285444719962712e+00 -2.081873672725402802e+00 -3.361285444719962712e+00 9.957440297683807229e-01
3.409137716131165341e+00 -2.099952969782290513e+00 -8.100874136964787420e-01 -2.099952969782290513e+00 -5.050730394144751223e+00 -3.344146980184560469e+00 -8.100874136964787420e-01 -3.344146980184560469e+00 1.164903032131101135e+01
-9.173105268790680000e+00 -1.425929714212185451e-01 3.450436759964778499e+00 -1.425929714212185451e-01 -1.505496042537576251e+01 -1.700225405076554841e+00 3.450436759964778499e+00 -1.700225405076554841e+00 8.050874312248323506e+00
1.383281633390746634e+01 -1.851302104738653753e+00 -1.776580580330684667e+00 -1.851302104738653753e+00 1.795133653919068539e+00 -4.967276110124775101e+00 -1.776580580330684667e+00 -4.967276110124775101e+00 2.265378953253874528e+01
6.125663872699354862e+00 -3.154674958338891777e+00 5.043611155321477746e+00 -3.154674958338891777e+00 -1.193418819964760225e+01 -9.441378722506589272e-01 5.043611155321477746e+00 -9.441378722506589272e-01 -3.544753718355912575e+00
1.180287126119117858e+01 2.828219789149426511e+00 -8.199676047598746464e+00 2.828219789149426511e+00 1.057001508318290028e+01 -1.709854404234034231e+00 -8.199676047598746464e+00 -1.709854404234034231e+00 5.718281976024900182e+00
2.717622435880390341e+01 2.469284087718945919e+00 -7.915702815972087691e+00 2.469284087718945919e+00 1.250466890613510174e+01 -1.119360807424190529e+00 -7.915702815972087691e+00 -1.119360807424190529e+00 1.067831297564169546e+01
1.392176783580947097e+00 -1.677868417859868178e+00 -6.973993917038912027e-01 -1.677868417859868178e+00 -1.185090992781989172e+01 -8.408392843285928953e-01 -6.973993917038912027e-01 -8.408392843285928953e-01 1.174702372768783976e+00
2.014975132235455035e+01 2.922098406678713900e+00 -7.920218549045837664e-01 2.922098406678713900e+00 1.629207340011950578e+01 2.671420412862973492e+00 -7.920218549045837664e-01 2.671420412862973492e+00 1.262576092044007403e+01
1.802507152125915368e+01 2.441079815916333551e-01 5.861594968567447328e-01 2.441079815916333551e-01 7.873222747899951024e+00 -2.372684136894319007e+00 5.861594968567447328e-01 -2.372684136894319007e+00 9.522625161191941245e+00
3.359307820502700537e+01 1.940912294289469875e+00 -8.617936323644233287e-02 1.940912294289469875e+00 1.932062886469864793e+01 2.463021304631102470e+00 -8.617936323644233287e-02 2.463021304631102470e+00 3.815359432396519423e+01
-1.662282100993588696e-01 1.647858068862611436e+00 -2.350838438290434596e+00 1.647858068862611436e+00 -1.925832188044726001e+00 -2.098950172146675008e+00 -2.350838438290434596e+00 -2.098950172146675008e+00 1.753430392895013767e+01
1.471392074762609425e+01 2.836693986471266804e+00 -4.604523004545841403e+00 2.836693986471266804e+00 -4.254267774416736536e+00 1.278371000694320303e+00 -4.604523004545841403e+00 1.278371000694320303e+00 -3.242367798471522011e+00
9.824240205547324578e+00 -5.599206826229818912e-01 4.381377323118188727e+00 -5.599206826229818912e-01 -9.313410842359157726e+00 8.526685474876325443e-01 4.381377323118188727e+00 8.526685474876325443e-01 1.639636490750882203e+01
2.399101081345933195e-01 1.689653896712911330e+00 2.952270280702173899e+00 1.689653896712911330e+00 -1.013506067470025940e+01 -2.056227740378492541e+00 2.952270280702173899e+00 -2.056227740378492541e+00 9.493594900197027897e+00
2.045784527615115700e-01 -1.557770491301971649e+00 -4.452818072252703985e+00 -1.557770491301971649e+00 -1.214560444811393225e+01 -3.120891510115328504e+00 -4.452818072252703985e+00 -3.120891510115328504e+00 6.906242757141371591e+00
-7.714572266883986451e+00 2.370724639055145300e+00 -1.739705233770700299e-01 2.370724639055145300e+00 -1.470976587292864757e+01 7.555804731194717405e+00 -1.739705233770700299e-01 7.555804731194717405e+00 5.530011074553181416e+00
2.215219062519188142e+01 3.297799925125770137e+00 -3.815428363816821267e-01 3.297799925125770137e+00 5.422468452683713025e+00 4.811333517978750862e+00 -3.815428363816821267e-01 4.811333517978750862e+00 2.148694651230172425e+01
5.335751206038099603e-01 5.207856796693939305e-01 2.512887863620117734e+00 5.207856796693939305e-01 -5.676566177602144353e-02 3.248598899459770983e+00 2.512887863620117734e+00 3.248598899459770983e+00 9.970260611592999922e+00
1.886528217968270127e+01 5.600784004218936296e+00 5.232312516362461530e+00 5.600784004218936296e+00 -5.057897237765286019e-02 3.563092839767429076e+00 5.232312516362461530e+00 3.563092839767429076e+00 -3.285132863310068707e+00
1.838876393273314491e+01 8.444121445911191515e+00 7.909819233376217618e+00 8.444121445911191515e+00 1.563415774292010951e+01 1.783468645496135929e+00 7.909819233376217618e+00 1.783468645496135929e+00 8.941669069926623248e-01
1.880666073986118070e+00 -1.928523125559767681e+00 2.483974971810582133e+00 -1.928523125559767681e+00 -1.187144519422905553e+01 -5.674345497467135679e+00 2.483974971810582133e+00 -5.674345497467135679e+00 1.320185352499813192e+01
2.100912342319556458e+01 -1.989628041528498148e+00 7.255623311321579560e-01 -1.989628041528498148e+00 6.653675930485923651e+00 1.757193912318360196e+00 7.255623311321579560e-01 1.757193912318360196e+00 2.121242365238475003e+01
-1.280766692973731358e+00 5.437040629883211018e+00 -3.965764057294017153e+00 5.437040629883211018e+00 -7.991523007699541381e+00 -8.532680998458189947e+00 -3.965764057294017153e+00 -8.532680998458189947e+00 5.514800709437995607e+00
4.227855596191706589e+00 -3.803629829440875909e+00 3.393615203689764215e+00 -3.803629829440875909e+00 -1.032835409442044572e+01 1.931345744723502955e+00 3.393615203689764215e+00 1.931345744723502955e+00 9.827925733870216618e+00
-2.884080652895323560e+00 1.025703859158818565e+00 -1.468350270296979176e-01 1.025703859158818565e+00 -1.056282931794743263e+01 2.887187216499946807e+00 -1.468350270296979176e-01 2.887187216499946807e+00 6.271976010684301883e+00
-4.162528608624913140e+00 3.672913512930097379e+00 2.481293643573233565e-01 3.672913512930097379e+00 -1.684250540514253203e+01 1.271956893851355908e-01 2.481293643573233565e-01 1.271956893851355908e-01 -2.573907117880064543e+00
-1.446320874348260288e+00 1.224858700788478361e+00 -4.299907762001210720e+00 1.224858700788478361e+00 -9.864278454232831450e+00 1.650913514018333306e+00 -4.299907762001210720e+00 1.650913514018333306e+00 2.855611702606913660e+00
1.780602045843943060e+01 -1.385965299175871301e+00 -1.862945440945031006e+00 -1.385965299175871301e+00 1.733986239560660181e+01 2.370405811028827081e+00 -1.862945440945031006e+00 2.370405811028827081e+00 1.343719637890089835e+01
1.358241954481050229e+01 -3.723765926905902024e-01 4.697317665507420338e-03 -3.723765926905902024e-01 1.166522661531388039e+01 -8.735102659383744885e-04 4.697317665507420338e-03 -8.735102659383744885e-04 1.383477693853307677e+01
1.279913061459772727e+01 -5.212933205248262425e-01 5.329847948990010131e+00 -5.212933205248262425e-01 -1.152691302904985093e+01 -1.644598991545380251e+00 5.329847948990010131e+00 -1.644598991545380251e+00 8.705422659405016361e+00
2.896628314651818137e+00 1.231093145407575085e+00 2.264149238061176739e+00 1.231093145407575085e+00 -6.235001255917204332e+00 -2.755058944854020364e+00 2.264149238061176739e+00 -2.755058944854020364e+00 1.330280693451208052e+01
