3.153159602695586372e+00 1.168509036523787126e+00 1.391790738711767395e+00 1.168509036523787126e+00 -3.966709741358060981e+00 2.919894672940373415e+00 1.391790738711767395e+00 2.919894672940373415e+00 5.377507668313825206e+00
-4.006957146066270070e+00 -9.746614531682701310e-02 -2.244099127308225139e+00 -9.746614531682701310e-02 -8.196873559643437446e+00 -2.363073628412782679e+00 -2.244099127308225139e+00 -2.363073628412782679e+00 -2.635164121362400635e+00
-1.839744726971110689e+00 2.375092846182623063e+00 6.131037022310422691e-01 2.375092846182623063e+00 -1.910676358244360662e+00 3.921939520670504553e+00 6.131037022310422691e-01 3.921939520670504553e+00 1.257059421739096194e+01
6.786473143191443791e-01 -9.450745461138809755e-01 5.196987341240562330e-02 -9.450745461138809755e-01 8.403067064106698680e+00 2.750396958001758208e+00 5.196987341240562330e-02 2.750396958001758208e+00 1.453222251697220813e+01
1.003148879521402748e+00 -3.015561247433142800e-01 -4.335982602038812583e-01 -3.015561247433142800e-01 6.339392832036637060e+00 -7.388719270074398660e-01 -4.335982602038812583e-01 -7.388719270074398660e-01 2.764509258790617707e+00
-9.070469243379758462e-01 2.200137342949212427e-01 3.452578178110521367e+00 2.200137342949212427e-01 2.796208638386942447e+00 -2.819178513589911894e+00 3.452578178110521367e+00 -2.819178513589911894e+00 9.054674280944377429e+00
1.224901139240399672e+00 -1.493096399949792374e+00 -1.770989069215755718e+00 -1.493096399949792374e+00 8.782939022157265185e+00 5.732425603269704073e-01 -1.770989069215755718e+00 5.732425603269704073e-01 7.346891195345813586e+00
-7.699687966295558628e-01 1.073318469856232804e+00 2.195923582948983377e+00 1.073318469856232804e+00 -7.749152607293241513e-01 -2.983496759656556918e+00 2.195923582948983377e+00 -2.983496759656556918e+00 5.518577009065253947e+00
6.721839355946571892e+00 9.728479033035389856e-01 -1.352442860644915257e+00 9.728479033035389856e-01 6.072009998963103783e+00 1.905574218897563288e+00 -1.352442860644915257e+00 1.905574218897563288e+00 9.717641475878451729e+00
9.416973321913285844e+00 -2.084900129406570546e+00 2.694024891478310479e+00 -2.084900129406570546e+00 3.165159484468381024e+00 -3.189844883418075372e-01 2.694024891478310479e+00 -3.189844883418075372e-01 1.216788149590314738e+01
