-5.676265538080004447e+00 -7.163052801330890951e+00 4.554630569642943883e+00 -7.163052801330890951e+00 -4.966008330473405508e+00 -4.453162951010696702e+00 4.554630569642943883e+00 -4.453162951010696702e+00 7.031090213880750284e+00
6.223776169356084687e+00 -2.933293417023154603e+00 -1.043741805679947732e-01 -2.933293417023154603e+00 1.082865793897991047e+01 -2.035302077425788170e+00 -1.043741805679947732e-01 -2.035302077425788170e+00 7.520309669633833405e-01
-2.584643207180544078e+00 -6.226335209236968815e+00 -3.635015612877737778e-01 -6.226335209236968815e+00 -2.833951087346990860e+00 1.080183572360143396e+00 -3.635015612877737778e-01 1.080183572360143396e+00 -6.875212747526835422e+00
8.955221920867796115e+00 8.158685347546316968e-03 1.782665813997607485e+00 8.158685347546316968e-03 -7.882646674602243664e+00 7.857869285566548845e-01 1.782665813997607485e+00 7.857869285566548845e-01 1.268019825561492908e+01
1.180692148889335691e+01 -1.878585732172491252e+00 -4.193814267713028343e+00 -1.878585732172491252e+00 -1.017685174569885609e+00 1.242841457817528861e+00 -4.193814267713028343e+00 1.242841457817528861e+00 7.900780327883035525e+00
7.784301569132138887e+00 -1.476899444667619798e+00 -7.732420243092751333e-01 -1.476899444667619798e+00 -3.925867653771207610e+00 -9.388703958275477213e-01 -7.732420243092751333e-01 -9.388703958275477213e-01 1.557338689251339114e-01
6.681116640854347644e+00 -8.379904552172452448e-01 4.518094939442097058e+00 -8.379904552172452448e-01 2.585443280206396910e+00 -2.521979073919321301e+00 4.518094939442097058e+00 -2.521979073919321301e+00 1.664229286725162638e+01
