-3.368984403786796644e-01 -9.556353883281443196e-01 2.152988231942360109e+00 -9.556353883281443196e-01 1.188245553107333841e+01 4.433048886803909738e-01 2.152988231942360109e+00 4.433048886803909738e-01 4.171858414636525403e+00
-6.971057823322100333e+00 3.286044880192330320e-01 4.130393127763644756e+00 3.286044880192330320e-01 -3.057724053594132574e+00 -4.613392734375523774e-01 4.130393127763644756e+00 -4.613392734375523774e-01 -1.705040184433884720e+00
-1.801962270344555916e+00 -9.232654647846042506e-01 2.290226984638348284e+00 -9.232654647846042506e-01 2.059676055055308375e+00 -6.258169112274963863e-01 2.290226984638348284e+00 -6.258169112274963863e-01 5.785101237634120430e+00
2.676757156687463279e+00 -4.971758357598958789e+00 1.407436622280420435e+00 -4.971758357598958789e+00 1.160714575413376615e+01 -3.674357986511395779e+00 1.407436622280420435e+00 -3.674357986511395779e+00 1.461516888046706431e+00
2.071963039863986467e+01 4.951586436288070381e+00 5.822168638336015611e+00 4.951586436288070381e+00 1.771078681532308252e+01 -3.713096600177121065e+00 5.822168638336015611e+00 -3.713096600177121065e+00 2.259037656620898460e+01
-1.752157021899211520e+00 -3.493463249728763209e+00 5.683241037999634315e+00 -3.493463249728763209e+00 -8.172874176791782297e-01 1.020821025003776805e+00 5.683241037999634315e+00 1.020821025003776805e+00 -8.976997355022124481e+00
1.205956489134094056e+01 -8.702573268527471484e+00 3.190388944291905560e+00 -8.702573268527471484e+00 3.481149681992563583e+00 -5.048651226886964771e+00 3.190388944291905560e+00 -5.048651226886964771e+00 3.977899970951326747e+00
-3.655708567546719134e+00 4.290975100783484542e-01 -1.226248775256548518e+00 4.290975100783484542e-01 6.359498006033983408e+00 8.153417077538387403e+00 -1.226248775256548518e+00 8.153417077538387403e+00 5.428054882914826074e+00
5.511695353806833175e+00 -1.817723129568114437e+00 -3.830974295403835606e-01 -1.817723129568114437e+00 5.670535116537734233e+00 4.422184092823232326e+00 -3.830974295403835606e-01 4.422184092823232326e+00 3.730749720230524424e+00
-9.022606116532058351e+00 -1.507632772927061993e+00 -4.929770327688052234e-01 -1.507632772927061993e+00 -1.780844631209547169e+00 -6.398972960155201450e-01 -4.929770327688052234e-01 -6.398972960155201450e-01 -2.616588648165947828e-01
8.728378244389382701e+00 -5.860587899351303420e+00 9.100554895363401897e-01 -5.860587899351303420e+00 7.326957677447154538e+00 5.963567472763280364e+00 9.100554895363401897e-01 5.963567472763280364e+00 -1.435175948890262676e+00
-6.990298102507871647e+00 -3.977764567805450874e-02 1.867310004468323015e-01 -3.977764567805450874e-02 1.601025574130386264e+00 1.007326202711505525e+00 1.867310004468323015e-01 1.007326202711505525e+00 -8.944637180324788162e-01
1.798017866539257525e+01 5.347641062832700243e+00 -5.111396580973459614e+00 5.347641062832700243e+00 8.684685133234033572e+00 -3.512542542557302028e+00 -5.111396580973459614e+00 -3.512542542557302028e+00 7.667711556261883388e+00
5.584342934821950877e+00 -1.152938105197099716e+00 3.769272059509497286e+00 -1.152938105197099716e+00 6.766688637071450074e+00 -1.806139569478889317e+00 3.769272059509497286e+00 -1.806139569478889317e+00 5.845590571883093611e-01
1.284995456248801959e-01 5.764288785624719580e+00 2.909176583500341806e+00 5.764288785624719580e+00 -5.985868245577290914e+00 -3.245705782155790420e+00 2.909176583500341806e+00 -3.245705782155790420e+00 -7.968037114607728455e+00
-2.587745088537857452e+00 -3.015259222614149692e+00 -1.616665005354820106e-01 -3.015259222614149692e+00 1.473371034959028414e+01 4.788513892174063535e+00 -1.616665005354820106e-01 4.788513892174063535e+00 3.750057089675204125e+00
8.611326234536503810e-01 3.370170313951721675e-02 5.567566019416930745e-01 3.370170313951721675e-02 1.169491612557593285e+01 1.528035993320553398e+00 5.567566019416930745e-01 1.528035993320553398e+00 -2.172368497782091623e+00
-8.259889166239997138e+00 -2.211323454460430160e-01 -2.399321497494402433e-01 -2.211323454460430160e-01 -4.088527645565355861e+00 2.831378430712197858e+00 -2.399321497494402433e-01 2.831378430712197858e+00 -1.724957939994640199e+01
-1.434304683729267227e+00 -4.065257656433823863e-01 1.554786855812568813e+00 -4.065257656433823863e-01 4.002806850540372885e+00 -4.295360257084482214e+00 1.554786855812568813e+00 -4.295360257084482214e+00 -3.454543167899911005e+00
5.265116987953135208e+00 -5.499555343192676915e+00 -1.799077065101652551e+00 -5.499555343192676915e+00 1.133665164879493759e+01 3.341535621381552357e+00 -1.799077065101652551e+00 3.341535621381552357e+00 5.389802760323302522e+00
7.106375343026114066e+00 4.702658646583874003e+00 1.513981227394194828e+00 4.702658646583874003e+00 1.812116465467511262e+01 -3.227213685427345879e-01 1.513981227394194828e+00 -3.227213685427345879e-01 -3.637954339607661236e+00
-5.253487868030970454e+00 -1.805799552580084510e+00 5.302879921057920276e-01 -1.805799552580084510e+00 1.472731232434316029e+00 1.150631675762645356e+00 5.302879921057920276e-01 1.150631675762645356e+00 1.079234437994107942e+01
-5.258308446886487353e+00 6.714913907284290495e+00 -5.658652918780900265e+00 6.714913907284290495e+00 6.147700271025135166e+00 -1.820231658478457692e+00 -5.658652918780900265e+00 -1.820231658478457692e+00 -6.730969145255587538e-01
1.523772603425294081e+00 -4.929195739192412162e+00 3.919244605972941109e+00 -4.929195739192412162e+00 4.317023438473058583e+00 8.371448632626883324e+00 3.919244605972941109e+00 8.371448632626883324e+00 8.979273778650881610e+00
5.011527879514119377e+00 5.462635836642477649e+00 -2.046553745090657628e-01 5.462635836642477649e+00 5.522332307347869396e+00 2.585838016653255966e+00 -2.046553745090657628e-01 2.585838016653255966e+00 -7.588727216164301126e+00
1.029849643410453153e+00 -2.976560304495270426e+00 6.149131777144623001e-01 -2.976560304495270426e+00 1.087964164200234052e+01 -1.072822290969474457e+00 6.149131777144623001e-01 -1.072822290969474457e+00 1.422230767020634223e+00
-8.032928850491966699e+00 -1.555672840764289688e+00 2.578478986452008126e+00 -1.555672840764289688e+00 1.458943673278004560e+00 -3.056646532375617564e+00 2.578478986452008126e+00 -3.056646532375617564e+00 -4.743967762642881780e+00
1.059232146136814734e+01 -2.282400784121478010e-01 3.327013438334775142e+00 -2.282400784121478010e-01 -3.848942666482317421e+00 3.065366499164205449e-01 3.327013438334775142e+00 3.065366499164205449e-01 -5.574373888483882489e+00
-8.269781657646053219e+00 -1.739779175554981849e+00 7.900280854281654941e-01 -1.739779175554981849e+00 -3.178425434425503404e+00 -5.696812607606934975e+00 7.900280854281654941e-01 -5.696812607606934975e+00 -1.255716183816080900e+01
5.166868393727993336e+00 6.489914658378940437e+00 7.995016108896789930e+00 6.489914658378940437e+00 1.922975253679283369e+01 -6.710297251796770723e+00 7.995016108896789930e+00 -6.710297251796770723e+00 1.460202175182033812e+01
2.503379707594590275e+00 -3.285962817746695741e+00 -1.000427270921468770e+00 -3.285962817746695741e+00 3.024442700494447411e+00 1.438256179672902979e+00 -1.000427270921468770e+00 1.438256179672902979e+00 -5.383100098708154313e+00
1.979849744781921883e+00 -2.800712057478167427e-01 8.785743694647326629e-01 -2.800712057478167427e-01 1.345081080646760130e+00 7.991067618432613706e+00 8.785743694647326629e-01 7.991067618432613706e+00 1.177280083090294305e+00
3.295862426596134931e+00 6.959304283846041272e+00 2.150925269885417546e+00 6.959304283846041272e+00 6.965204319571972613e-01 -2.423974039941196423e+00 2.150925269885417546e+00 -2.423974039941196423e+00 -5.284070395048264146e+00
2.054059358770753363e+01 3.125719700117975286e+00 3.562190328465395073e+00 3.125719700117975286e+00 1.557300634871799971e+01 -7.550993524207587626e-01 3.562190328465395073e+00 -7.550993524207587626e-01 1.795886555613089541e+01
1.554056341010512376e+01 2.294091585834149072e+00 -9.018555087008247595e-01 2.294091585834149072e+00 9.348270576292915024e+00 -1.237710081470952295e+00 -9.018555087008247595e-01 -1.237710081470952295e+00 1.644759815203659103e+00
-2.598586531429047053e+00 -2.194347068153382985e+00 -1.114755071042821122e+00 -2.194347068153382985e+00 -3.762076617750877539e+00 5.315284878849401373e+00 -1.114755071042821122e+00 5.315284878849401373e+00 -8.429173321573930622e+00
2.945308652812836492e+00 4.042265421791761959e-01 1.459194417025779344e+00 4.042265421791761959e-01 1.707999572124116838e+01 -4.810556779546003803e+00 1.459194417025779344e+00 -4.810556779546003803e+00 4.328550884579192015e+00
-1.560603092163548755e+00 1.132602698064909319e+00 1.628959028091462591e-01 1.132602698064909319e+00 3.516624310124408126e+00 3.460427451238748731e+00 1.628959028091462591e-01 3.460427451238748731e+00 -5.143446181376773119e+00
4.853540525323966293e+00 -2.193190488895338408e+00 -5.078407359882298522e+00 -2.193190488895338408e+00 2.130522610230615843e+00 8.558891884696643970e+00 -5.078407359882298522e+00 8.558891884696643970e+00 -6.230970088281400088e-01
-1.595999536196832302e+01 -7.944802157793360298e-01 2.627363433715701024e+00 -7.944802157793360298e-01 -6.796315507505578779e+00 1.032223754323244203e+00 2.627363433715701024e+00 1.032223754323244203e+00 -1.056785257175548587e+01
5.526011660929709635e+00 -5.303195641998141419e+00 -5.979958262722352424e-01 -5.303195641998141419e+00 7.151068165788374564e+00 -4.611035592426821594e+00 -5.979958262722352424e-01 -4.611035592426821594e+00 1.613034931910729997e+00
-7.528532371434762283e+00 -1.925220789123054388e+00 -5.453920024187297599e-01 -1.925220789123054388e+00 -8.905589826638292905e+00 3.236779361837808233e-01 -5.453920024187297599e-01 3.236779361837808233e-01 -8.598677597090008007e+00
-5.348121464573196704e+00 -5.225881967239128123e+00 2.518004441942503835e+00 -5.225881967239128123e+00 -4.347578277090391907e+00 -1.056233812831737895e+00 2.518004441942503835e+00 -1.056233812831737895e+00 -1.171893760614428004e+01
6.472449941019601027e+00 -2.119581406854331274e+00 -1.548238588396675164e+00 -2.119581406854331274e+00 8.607158166491165829e+00 4.000270021488810279e+00 -1.548238588396675164e+00 4.000270021488810279e+00 7.665010646093250557e+00
7.063497030806878740e+00 3.475172839259152990e+00 1.983819179859902304e+00 3.475172839259152990e+00 2.311641967380209994e+00 -2.263116337182989657e+00 1.983819179859902304e+00 -2.263116337182989657e+00 -2.697319211617142720e+00
4.213970676669705817e+00 -1.859258356510765875e+00 2.855249171181439283e-01 -1.859258356510765875e+00 3.031642756981699272e+00 2.630166162711452316e+00 2.855249171181439283e-01 2.630166162711452316e+00 -3.094191261537846849e+00
7.679986663410988790e+00 3.760386812060446893e+00 2.719264833676484638e-01 3.760386812060446893e+00 1.293100379832757696e+01 -5.125669177388950892e+00 2.719264833676484638e-01 -5.125669177388950892e+00 1.300737111511498156e+01
-7.902635991260446247e+00 1.154943499895842773e+00 -4.487156866590549242e+00 1.154943499895842773e+00 -5.410383355269836159e+00 1.724436252295603378e+00 -4.487156866590549242e+00 1.724436252295603378e+00 -1.302013184246676403e+01
3.771449078434442548e+00 7.024751202835443076e-01 6.703884403324036345e-01 7.024751202835443076e-01 3.145708252020184226e+00 3.799479131831558387e+00 6.703884403324036345e-01 3.799479131831558387e+00 1.602052847444932704e+00
3.654400823803567455e+00 -4.945469678136601210e+00 1.247549288593467337e-01 -4.945469678136601210e+00 1.594866654929037963e+01 -1.200583795786059449e+00 1.247549288593467337e-01 -1.200583795786059449e+00 2.417713066405426936e+00
-9.784870230415609882e+00 5.775459760279349375e+00 -1.936321534702301284e+00 5.775459760279349375e+00 -7.233788511769100538e+00 1.797035580897881957e+00 -1.936321534702301284e+00 1.797035580897881957e+00 -6.679855428511993765e+00
-1.322511179427471362e+01 -9.524711755299952731e-01 1.330345234040698710e+00 -9.524711755299952731e-01 -6.041754757202236981e+00 1.079988374529141426e+00 1.330345234040698710e+00 1.079988374529141426e+00 3.990677156626277089e+00
3.401901030840452478e+00 1.067618701057273078e+00 -1.538548771295337181e+00 1.067618701057273078e+00 1.442861807364920068e+01 3.925690742523773036e+00 -1.538548771295337181e+00 3.925690742523773036e+00 1.150985994211512420e+01
-2.461808585365831359e+00 2.184951751806797571e+00 -1.530587171242309807e+00 2.184951751806797571e+00 1.111785758931661405e+01 8.575098543085800884e+00 -1.530587171242309807e+00 8.575098543085800884e+00 1.091641486730644672e+01
-1.318775292458124149e+01 9.554025540754818024e-01 3.006856060534446318e+00 9.554025540754818024e-01 -9.942616716251169606e+00 -5.241756673845490155e-01 3.006856060534446318e+00 -5.241756673845490155e-01 -1.383153201787959219e+01
2.923173154259434137e-01 7.769736496482243737e+00 -1.043026218304790254e+00 7.769736496482243737e+00 3.162863697957336573e+00 2.545959669258846869e+00 -1.043026218304790254e+00 2.545959669258846869e+00 -7.150575395189651573e+00
3.859521298287453561e+01 -1.883203107682164479e+00 1.326018778342369142e+00 -1.883203107682164479e+00 2.842907939936930362e+01 -3.078422893082004563e+00 1.326018778342369142e+00 -3.078422893082004563e+00 1.600901261196216652e+01
-3.139111317358318498e+00 1.387410110742838931e+00 -2.016448349310842936e+00 1.387410110742838931e+00 -3.219084187447984746e+00 -3.833218088963534331e+00 -2.016448349310842936e+00 -3.833218088963534331e+00 -4.305740845121637683e+00
-5.574292099003735901e-01 -2.670124442145254573e+00 3.373743220949691590e+00 -2.670124442145254573e+00 3.772942598749089438e-01 -1.240356436040926047e+00 3.373743220949691590e+00 -1.240356436040926047e+00 2.017544296637237888e+00
6.853467394432775084e-01 2.800425181851222134e-01 -1.739272857073797196e+00 2.800425181851222134e-01 4.890254712940100279e-01 1.210231472581175527e-01 -1.739272857073797196e+00 1.210231472581175527e-01 -4.982548009321007498e+00
1.612625515500493378e+01 6.832256519105900594e+00 -5.833421934097041128e-03 6.832256519105900594e+00 2.219309135636102326e+01 4.332009757749948342e+00 -5.833421934097041128e-03 4.332009757749948342e+00 9.931537860975264920e+00
1.158259125590491223e+01 -4.234553287017312484e-01 1.438638813564041552e+00 -4.234553287017312484e-01 7.475569225746520274e+00 2.899556601132755151e+00 1.438638813564041552e+00 2.899556601132755151e+00 -3.571451906283043876e+00
1.864888340569404335e+01 7.350868313043326552e+00 -3.571026140044374575e+00 7.350868313043326552e+00 1.980789923258011953e+01 -2.777146871240602888e+00 -3.571026140044374575e+00 -2.777146871240602888e+00 1.507099591737488353e+01
-7.696109788209024138e+00 1.582608239377301551e+00 1.595055855861420957e+00 1.582608239377301551e+00 -2.765479899324472246e+00 2.010614887828565678e+00 1.595055855861420957e+00 2.010614887828565678e+00 -8.384019764963298371e+00
1.724562238130776137e+01 -2.869407063724374041e+00 -7.253052204821957005e+00 -2.869407063724374041e+00 2.267780558388934153e+01 -5.665775581000825234e+00 -7.253052204821957005e+00 -5.665775581000825234e+00 5.235215120671197653e+00
9.611048402668288304e+00 -2.034053484386801003e+00 -9.412419105553567533e+00 -2.034053484386801003e+00 7.547600665199206915e+00 -4.684996906056503319e-01 -9.412419105553567533e+00 -4.684996906056503319e-01 1.566027598739444571e+01
-8.322055604820613794e+00 -1.355152044532536015e+00 3.679064858229257884e-01 -1.355152044532536015e+00 -1.612506714832265375e+00 4.954637441672560087e-03 3.679064858229257884e-01 4.954637441672560087e-03 -7.050989158462889206e-01
6.317931783865511353e-01 3.726648638695979621e+00 5.709347903220461928e-01 3.726648638695979621e+00 1.970879760529872726e+01 -2.133765340470116456e+00 5.709347903220461928e-01 -2.133765340470116456e+00 6.394319972200547042e+00
-5.441221270931408505e+00 -2.825778087694332807e+00 2.368639045033232193e+00 -2.825778087694332807e+00 -3.928441894237969301e+00 -7.068924151361307695e-01 2.368639045033232193e+00 -7.068924151361307695e-01 -8.872102605613212845e+00
8.303468398229686187e+00 5.690902990981066445e+00 -2.568378555270901309e+00 5.690902990981066445e+00 1.053880006956125603e+00 -4.315807183990845175e+00 -2.568378555270901309e+00 -4.315807183990845175e+00 3.036187475313096851e+00
-4.898837721964708791e+00 5.478542374032235429e+00 4.780871595269461594e+00 5.478542374032235429e+00 -3.687106268640740314e+00 5.097306225003127800e+00 4.780871595269461594e+00 5.097306225003127800e+00 -1.208734133524096066e+01
8.940873224617206239e-01 6.163545126058392887e-01 1.572356699985784090e-01 6.163545126058392887e-01 -9.599456309153110212e+00 -1.865102536641821240e+00 1.572356699985784090e-01 -1.865102536641821240e+00 -1.017772070081281299e+01
-6.202073763947492324e+00 4.603727711296295766e+00 -4.879476885341646586e+00 4.603727711296295766e+00 5.168448998185683152e+00 -8.418838391911297458e-01 -4.879476885341646586e+00 -8.418838391911297458e-01 -3.559849024850860744e+00
9.513784884458214464e+00 2.042566532195455142e+00 -2.603689005877684259e+00 2.042566532195455142e+00 1.543910488848870344e+01 1.237014890984607707e+00 -2.603689005877684259e+00 1.237014890984607707e+00 5.801128798075451343e+00
8.780343812868757425e+00 -2.969026350718025675e+00 -1.343294339337672838e+00 -2.969026350718025675e+00 1.435239077720489043e+01 -2.496335791004334226e+00 -1.343294339337672838e+00 -2.496335791004334226e+00 7.714023085051273654e+00
-1.161685414967726260e+01 8.092755401115735159e-02 -2.635167155841642295e-01 8.092755401115735159e-02 -1.594993201471043842e-01 9.159958511074426379e-01 -2.635167155841642295e-01 9.159958511074426379e-01 -6.365128222021509075e+00
7.790773865171580326e+00 7.032498266299093359e+00 2.687378537095294728e+00 7.032498266299093359e+00 1.081568619962581401e+01 -3.480868410905617605e-01 2.687378537095294728e+00 -3.480868410905617605e-01 -5.094378721016293632e+00
-1.565901256701889999e+01 2.102970847081453432e+00 3.503697295400606482e+00 2.102970847081453432e+00 -1.647894939153847815e+01 7.400406517496562753e-01 3.503697295400606482e+00 7.400406517496562753e-01 -1.709588060250138142e+01
-1.641535033343908268e+01 1.138705700082779659e-01 3.133457179227807199e+00 1.138705700082779659e-01 -1.292498250379491154e+01 2.322962699474344195e+00 3.133457179227807199e+00 2.322962699474344195e+00 -1.413991992530414521e+01
1.592059164773647728e+00 1.809873844846599189e+00 -8.411959427799982070e-01 1.809873844846599189e+00 1.329606928406699851e+01 4.624644169355579315e+00 -8.411959427799982070e-01 4.624644169355579315e+00 -1.145230422867912656e+00
2.225760808718943551e+00 1.102636146462333988e+00 -2.906067577496632914e+00 1.102636146462333988e+00 -1.897582555243151781e+00 6.700106665495441094e-01 -2.906067577496632914e+00 6.700106665495441094e-01 8.653710203815970559e+00
5.485912862099236342e+00 -7.579250059079244650e+00 4.084385028861253986e+00 -7.579250059079244650e+00 1.075867949765637732e+01 -1.125397445405333485e+01 4.084385028861253986e+00 -1.125397445405333485e+01 5.529367698991254798e+00
-1.169855076809101924e+01 -6.668824355383503821e+00 -7.273430090260077918e-01 -6.668824355383503821e+00 -2.912902222033016408e-01 3.793599193825165194e+00 -7.273430090260077918e-01 3.793599193825165194e+00 -1.501073428590601999e+01
-6.355792757192875619e+00 -8.697841167271951335e+00 -1.043764319535429863e-01 -8.697841167271951335e+00 -3.749227532113528216e+00 -6.135196443707502389e-01 -1.043764319535429863e-01 -6.135196443707502389e-01 -9.030530207885858474e+00
-6.984547741765302575e+00 -1.717424202752046325e+00 2.293851656584083187e+00 -1.717424202752046325e+00 1.225177377134678780e+00 -1.101293610964335645e+00 2.293851656584083187e+00 -1.101293610964335645e+00 -9.943954358489266454e+00
-1.193082561669370456e+01 5.085233740115468137e+00 -2.249743939505719936e+00 5.085233740115468137e+00 -5.806779224786892790e+00 -4.186718461879285869e+00 -2.249743939505719936e+00 -4.186718461879285869e+00 -1.307922378823554155e+01
-7.968260803121333780e+00 -2.571501877841289918e+00 -9.885329621244853371e+00 -2.571501877841289918e+00 5.307810232268230344e+00 4.513400162239439517e+00 -9.885329621244853371e+00 4.513400162239439517e+00 1.111977887688075789e-01
-9.515001226449077976e+00 -3.735165418182921915e+00 -1.221160133621741473e+00 -3.735165418182921915e+00 1.208649227327474041e-01 -3.128379947783428427e+00 -1.221160133621741473e+00 -3.128379947783428427e+00 -8.074664757354604205e+00
-1.365294485787924827e+01 7.485490607361308113e-01 1.691727317932570918e+00 7.485490607361308113e-01 -6.230086963519459786e+00 5.679571718736602381e-01 1.691727317932570918e+00 5.679571718736602381e-01 -1.620510831356469694e+01
-6.533597399092737845e+00 -1.767729279360918060e+00 1.143256708783497722e+00 -1.767729279360918060e+00 -1.528668688574530599e+01 -5.137172795296616634e+00 1.143256708783497722e+00 -5.137172795296616634e+00 4.264579625222076231e+00
-4.946612970172178159e+00 -4.130052662500008687e+00 1.552885475794721915e+00 -4.130052662500008687e+00 7.639835274617465366e+00 -2.208572605156617907e+00 1.552885475794721915e+00 -2.208572605156617907e+00 -1.585336768915023731e+00
4.871309310749484034e+00 2.485220530904507785e-01 1.051259664240576486e+00 2.485220530904507785e-01 2.709014070729060197e+00 -2.338183346302412424e+00 1.051259664240576486e+00 -2.338183346302412424e+00 -4.242811238330286727e+00
4.040826164362894879e+00 -3.615869410913571613e+00 3.962651882182265606e+00 -3.615869410913571613e+00 2.582274091599894916e+01 9.326333019199996022e-01 3.962651882182265606e+00 9.326333019199996022e-01 2.727658590808881289e+00
-6.928691799582703759e+00 -2.602955176608435561e+00 -1.348241381977634434e+00 -2.602955176608435561e+00 -1.680265491143594137e+00 2.320930638554103420e-01 -1.348241381977634434e+00 2.320930638554103420e-01 -2.042541066736600186e+00
-4.001748440125295403e+00 -5.828138685529860474e+00 -1.831462914486987392e+00 -5.828138685529860474e+00 6.225191379280861526e+00 1.281735092725038161e+00 -1.831462914486987392e+00 1.281735092725038161e+00 -1.203324236125173563e+01
1.279583256959507809e+00 5.577254938319303079e+00 2.975381211932297987e+00 5.577254938319303079e+00 -1.118164843988270984e+00 2.373837745853581982e+00 2.975381211932297987e+00 2.373837745853581982e+00 -5.412928536233488686e+00
5.374367148693153240e+00 -1.865154636076817418e+00 2.803383535856755482e-01 -1.865154636076817418e+00 1.758472298892479557e+01 -1.098771961383884221e+00 2.803383535856755482e-01 -1.098771961383884221e+00 1.459254366484130094e-01
2.150370683323702536e+01 -8.207429735118639158e+00 -1.982248068252134399e+00 -8.207429735118639158e+00 1.006262738704762505e+01 -7.081485862846453649e+00 -1.982248068252134399e+00 -7.081485862846453649e+00 1.115634523223363139e+01
6.031707994323522115e+00 -6.353712804521416402e-01 -9.767605344375471788e+00 -6.353712804521416402e-01 1.546171519446444442e+01 5.365687283835512744e+00 -9.767605344375471788e+00 5.365687283835512744e+00 1.377357449433958969e+01
-4.399786178273684456e+00 -3.037279219210299530e+00 9.398240934880314201e-01 -3.037279219210299530e+00 -2.647943940226436865e+00 2.884961029714168568e+00 9.398240934880314201e-01 2.884961029714168568e+00 -7.899899904190163191e+00
