-1.017516169091518208e+00 -8.778150891001596179e+00 1.701849112491337968e+00 -8.778150891001596179e+00 -8.339118279908670495e-01 3.295561207859361019e+00 1.701849112491337968e+00 3.295561207859361019e+00 -6.321411336337551923e+00
4.105762102508262679e+00 3.452737026659976838e+00 2.960651773803897324e-01 3.452737026659976838e+00 4.246463572344866932e+00 -6.408947459516803669e+00 2.960651773803897324e-01 -6.408947459516803669e+00 1.180296264494146374e+00
-6.320939686199168683e+00 2.213869752775498689e+00 -3.910644298260070872e+00 2.213869752775498689e+00 6.094095753401047588e-01 -5.311940208714193368e+00 -3.910644298260070872e+00 -5.311940208714193368e+00 -4.149676158356728095e+00
9.112510569515849923e+00 -4.627167326163398542e+00 3.042244688060939062e+00 -4.627167326163398542e+00 1.061154225706971843e+01 -1.383596564951531382e+00 3.042244688060939062e+00 -1.383596564951531382e+00 1.564667977325043680e+01
-1.136042485243389244e+01 -4.813263397462537618e+00 2.558069466058130903e+00 -4.813263397462537618e+00 -1.645920869287184618e-01 6.012029841042769718e-01 2.558069466058130903e+00 6.012029841042769718e-01 -1.411604945848588777e+01
1.592014108649216997e+00 3.354166540184344125e+00 -2.834161269461072941e+00 3.354166540184344125e+00 -3.302950359488083798e+00 -3.667975656487763914e+00 -2.834161269461072941e+00 -3.667975656487763914e+00 -1.326422789000463842e+00
5.263705141994778902e-01 -4.565209823222227681e-01 -5.859578273890250877e+00 -4.565209823222227681e-01 -1.191841184935001685e+00 -1.564118521891666225e+00 -5.859578273890250877e+00 -1.564118521891666225e+00 5.992587657015874036e+00
-1.250466705653484167e+00 5.402938749699647047e+00 4.795235823130353126e+00 5.402938749699647047e+00 -6.556710016877628888e+00 -2.764680391691177075e+00 4.795235823130353126e+00 -2.764680391691177075e+00 -3.628888336412112281e+00
-2.750157038279184896e+00 2.677466122636511514e+00 3.253830516494903957e+00 2.677466122636511514e+00 8.662483469099342415e+00 3.884922491117858367e+00 3.253830516494903957e+00 3.884922491117858367e+00 4.484662641899552327e+00
8.772575417593870384e+00 -3.399197806483575057e+00 2.995050998937025089e+00 -3.399197806483575057e+00 6.068311537599115013e+00 2.885251648137533653e+00 2.995050998937025089e+00 2.885251648137533653e+00 4.299821800718821585e+00
