4.205196513311801709e+01 -2.190875807091482663e+00 5.720258860174839421e-01 -2.190875807091482663e+00 4.179957298652241349e+01 1.858853742047374080e+00 5.720258860174839421e-01 1.858853742047374080e+00 3.186143956723041626e+01
-6.163000770394127414e+00 -3.290434511165043929e+00 -1.831094057379741846e+00 -3.290434511165043929e+00 8.653482185367716184e+00 -9.507725016369102944e-01 -1.831094057379741846e+00 -9.507725016369102944e-01 -7.684044230830667566e+00
4.080227069402204165e+01 1.210867305768413393e+00 -1.327894692588586778e-01 1.210867305768413393e+00 3.992412082381711969e+01 1.949004690094035652e+00 -1.327894692588586778e-01 1.949004690094035652e+00 3.822911047290723019e+01
9.751607107618907477e+00 1.188709695130110378e+00 -2.212748683347474543e+00 1.188709695130110378e+00 1.148013320455271113e+01 1.817755430469376599e-01 -2.212748683347474543e+00 1.817755430469376599e-01 -5.025583428975336275e+00
2.941673088521221113e-01 7.579266067001021179e-02 2.325838721748677340e+00 7.579266067001021179e-02 -2.461676125068469112e+00 2.962466251054632349e-01 2.325838721748677340e+00 2.962466251054632349e-01 1.854045030337025945e+00
2.923373251724686650e+00 -3.292072628697593650e+00 2.063279247275355832e+00 -3.292072628697593650e+00 9.386777907505566176e+00 -1.308312899925482498e+00 2.063279247275355832e+00 -1.308312899925482498e+00 -6.527057573043192562e+00
4.341211197303393021e+01 5.731164920953178310e+00 9.036324119463765570e-01 5.731164920953178310e+00 4.302798130294173262e+01 -9.636751841006819808e-01 9.036324119463765570e-01 -9.636751841006819808e-01 3.287973026704136004e+01
1.934051320395470341e+01 7.308963987562732356e+00 -2.376020199585100467e-01 7.308963987562732356e+00 1.558926646890833823e+01 -3.605703756534333948e+00 -2.376020199585100467e-01 -3.605703756534333948e+00 9.620604580261741035e+00
6.346212179818833121e+00 -6.985900841508969616e-01 -3.270375157858703474e+00 -6.985900841508969616e-01 8.466838059008725992e+00 -2.313062977269699783e+00 -3.270375157858703474e+00 -2.313062977269699783e+00 -6.316338516200946662e-01
-1.407944595089842599e+00 5.847385473708341941e-01 -1.615785748570085056e+00 5.847385473708341941e-01 -4.197082943957002321e+00 5.950952238885816925e+00 -1.615785748570085056e+00 5.950952238885816925e+00 7.147590715782744519e-01
-2.393069208317438967e+00 -1.844901629196764148e+00 2.202124923192509520e+00 -1.844901629196764148e+00 -4.472288082937199150e+00 1.467863199254596740e+00 2.202124923192509520e+00 1.467863199254596740e+00 -3.856884546112232748e+00
1.094805793546158368e+00 4.614524033014918203e+00 -6.792665986220187690e-01 4.614524033014918203e+00 3.641606171612662202e+00 -7.897440649405877089e+00 -6.792665986220187690e-01 -7.897440649405877089e+00 -3.212216820201969192e+00
-4.294032790521678855e+00 -1.173691793775061054e+00 -1.859352805179430579e+00 -1.173691793775061054e+00 8.339819433430198714e+00 -2.174372104311949272e+00 -1.859352805179430579e+00 -2.174372104311949272e+00 -9.531570013104701644e+00
3.438678954981106539e+00 6.933390716419080668e+00 -5.863224968529097414e-02 6.933390716419080668e+00 -2.865456735896110829e-01 -3.186295756494811560e+00 -5.863224968529097414e-02 -3.186295756494811560e+00 -8.443690134716655749e+00
1.163919197633983771e+01 -5.867976321997419475e+00 -5.066449480969583696e+00 -5.867976321997419475e+00 1.158779647676121094e+01 5.613466556440690702e+00 -5.066449480969583696e+00 5.613466556440690702e+00 3.258452802298905659e+00
-7.813745387316205715e+00 -3.809964413272183270e-01 4.082124965371946246e+00 -3.809964413272183270e-01 -1.648170305581226014e+00 5.388256567470761205e+00 4.082124965371946246e+00 5.388256567470761205e+00 5.649721935870572587e+00
-2.885564777242268342e+00 -2.994661265263438565e+00 1.764760114140308866e+00 -2.994661265263438565e+00 -1.338233746844156746e+00 -3.756380886803977415e+00 1.764760114140308866e+00 -3.756380886803977415e+00 -6.628061249726562743e+00
4.027502437972555249e+00 1.749357506566123766e+00 -1.824063654586841166e+00 1.749357506566123766e+00 4.407068313423342154e+00 -5.250671997326786133e+00 -1.824063654586841166e+00 -5.250671997326786133e+00 4.036820190120142260e-01
-1.031751322764415946e+01 -6.366994564020290071e+00 -1.149254936184240239e-01 -6.366994564020290071e+00 -8.555788093633705238e-02 -6.881962722761031159e+00 -1.149254936184240239e-01 -6.881962722761031159e+00 -2.474009443962714716e+00
-3.489659191318297826e-01 4.097756562384549106e+00 5.533507428027981234e+00 4.097756562384549106e+00 5.435919814869723865e+00 1.288410525908810023e+01 5.533507428027981234e+00 1.288410525908810023e+01 4.641705634691082771e+00
6.728318855307731106e-01 3.276880067676848363e+00 -3.637056706270503703e+00 3.276880067676848363e+00 -4.547219815345843408e+00 -2.925800812368521520e+00 -3.637056706270503703e+00 -2.925800812368521520e+00 -1.182324474032812489e+00
-5.631537396596697498e+00 -1.521371635665405897e+00 -4.351193050083793423e+00 -1.521371635665405897e+00 -8.701254829069963170e-01 3.451752673042643327e+00 -4.351193050083793423e+00 3.451752673042643327e+00 -3.489480564148388808e+00
-6.625951778517737090e+00 1.464337076693878137e+00 -3.782500334192341995e+00 1.464337076693878137e+00 -6.936156298446431556e+00 -3.853395057231871146e+00 -3.782500334192341995e+00 -3.853395057231871146e+00 -6.492564887208388535e-01
-4.150991802205235892e+00 -2.184218593229420691e+00 -2.682933407988131513e+00 -2.184218593229420691e+00 -3.608889110423209701e+00 1.386210452174359564e-01 -2.682933407988131513e+00 1.386210452174359564e-01 -3.945779205252139654e+00
-5.871553268726922070e+00 -2.925990845769116167e+00 6.434573794802332714e+00 -2.925990845769116167e+00 1.751604923892515764e-01 -5.979607750763062946e+00 6.434573794802332714e+00 -5.979607750763062946e+00 7.831052869797389127e-02
-1.207958092546906892e+00 2.711437461715488162e+00 2.564234495177430961e+00 2.711437461715488162e+00 1.328775164203636727e+01 3.560795818258060130e+00 2.564234495177430961e+00 3.560795818258060130e+00 1.790596401615853850e+01
-1.061334304006659179e+00 -1.410243071760647782e+00 1.082748239666696755e+00 -1.410243071760647782e+00 -5.996775278771739437e+00 5.232393550145023609e-01 1.082748239666696755e+00 5.232393550145023609e-01 -5.241997864391042761e+00
-2.368783958886009788e+00 1.830560414958904092e+00 9.977239557369661505e-01 1.830560414958904092e+00 -1.913154830416321062e+00 -3.250766715186994560e+00 9.977239557369661505e-01 -3.250766715186994560e+00 -7.653041573690487986e+00
-1.286463302553991461e+01 2.790947534559906629e+00 5.076026082987414867e+00 2.790947534559906629e+00 -9.428990767923396410e-01 -1.933605714923593677e+00 5.076026082987414867e+00 -1.933605714923593677e+00 -1.854220173332451038e+00
-9.260946576431593469e-01 5.061310464823811195e+00 4.663708361254177426e+00 5.061310464823811195e+00 -4.431285491962440592e-01 1.889385880052073807e-01 4.663708361254177426e+00 1.889385880052073807e-01 -4.417687057423464125e+00
3.368255452939422412e+00 -8.682623298780843157e+00 1.023041781926150806e+00 -8.682623298780843157e+00 1.357238526067392037e+01 -5.062487678657086931e+00 1.023041781926150806e+00 -5.062487678657086931e+00 -3.374063769725259565e+00
-9.881919996449594734e+00 3.812791561982816990e+00 -3.716071519786679378e+00 3.812791561982816990e+00 -1.021502741534311376e+01 -4.900918713095180124e+00 -3.716071519786679378e+00 -4.900918713095180124e+00 -1.859702088674689691e+01
-4.987377697703688995e+00 3.628525372430007501e+00 -5.896899482254863933e+00 3.628525372430007501e+00 -1.062235414339044404e+01 -4.217537389219547350e+00 -5.896899482254863933e+00 -4.217537389219547350e+00 -1.320470710897567734e+00
2.608327532784607161e+00 -2.898664186660548925e-01 -4.731593051615373469e+00 -2.898664186660548925e-01 6.488453214229581434e+00 5.680742669834707215e+00 -4.731593051615373469e+00 5.680742669834707215e+00 1.436003708154689917e+01
-8.008638343831819384e+00 5.919807777132570337e+00 -2.316481349361598330e+00 5.919807777132570337e+00 -8.320649751494693547e+00 5.193379314827618387e+00 -2.316481349361598330e+00 5.193379314827618387e+00 -7.553523295435416784e+00
-1.833102136350060141e+00 -1.618874624251633310e-01 3.108684256937209511e+00 -1.618874624251633310e-01 8.376497529053064994e+00 -2.124702147923012152e+00 3.108684256937209511e+00 -2.124702147923012152e+00 -1.051594852577790284e+00
5.829123383031003414e+00 -5.223018227288747095e-01 -7.998383346692410356e-01 -5.223018227288747095e-01 2.311825184346810502e+00 3.040539887277279529e+00 -7.998383346692410356e-01 3.040539887277279529e+00 -2.929477125875476151e+00
