-1.854858283059560575e+00 -4.772364876182030313e-01 4.624768794862932353e+00 -4.772364876182030313e-01 6.163340272124019137e+00 8.788121329696020112e+00 4.624768794862932353e+00 8.788121329696020112e+00 1.853467672978034031e+01
-9.622304921901156050e+00 5.836423635294738510e+00 -1.591714844283604435e+01 5.836423635294738510e+00 -1.179032808518040021e+01 -4.949818453153645770e+00 -1.591714844283604435e+01 -4.949818453153645770e+00 -1.358612245369513083e+01
1.842582060021198842e+01 -2.370719407594083616e+00 2.229573854115023845e+00 -2.370719407594083616e+00 1.082485885870277187e+01 -1.774277259198317802e+00 2.229573854115023845e+00 -1.774277259198317802e+00 1.809164789717118582e+00
-8.333711051315502161e+00 -3.592474406165299783e+00 -5.157797685148819866e+00 -3.592474406165299783e+00 4.154998788406648380e+00 -4.627957451167168113e-02 -5.157797685148819866e+00 -4.627957451167168113e-02 -2.518179335724626267e+00
2.245460939109063414e+00 3.096695478612891073e+00 1.390440963191521995e+00 3.096695478612891073e+00 7.462372186123920947e+00 4.270382743678019288e+00 1.390440963191521995e+00 4.270382743678019288e+00 -1.175342171862173574e-01
