-4.018602682871450504e+00 -5.517600406861997708e-01 1.542917983069816756e+00 -5.517600406861997708e-01 2.957478537540352281e-01 -2.219717411928024742e+00 1.542917983069816756e+00 -2.219717411928024742e+00 -4.622537674552401832e+00
3.448846482405081737e+00 1.855999682568977960e+00 7.335975503294961397e-02 1.855999682568977960e+00 5.033720317461363614e+00 -3.544681042111493596e+00 7.335975503294961397e-02 -3.544681042111493596e+00 -9.814245346620750210e-01
-1.395134273523391855e+01 -6.611846062192634044e+00 3.088574612227276805e+00 -6.611846062192634044e+00 5.686613776578992585e-01 1.569970732028269200e+00 3.088574612227276805e+00 1.569970732028269200e+00 -6.295311328115224647e+00
2.195876240946113711e+01 8.837326009885898559e-01 1.876902493600635768e+00 8.837326009885898559e-01 6.082943207889421444e+00 -4.216797129978656633e-01 1.876902493600635768e+00 -4.216797129978656633e-01 -1.853857830379989968e+00
-4.067014604274938883e+00 -1.118501929741161582e+00 -1.388502597690502327e+00 -1.118501929741161582e+00 1.320058527384859026e+01 -7.118078557992034483e+00 -1.388502597690502327e+00 -7.118078557992034483e+00 3.070774678452740325e+00
-4.728785831789874550e+00 2.421330552534930902e+00 -3.400410711592443125e+00 2.421330552534930902e+00 3.481830790892308514e+00 -2.181600558638893350e+00 -3.400410711592443125e+00 -2.181600558638893350e+00 -5.047856056815278158e+00
-1.236156109683200377e+01 -1.285156711729855461e+00 -4.306309875685149891e+00 -1.285156711729855461e+00 -5.193834164395121356e+00 -4.431443655647246405e-02 -4.306309875685149891e+00 -4.431443655647246405e-02 -1.182547907492515904e+01
-8.254375918289664327e+00 1.855866415413164050e-01 1.841638561388333928e+00 1.855866415413164050e-01 -1.000173815807482747e+01 1.119474237496175473e+00 1.841638561388333928e+00 1.119474237496175473e+00 -9.932371773474223176e+00
2.200344416580090057e-01 -5.085630072240722832e+00 5.645497784038478351e+00 -5.085630072240722832e+00 -7.587808509339112106e+00 1.535797711473590788e+00 5.645497784038478351e+00 1.535797711473590788e+00 -1.336211167913764974e+01
1.416676856777257187e+00 -8.723136181665464006e-01 -4.298392387800176628e+00 -8.723136181665464006e-01 1.064455871862469749e+01 2.037461154924939399e-01 -4.298392387800176628e+00 2.037461154924939399e-01 3.225402323604703803e+00
-4.768747281541151573e+00 -4.240748892280148952e-01 2.580974043702536580e+00 -4.240748892280148952e-01 -4.961621788781979348e+00 -7.954003151604474020e-01 2.580974043702536580e+00 -7.954003151604474020e-01 -5.465033543657676240e+00
-7.624300777615942160e+00 4.157400193234412455e+00 4.902984119536587748e+00 4.157400193234412455e+00 -2.089175365269705598e+00 -2.742186490555588385e+00 4.902984119536587748e+00 -2.742186490555588385e+00 -5.423637144436765034e+00
4.465372182132517409e+00 8.892653507454441053e-01 -2.291337459166516322e+00 8.892653507454441053e-01 1.113177637703249445e+01 -3.173968512925976260e+00 -2.291337459166516322e+00 -3.173968512925976260e+00 1.493053765125880616e+00
-8.979245983019415789e+00 -1.396895019881761346e+00 -3.227016565862447006e+00 -1.396895019881761346e+00 7.366700784894213427e-01 2.506871585874482999e+00 -3.227016565862447006e+00 2.506871585874482999e+00 -6.530666844867909937e+00
2.772787578128005359e-01 2.027654943618161232e-01 -4.039064573670993141e+00 2.027654943618161232e-01 1.468413219283507054e+01 -6.465909001117952748e+00 -4.039064573670993141e+00 -6.465909001117952748e+00 8.811452500842102964e+00
7.318986360132097024e-01 4.361652427568897039e+00 9.946827318891432457e-01 4.361652427568897039e+00 -2.139549375755609883e+00 -5.679148287821970259e-02 9.946827318891432457e-01 -5.679148287821970259e-02 -9.431496438158623263e+00
-4.172446051440137360e+00 -4.939393440950996528e+00 -2.481221585278289510e+00 -4.939393440950996528e+00 1.459335331421866400e+01 -8.971790360139589637e+00 -2.481221585278289510e+00 -8.971790360139589637e+00 1.184987812639792359e+01
-5.574824356598478303e+00 5.034716684135845943e-01 -3.234794069625169577e+00 5.034716684135845943e-01 -7.160911688976383971e+00 -3.990577902146744460e+00 -3.234794069625169577e+00 -3.990577902146744460e+00 -9.521478742538901585e+00
-2.469467695955988695e+00 8.508207188128487086e-01 1.410240812088512596e+00 8.508207188128487086e-01 -3.919373573955536649e+00 3.260668372056793052e-01 1.410240812088512596e+00 3.260668372056793052e-01 -2.200439470664745212e+00
-6.245306413760247644e+00 -5.262528994532585713e+00 -3.112633034616864025e-01 -5.262528994532585713e+00 -7.917723282177613342e+00 -9.777320152683167953e-02 -3.112633034616864025e-01 -9.777320152683167953e-02 -2.511429426026564382e+00
-1.249730771084857039e+01 2.470260720438167024e+00 -1.815165890133383586e+00 2.470260720438167024e+00 -7.664693229340770131e+00 -1.476390206072302425e+00 -1.815165890133383586e+00 -1.476390206072302425e+00 -5.330020757991034586e+00
-1.403747647117543851e+00 4.356364586587583076e+00 1.661017814654931479e+00 4.356364586587583076e+00 3.601240167101095846e+00 8.439657757697348606e-01 1.661017814654931479e+00 8.439657757697348606e-01 -1.507193121384713841e+00
-2.171082833569368820e+00 3.741704827965640412e+00 -1.829856300095050514e+00 3.741704827965640412e+00 4.079730551041143904e+00 -1.191061839320471050e+00 -1.829856300095050514e+00 -1.191061839320471050e+00 1.133008539667542891e+00
3.557542413276831850e-01 1.401961605967620317e+00 3.418240467345411981e-01 1.401961605967620317e+00 7.229922408999300831e-01 1.563274989815159888e-01 3.418240467345411981e-01 1.563274989815159888e-01 -2.291166592633330445e+00
-4.146249931528084076e+00 -3.268791037479232386e+00 -1.777823386616989465e+00 -3.268791037479232386e+00 -5.656379446054880411e+00 2.522387173312582664e+00 -1.777823386616989465e+00 2.522387173312582664e+00 5.704533749873161419e+00
-6.816615005513033232e+00 6.249723666899722474e+00 -3.700578426074010441e+00 6.249723666899722474e+00 -1.150968026647550957e+01 2.381547119571294502e+00 -3.700578426074010441e+00 2.381547119571294502e+00 -7.544026354237507448e+00
4.407205632757608349e+00 -4.281498618374691922e+00 -2.404004401844060723e+00 -4.281498618374691922e+00 3.727989770973084482e+00 -1.408289598364206308e+00 -2.404004401844060723e+00 -1.408289598364206308e+00 -5.466645570101327678e+00
-6.471255907096297166e-01 -6.879643697304907768e+00 1.486698924251529164e+00 -6.879643697304907768e+00 -5.153632753749699980e+00 5.047172165517048725e-01 1.486698924251529164e+00 5.047172165517048725e-01 -7.862579621544443675e+00
6.048204160195219004e+00 -3.798599618970847747e+00 -1.717037857963916503e+00 -3.798599618970847747e+00 -6.471205259157224887e+00 1.015218252247377606e+00 -1.717037857963916503e+00 1.015218252247377606e+00 -8.203352545394677620e+00
-9.677470482060034351e-01 -1.208848033698146418e+00 -3.631672480867679020e+00 -1.208848033698146418e+00 1.106289892099340122e+01 1.115989147576963880e+00 -3.631672480867679020e+00 1.115989147576963880e+00 5.792642651488358219e+00
-3.725344881668476216e+00 5.752572551936101508e-01 2.710054538150948655e+00 5.752572551936101508e-01 2.575947297427416238e+00 -3.562367674144995555e-01 2.710054538150948655e+00 -3.562367674144995555e-01 5.821201955878823497e+00
6.397987595962769447e+00 -2.203482102384806129e+00 2.508100231325533613e+00 -2.203482102384806129e+00 1.683545434772582539e+01 -2.160654907391034385e+00 2.508100231325533613e+00 -2.160654907391034385e+00 7.662127791346892813e+00
-5.153971344852227965e+00 2.632796126982900109e+00 6.892071773377963950e+00 2.632796126982900109e+00 -3.135810992963405486e+00 -3.578579590271766087e+00 6.892071773377963950e+00 -3.578579590271766087e+00 -7.003458400743594936e+00
-2.843878941313981112e+00 3.829066942433330567e+00 -2.776615858129749981e+00 3.829066942433330567e+00 -3.621546113982820891e-01 -2.303381633162523645e+00 -2.776615858129749981e+00 -2.303381633162523645e+00 -4.895432129655905129e+00
-5.753214886187675958e+00 8.641961596950221036e+00 -5.162878090887470517e-01 8.641961596950221036e+00 3.765993266410999851e+00 -2.707809131596652374e+00 -5.162878090887470517e-01 -2.707809131596652374e+00 2.121782933220379697e+00
-8.696956501533970041e+00 5.936508198412022708e+00 -9.897068881968019982e-02 5.936508198412022708e+00 -8.659869781019363444e+00 -6.257133594075571237e-01 -9.897068881968019982e-02 -6.257133594075571237e-01 -4.646479930655691426e+00
5.785475355145926812e+00 2.184525511528316588e-01 -1.061046128787613840e+00 2.184525511528316588e-01 -2.564225872044849641e+00 -3.626734089700683228e+00 -1.061046128787613840e+00 -3.626734089700683228e+00 -6.811328387091456271e+00
4.791376306244041317e+00 8.283825434912565067e-01 -2.972764339055612992e-01 8.283825434912565067e-01 -4.234008035118173474e+00 -4.342403530674156187e+00 -2.972764339055612992e-01 -4.342403530674156187e+00 -2.782592978139891482e+00
-5.267309755862347842e+00 -2.447104265870870154e+00 9.833451201053313717e-01 -2.447104265870870154e+00 1.006193269428350767e+01 9.711376478233733067e-01 9.833451201053313717e-01 9.711376478233733067e-01 4.378834476747653248e+00
-2.607481092047755578e+00 5.215838633675009550e-01 -1.247073033093968109e+00 5.215838633675009550e-01 -2.136524810934698593e+00 -2.114028506937380314e+00 -1.247073033093968109e+00 -2.114028506937380314e+00 -5.691202400762451319e+00
-8.443030387090937339e+00 -1.869008314205564902e+00 9.185136412177120624e-01 -1.869008314205564902e+00 -2.159020476026353441e-01 2.665050795869432498e-01 9.185136412177120624e-01 2.665050795869432498e-01 -5.002125544887880082e+00
7.660633827222917525e+00 1.546714402878962780e+00 -4.388881830658796446e+00 1.546714402878962780e+00 1.689045487998501471e+01 4.550836121852026572e-01 -4.388881830658796446e+00 4.550836121852026572e-01 8.727591517898392937e+00
-1.120296661790265852e-01 -2.984884335654773846e+00 -1.030855749980538194e+00 -2.984884335654773846e+00 -6.450292698602171360e-01 -1.440712864772422774e+00 -1.030855749980538194e+00 -1.440712864772422774e+00 -8.177160748164288506e+00
4.284989060996317534e+01 -4.088235357708411399e+00 -1.692274651488725745e-01 -4.088235357708411399e+00 2.769702757738559384e+01 -6.897247774382450736e+00 -1.692274651488725745e-01 -6.897247774382450736e+00 1.608646058153557590e+01
-9.298490065807413885e+00 -4.774379812777828747e+00 -2.299808094418583249e+00 -4.774379812777828747e+00 -1.308437017899036325e+00 -2.685023694771459191e+00 -2.299808094418583249e+00 -2.685023694771459191e+00 -1.430138940874323161e+01
7.958606699413149244e+00 1.345756243064961666e+00 9.859536297236101143e-01 1.345756243064961666e+00 1.398583939823258238e+00 8.653818234518310115e-01 9.859536297236101143e-01 8.653818234518310115e-01 -3.835250880320459910e+00
-4.894008433850999928e+00 -4.778689958392588366e+00 2.788918948833529754e-01 -4.778689958392588366e+00 7.913158628245942516e+00 8.717687616508587922e+00 2.788918948833529754e-01 8.717687616508587922e+00 -4.296267028999412041e+00
-9.506176225778197875e+00 4.104350288923841461e+00 -3.844647327530618247e-02 4.104350288923841461e+00 2.926197101948731838e+00 -6.927808075733519644e+00 -3.844647327530618247e-02 -6.927808075733519644e+00 -3.207659716001533212e+00
5.225053035440014426e+00 7.653448889267808752e-01 -5.400130592474882141e-01 7.653448889267808752e-01 1.256109046870317769e+01 4.813694154221550114e+00 -5.400130592474882141e-01 4.813694154221550114e+00 3.061331907776295713e-01
-5.796040063676011656e+00 -2.493686863926589670e+00 -6.046546691495117143e-01 -2.493686863926589670e+00 4.892656111668340024e+00 3.294802121498104697e+00 -6.046546691495117143e-01 3.294802121498104697e+00 -6.161715799891124057e+00
-1.137720353523289241e+01 -4.929492612414719588e+00 -4.208882498246780735e+00 -4.929492612414719588e+00 -1.196335682699484337e+01 3.495827955682284660e-02 -4.208882498246780735e+00 3.495827955682284660e-02 -1.330528520667945180e+01
8.203035548612840344e-01 -4.661979252540731977e+00 -3.189099310912085983e+00 -4.661979252540731977e+00 1.041295598596399508e+01 -4.644753728725803832e+00 -3.189099310912085983e+00 -4.644753728725803832e+00 -8.503452904456677786e+00
-3.520224416670237222e+00 1.565881213679704009e+00 -2.193965270427476799e+00 1.565881213679704009e+00 -1.623695012134958704e+00 1.711112949285833906e+00 -2.193965270427476799e+00 1.711112949285833906e+00 -2.505836119719648369e+00
-9.172698008095528266e+00 -1.430908637756364010e+00 8.276588677272038730e-01 -1.430908637756364010e+00 -3.286884598195874752e+00 1.711131777309829349e+00 8.276588677272038730e-01 1.711131777309829349e+00 -9.341025828443631773e-02
6.774814276568918991e+00 1.601361616560885714e+00 3.020265017863441148e+00 1.601361616560885714e+00 1.159019173471999764e+01 -3.208882374995465803e+00 3.020265017863441148e+00 -3.208882374995465803e+00 8.499643781797848519e+00
-2.129150493830284319e+00 2.929876658415188739e+00 -8.123179249905476240e+00 2.929876658415188739e+00 -1.566544790038085644e+01 5.239178077561583713e-01 -8.123179249905476240e+00 5.239178077561583713e-01 -8.451006051885645576e+00
2.748847251178368367e+00 5.252360885830017700e+00 2.419276670990310851e+00 5.252360885830017700e+00 1.320030460882287704e+00 7.301721256623630474e+00 2.419276670990310851e+00 7.301721256623630474e+00 8.195537918613815975e+00
-5.493032198618352790e-01 1.748254895930723807e+00 3.907766274592077593e+00 1.748254895930723807e+00 2.760154386811726646e+00 -3.304961591145345157e+00 3.907766274592077593e+00 -3.304961591145345157e+00 -2.620838450284526111e+00
1.413057902026206847e+00 -6.388007009040221007e+00 4.802879949454354147e+00 -6.388007009040221007e+00 1.047929770241663405e+01 7.682437740964125794e+00 4.802879949454354147e+00 7.682437740964125794e+00 1.592018936785538852e+00
3.518304218193883504e+00 -6.220629910778786575e-01 -3.730413091864742459e+00 -6.220629910778786575e-01 2.842665324134890703e+00 6.056846484247183859e+00 -3.730413091864742459e+00 6.056846484247183859e+00 2.460223508590663410e+00
-4.453995739453670000e-01 -2.331421433867891135e+00 5.244799836556952144e+00 -2.331421433867891135e+00 9.689843125901083098e+00 -2.660545423360034079e+00 5.244799836556952144e+00 -2.660545423360034079e+00 1.030797640777390178e+01
8.626048374052059486e+00 2.444542719648176377e+00 3.671293197468706193e+00 2.444542719648176377e+00 1.260033367324252929e+01 4.437238733947058977e-02 3.671293197468706193e+00 4.437238733947058977e-02 3.267921738456352809e+00
-3.945575410662531368e+00 -4.642303091814674154e+00 -2.125189177327247769e+00 -4.642303091814674154e+00 2.662746696771727262e+00 1.579101561588835301e+00 -2.125189177327247769e+00 1.579101561588835301e+00 1.576072076811468325e-01
-1.199343960093057770e+00 -1.937277328710392599e+00 3.905005718247141211e-02 -1.937277328710392599e+00 2.548503476307513615e+00 1.058806021285426224e+00 3.905005718247141211e-02 1.058806021285426224e+00 -1.963358446276581182e+00
1.867972803410079097e+00 -1.426559989821774233e+00 -2.414320655061166776e-01 -1.426559989821774233e+00 6.967599808134674610e+00 5.891902504155432929e+00 -2.414320655061166776e-01 5.891902504155432929e+00 8.966873632131278526e+00
4.252791071436266179e+01 3.857899981315724869e+00 -1.800467323753305759e+00 3.857899981315724869e+00 3.668271758496480572e+01 -5.670462932679424028e+00 -1.800467323753305759e+00 -5.670462932679424028e+00 2.302234387045999497e+01
5.047555064490820698e+00 -9.592770179058394575e+00 4.803843744282302097e+00 -9.592770179058394575e+00 2.735389998962889813e+00 -2.800827830414724939e+00 4.803843744282302097e+00 -2.800827830414724939e+00 3.893285710103210562e+00
-1.047664422883913460e+01 -2.437891519346551572e+00 -3.179986062654838186e-01 -2.437891519346551572e+00 -1.181270949364931333e+01 2.764366431749881059e+00 -3.179986062654838186e-01 2.764366431749881059e+00 -1.502072030361016175e+01
-1.964050486710524623e+00 2.218815479539342217e+00 1.829924533680351573e+00 2.218815479539342217e+00 -6.671558496912807890e+00 6.970059142972766519e-01 1.829924533680351573e+00 6.970059142972766519e-01 -9.448584443777184205e+00
-8.558119949821840322e+00 -4.283887876170759945e+00 -1.740133088760593028e+00 -4.283887876170759945e+00 -1.763354654217238959e+01 4.511948315582563040e+00 -1.740133088760593028e+00 4.511948315582563040e+00 -1.384119591688119755e+01
-1.203427404634126141e+01 2.215227161358721997e+00 -2.798447666557928315e-01 2.215227161358721997e+00 -1.186510349928695085e+00 -2.441834986739962243e+00 -2.798447666557928315e-01 -2.441834986739962243e+00 -8.367150299128146784e+00
3.521485404377117767e+00 2.611595171556353012e+00 -1.260522176841176512e+00 2.611595171556353012e+00 6.800014374787058946e-01 -5.267440582603235555e+00 -1.260522176841176512e+00 -5.267440582603235555e+00 1.603151255544353004e+00
-9.152961977581925979e+00 4.286705422650461395e-01 1.705849773332245300e+00 4.286705422650461395e-01 -6.693654902287359931e+00 3.835912637959772553e+00 1.705849773332245300e+00 3.835912637959772553e+00 -9.638750089250235575e+00
9.592622804476707898e+00 -3.108198510676153603e+00 4.145831411414274470e+00 -3.108198510676153603e+00 1.026754541485440697e+01 -8.666198004969034585e-01 4.145831411414274470e+00 -8.666198004969034585e-01 1.641931953792490972e+01
-6.164184197824417843e+00 -5.165395038326531463e+00 2.793525560899345894e+00 -5.165395038326531463e+00 -8.386228726452589211e-01 -3.494900280071467247e+00 2.793525560899345894e+00 -3.494900280071467247e+00 -8.315304617785159280e+00
-1.720446871708572578e+00 4.864841284849955372e+00 2.583867972472203789e+00 4.864841284849955372e+00 5.598593261456653813e+00 5.605717371847249275e+00 2.583867972472203789e+00 5.605717371847249275e+00 4.538526980777101372e+00
3.062075284591234237e+00 5.840881228403496550e+00 6.211493572975905764e+00 5.840881228403496550e+00 8.306040450023948196e+00 6.216501539778595209e+00 6.211493572975905764e+00 6.216501539778595209e+00 -2.338633437830636819e+00
-1.330739866560524476e+01 1.882658788292326024e+00 -9.645801547193597614e-01 1.882658788292326024e+00 -6.165983102354217316e+00 -8.497350646744874503e-01 -9.645801547193597614e-01 -8.497350646744874503e-01 -4.284250730442892952e+00
3.439994499491875857e+00 -1.301372189948228897e+00 2.578351397842597148e+00 -1.301372189948228897e+00 6.221443375740354220e+00 -4.916396123585022870e+00 2.578351397842597148e+00 -4.916396123585022870e+00 -2.102877516740592867e+00
-1.503799564833385283e+01 -4.793495477613541667e+00 1.965039053469251895e+00 -4.793495477613541667e+00 -1.300436149238140970e+01 3.832736635113798584e+00 1.965039053469251895e+00 3.832736635113798584e+00 -1.234192301163250427e+01
-9.473136669301069901e+00 -3.876308636583413736e-01 5.580338504024411339e-01 -3.876308636583413736e-01 -1.168163197423354838e+00 -8.228965116305570149e+00 5.580338504024411339e-01 -8.228965116305570149e+00 -2.699658336021724114e+00
-1.068325265230827270e+01 -2.566180495578088028e+00 1.380895025704600654e+00 -2.566180495578088028e+00 2.687766359128971327e+00 -1.226075520584053002e+00 1.380895025704600654e+00 -1.226075520584053002e+00 -5.614144300377846619e+00
-3.595657881012097046e-01 5.977175986518822981e+00 1.322071033974107968e+00 5.977175986518822981e+00 -9.417685618693864003e-01 2.752383284778234351e+00 1.322071033974107968e+00 2.752383284778234351e+00 -3.959217905268891613e+00
-5.468198386147927081e+00 4.761959151012574942e+00 9.338291969850451846e-01 4.761959151012574942e+00 7.480280884558219157e+00 1.068941701784788201e+01 9.338291969850451846e-01 1.068941701784788201e+01 -4.325111276874816113e+00
8.919197490434790154e+00 -2.724296110098809454e+00 -4.973711868618651444e+00 -2.724296110098809454e+00 2.986343526418986372e+00 -3.704473971053398262e+00 -4.973711868618651444e+00 -3.704473971053398262e+00 -2.492530985838326885e+00
-1.170213634161810390e+01 -1.088329023986553290e+00 1.199113706824534997e-01 -1.088329023986553290e+00 -8.091929140869538628e+00 -1.490118863873224619e-01 1.199113706824534997e-01 -1.490118863873224619e-01 -1.200382073913345593e+01
-7.343482629847507326e+00 -3.316761548925052150e+00 1.734919220063352086e+00 -3.316761548925052150e+00 -8.597958405946316773e+00 -7.577665615580605474e-01 1.734919220063352086e+00 -7.577665615580605474e-01 -2.820698554150924409e+00
-4.593597914549090611e+00 -3.187393542367289889e+00 2.899307847124092063e+00 -3.187393542367289889e+00 -1.230355847353619136e+00 1.023089543566162662e+00 2.899307847124092063e+00 1.023089543566162662e+00 -1.070236002731978076e+01
-3.121669834201243443e+00 -4.561256518020525341e+00 -4.332509634889826211e-01 -4.561256518020525341e+00 -5.494157364603547755e+00 -3.404127959354533495e+00 -4.332509634889826211e-01 -3.404127959354533495e+00 -9.626366388443775790e+00
6.683688179574882149e+00 1.812333809279294217e+00 -3.355772216384117712e+00 1.812333809279294217e+00 7.881038106397588727e+00 -1.256705056561764899e-01 -3.355772216384117712e+00 -1.256705056561764899e-01 -5.088234419725411684e+00
-5.087416454834058577e+00 -5.593044911020709220e-01 -3.321861489646831256e+00 -5.593044911020709220e-01 -4.685489807907247339e+00 -6.064407349320246610e-01 -3.321861489646831256e+00 -6.064407349320246610e-01 -6.100404183548521431e+00
-1.009474973179819379e+01 -1.937844462942637902e+00 -1.422008645820568518e+00 -1.937844462942637902e+00 6.694095632583353606e+00 3.480991332238303926e+00 -1.422008645820568518e+00 3.480991332238303926e+00 -9.234293621593890888e-01
7.930203153001834870e+00 1.735025092057670193e+00 -2.019652636074640017e-01 1.735025092057670193e+00 1.356757924946944627e+01 2.892868512394221714e+00 -2.019652636074640017e-01 2.892868512394221714e+00 5.448585409674331359e+00
-3.699912452819530628e+00 -2.257385454896701837e+00 6.104974997873349185e-01 -2.257385454896701837e+00 1.712043823626748784e+00 4.174158405740851840e+00 6.104974997873349185e-01 4.174158405740851840e+00 -2.220359822126284577e+00
-4.357964844146969163e+00 3.641185936468184892e+00 1.868277277502825129e+00 3.641185936468184892e+00 7.153396731848249424e+00 3.030209365877326727e-02 1.868277277502825129e+00 3.030209365877326727e-02 -1.153276407558590932e+01
-4.470270156614929213e+00 2.576120769906188102e+00 -4.600442603639727235e-01 2.576120769906188102e+00 -7.961822363871616126e+00 5.866139066217945341e+00 -4.600442603639727235e-01 5.866139066217945341e+00 -9.932927625629334401e+00
-8.076950954067228849e+00 6.297650647358120635e-01 2.969878325567344213e+00 6.297650647358120635e-01 2.383763908768416595e+00 4.787938754970044286e+00 2.969878325567344213e+00 4.787938754970044286e+00 -7.085342246832452950e+00
-5.463412314061868891e+00 4.263123427665981846e-01 -2.114004725435307541e-01 4.263123427665981846e-01 -5.463960010201389661e-01 -2.762290123700367861e+00 -2.114004725435307541e-01 -2.762290123700367861e+00 5.253555116154461579e+00
-8.144455935189560236e+00 -1.776826245208410926e+00 4.976149107534654448e+00 -1.776826245208410926e+00 2.850522761613098144e+00 -4.694222102078280834e+00 4.976149107534654448e+00 -4.694222102078280834e+00 -6.373546499431708590e+00
-1.007967251231944594e+01 -6.454626835208598923e-01 -9.885369134653770873e-01 -6.454626835208598923e-01 -1.345196883707325952e+01 2.593851830877709763e-01 -9.885369134653770873e-01 2.593851830877709763e-01 -1.542296097362657470e+01
