-3.510647430773018662e+00 -9.541325123644527340e-01 -3.995154505576343773e+00 -9.541325123644527340e-01 -3.686003303803728315e+00 5.492190453805922967e-01 -3.995154505576343773e+00 5.492190453805922967e-01 -3.355898816539717000e+00
-4.166567360242985352e+00 -1.537167808768067134e+00 3.103148426204087595e+00 -1.537167808768067134e+00 -8.323432853288959876e+00 -1.067840603436615687e+00 3.103148426204087595e+00 -1.067840603436615687e+00 -3.035803572599460320e+00
-4.972303655996274330e+00 -1.570189653910656791e+00 7.011405267281661802e-02 -1.570189653910656791e+00 -8.018767585667218256e+00 -3.120236290711831728e+00 7.011405267281661802e-02 -3.120236290711831728e+00 5.894646136039755291e+00
3.751330941774310368e+00 4.661920072983993246e-01 -3.224621962934406394e+00 4.661920072983993246e-01 -2.584809054707600140e+00 -1.984011392056394429e+00 -3.224621962934406394e+00 -1.984011392056394429e+00 1.602285841280216871e+01
-7.858145057306270331e+00 -2.101640592552516118e+00 -3.792375853928702245e-01 -2.101640592552516118e+00 -1.130333405445407458e+01 -1.692163810822420178e+00 -3.792375853928702245e-01 -1.692163810822420178e+00 -1.320193500819685006e+01
-1.634493089898183094e+00 -1.644160823239796398e+00 3.217830365999855280e-01 -1.644160823239796398e+00 -3.174613988164507017e+00 -1.252984299192157369e+00 3.217830365999855280e-01 -1.252984299192157369e+00 2.670966220357265719e+00
-3.005979060276681825e+00 3.133890844961795263e+00 -1.063464517354276495e+00 3.133890844961795263e+00 -4.839342864179213777e+00 9.721765826597179583e-01 -1.063464517354276495e+00 9.721765826597179583e-01 7.107595203035901754e+00
-8.433779996501472809e+00 -1.340886321498935052e+00 4.840292059554391901e-01 -1.340886321498935052e+00 -8.935814094572853250e+00 -4.047752563322101760e-01 4.840292059554391901e-01 -4.047752563322101760e-01 -7.470188151197980631e+00
4.874790007250821233e+00 1.467449055438114547e+00 1.357752801551550093e+00 1.467449055438114547e+00 1.302425299852429674e+01 1.075453284172915636e+00 1.357752801551550093e+00 1.075453284172915636e+00 1.122049266477494456e+01
-7.230610452076173811e-01 -2.039882791756329805e+00 -6.353583375160989366e-01 -2.039882791756329805e+00 -4.023744601411025634e+00 -1.332767693401716080e+00 -6.353583375160989366e-01 -1.332767693401716080e+00 1.947779968612384449e+00
-8.409360729404907531e+00 -1.030898140429844956e+00 2.977303809687554814e-01 -1.030898140429844956e+00 -1.025265003427630717e+01 -9.321191153161462184e-01 2.977303809687554814e-01 -9.321191153161462184e-01 -1.075431994622241305e+01
-2.149798480657128863e+00 -2.018716179465614768e+00 1.443586658035635184e-01 -2.018716179465614768e+00 -4.672882365519253511e+00 -9.376583425853678433e-01 1.443586658035635184e-01 -9.376583425853678433e-01 6.687079930488244450e-01
