-7.739053031295409113e+00 -1.536996499728243482e+00 -1.105961853913825799e+01 -1.536996499728243482e+00 1.596167413975734028e+00 2.386402172675089250e+00 -1.105961853913825799e+01 2.386402172675089250e+00 -3.998477087950858877e+00
3.255042226909565350e+00 2.920682928502531972e+00 4.735331716450129846e+00 2.920682928502531972e+00 8.154500301667191309e+00 5.300874835471464763e+00 4.735331716450129846e+00 5.300874835471464763e+00 1.521635028512464016e+00
-4.966445126130633270e+00 -1.569992224003825765e+00 -3.456191575425068052e+00 -1.569992224003825765e+00 -2.895960375052657909e+00 3.017349943484728403e+00 -3.456191575425068052e+00 3.017349943484728403e+00 1.609474957146519891e+00
1.206642853003037530e+01 2.265853209648116540e-01 4.093252101236335427e-01 2.265853209648116540e-01 2.063216286390498411e+01 6.265347222265273963e-01 4.093252101236335427e-01 6.265347222265273963e-01 1.372537354402027354e+01
-1.067923451010550373e+01 -5.539131563473340125e-02 8.769873042972753385e-01 -5.539131563473340125e-02 -4.469089858646324132e+00 -3.477588714337355391e+00 8.769873042972753385e-01 -3.477588714337355391e+00 -1.140140751442228817e+00
2.146813993094814244e+00 -4.443126059583786258e+00 -3.802000108364422815e+00 -4.443126059583786258e+00 1.276421148197503719e+01 6.044653365762261643e+00 -3.802000108364422815e+00 6.044653365762261643e+00 7.031911573504477708e+00
-1.284077064080811459e+00 -3.855094513686197377e+00 -5.766240904714027060e+00 -3.855094513686197377e+00 -1.163307842025943506e+00 4.507445250602623688e+00 -5.766240904714027060e+00 4.507445250602623688e+00 -1.089318882229191665e+01
9.174084802414482764e-01 -4.412692297028489641e+00 -7.931730162400731032e+00 -4.412692297028489641e+00 -2.629748037919157344e+00 -5.073237968315046587e+00 -7.931730162400731032e+00 -5.073237968315046587e+00 -5.562970310516504924e+00
-9.181172012273297156e+00 -2.648688145818572703e+00 -2.696689434238346283e+00 -2.648688145818572703e+00 -1.169115516581013559e+01 5.099816770106510688e+00 -2.696689434238346283e+00 5.099816770106510688e+00 -5.478201654825729072e+00
1.205386622838533661e+01 4.305398260750139983e+00 4.319226831143380352e+00 4.305398260750139983e+00 1.272361926010549737e+01 5.555531690800935785e+00 4.319226831143380352e+00 5.555531690800935785e+00 1.717939121845211803e+00
-9.326493770895053714e+00 1.437332068525502438e+00 9.729326830777011714e-02 1.437332068525502438e+00 -4.452001697922193912e+00 -4.312598615807092806e+00 9.729326830777011714e-02 -4.312598615807092806e+00 -6.658132380099776704e+00
8.323264073206319225e+00 7.272222289353331703e+00 -9.367483581404204784e+00 7.272222289353331703e+00 9.048464746898342292e-02 -4.923438762779091427e+00 -9.367483581404204784e+00 -4.923438762779091427e+00 6.877418367512249109e-01
-1.476647370418306127e-01 -8.372044391063954150e-01 3.390472905043944718e-01 -8.372044391063954150e-01 -6.783239210257738350e+00 3.976708156786510795e+00 3.390472905043944718e-01 3.976708156786510795e+00 -5.716694754166468329e+00
-5.162429741212839041e+00 1.598095017284488328e+00 2.529067652027435109e+00 1.598095017284488328e+00 5.684187123275945552e+00 9.565138009900080451e-01 2.529067652027435109e+00 9.565138009900080451e-01 -3.038536294670637794e+00
2.757460157729970884e+00 2.866363772938761656e+00 -4.044900929955004720e+00 2.866363772938761656e+00 5.304220805175487996e+00 -3.058358135880683282e+00 -4.044900929955004720e+00 -3.058358135880683282e+00 -8.219909022309026980e+00
-6.836273527710489795e+00 -1.008285360047478640e+01 -4.255001642178080634e-01 -1.008285360047478640e+01 -2.528383876476713255e+00 -2.897744902968609093e+00 -4.255001642178080634e-01 -2.897744902968609093e+00 -8.859119323830544346e+00
2.808960223607639417e-01 -2.457452272601468035e+00 3.836866926567231939e+00 -2.457452272601468035e+00 2.455615845961695243e+00 -4.232239428790001590e+00 3.836866926567231939e+00 -4.232239428790001590e+00 9.134880528787913789e+00
-5.568517278682309168e+00 -9.184428551069968805e+00 2.748165642842528289e+00 -9.184428551069968805e+00 -1.376987212744771316e+00 -4.283809426037255008e+00 2.748165642842528289e+00 -4.283809426037255008e+00 -1.410524295167263631e+01
-9.825598634013098520e-01 8.272574871815216113e+00 -3.421005162292147239e-01 8.272574871815216113e+00 1.060339744478237023e+01 -2.455340477592221404e+00 -3.421005162292147239e-01 -2.455340477592221404e+00 -4.754401546732711203e+00
-5.322038974027675451e+00 4.462369954246282688e+00 1.241696180945016437e+00 4.462369954246282688e+00 1.085278531980011962e+01 -8.881923141748279127e-01 1.241696180945016437e+00 -8.881923141748279127e-01 -9.029723135695181924e+00
-2.606594975576539852e+00 7.189620319658577507e+00 4.278777245336421231e+00 7.189620319658577507e+00 -9.801523039498746925e+00 -2.545771188456863232e+00 4.278777245336421231e+00 -2.545771188456863232e+00 -1.588832429762766196e+01
1.320820733722703144e+00 -3.969222958035836246e+00 -1.878951040022095231e+00 -3.969222958035836246e+00 4.182524837212620916e+00 8.068538288755480181e+00 -1.878951040022095231e+00 8.068538288755480181e+00 2.436651342300121037e+00
4.822785158715067411e+01 1.995177923779968499e+00 2.251548725904052084e+00 1.995177923779968499e+00 4.901561275781516258e+01 2.796069078487520176e+00 2.251548725904052084e+00 2.796069078487520176e+00 4.103323259424786329e+01
4.636519382120299326e+01 -1.168322412356859852e+00 -2.058117897765425308e+00 -1.168322412356859852e+00 4.884558677584191599e+01 -8.929882986102878617e-02 -2.058117897765425308e+00 -8.929882986102878617e-02 3.603195423918830897e+01
3.657199398942289070e-01 -2.572695408700765629e+00 -6.412837341249151279e-01 -2.572695408700765629e+00 9.689280104526616810e+00 -3.028207540169961298e+00 -6.412837341249151279e-01 -3.028207540169961298e+00 -4.561473661515710099e+00
-7.076537725669060919e+00 2.704290310433573374e+00 7.159112315623185729e+00 2.704290310433573374e+00 2.856551490509353197e+00 4.980275643511298256e+00 7.159112315623185729e+00 4.980275643511298256e+00 1.144747209432248347e+01
-1.104327436133194507e+00 -4.559945758542607308e+00 -3.820727292247838136e+00 -4.559945758542607308e+00 8.660487870128818599e+00 1.495946412844025186e+00 -3.820727292247838136e+00 1.495946412844025186e+00 1.272011214542985602e+00
4.791966067658711026e+00 -4.116721503169407548e+00 -1.385755229369345143e+00 -4.116721503169407548e+00 -2.648273798453083749e+00 6.862009215698596343e+00 -1.385755229369345143e+00 6.862009215698596343e+00 -1.498736047855017617e+01
1.096694186840421859e+00 -4.775684315032923344e+00 7.047765910196206463e-01 -4.775684315032923344e+00 -2.415792418905281291e+00 -3.506285102662990649e+00 7.047765910196206463e-01 -3.506285102662990649e+00 1.835796532398023651e+00
1.576340825830288672e+00 -8.957215904936873585e+00 -4.303402019148953705e+00 -8.957215904936873585e+00 7.817267956073886692e-01 2.657676111861964952e+00 -4.303402019148953705e+00 2.657676111861964952e+00 -1.760826858469137557e+00
-1.593366886767710788e+01 2.776741446917121645e-02 -2.301094239701534594e+00 2.776741446917121645e-02 -8.136390104549400704e+00 -5.421981962832651547e-01 -2.301094239701534594e+00 -5.421981962832651547e-01 -1.094211528383283749e+01
-4.474164501021813400e+00 -3.984362579389264081e+00 3.421375464663571009e+00 -3.984362579389264081e+00 -2.477171143203681591e+00 -2.276824067260203144e+00 3.421375464663571009e+00 -2.276824067260203144e+00 -1.576954493228915766e+01
-7.536153555966170536e+00 2.989166579707666749e+00 5.351613667503293925e+00 2.989166579707666749e+00 -9.240125179470913899e-03 4.935432306445407313e+00 5.351613667503293925e+00 4.935432306445407313e+00 6.037106756848308109e+00
