4.015480661768680903e+00 2.856653891342682883e+00 3.924034745819504177e+00 2.856653891342682883e+00 -7.549125638409260652e+00 -1.761633943098840360e-01 3.924034745819504177e+00 -1.761633943098840360e-01 2.233776934391606961e+00
4.069075095641171202e+00 4.281619879560618624e-01 -1.760729295189999322e+00 4.281619879560618624e-01 -6.029803109019089113e+00 -2.192738463101256696e-01 -1.760729295189999322e+00 -2.192738463101256696e-01 -4.290690033613762999e+00
8.262011304872890705e+00 -2.186754133279613210e+00 1.024874955654660136e+00 -2.186754133279613210e+00 1.250947806382824723e+01 6.891001465872940157e-01 1.024874955654660136e+00 6.891001465872940157e-01 1.902415565182201362e+01
-3.679641137790559124e+00 -5.940322934919781694e-01 7.208089321377180170e-01 -5.940322934919781694e-01 -1.212049665200872717e+01 -2.064337436530160552e+00 7.208089321377180170e-01 -2.064337436530160552e+00 1.209848355646833440e+01
2.365932101970744661e+00 -3.186047539887272295e-01 -3.094262637678665051e+00 -3.186047539887272295e-01 -5.331257745590129105e+00 3.336435405151491285e+00 -3.094262637678665051e+00 3.336435405151491285e+00 7.832563936165598761e+00
-7.334934306584955266e+00 -1.035414735701916333e+00 -1.064976440503106359e+00 -1.035414735701916333e+00 -4.861612857258451825e+00 -5.536059376959294731e-01 -1.064976440503106359e+00 -5.536059376959294731e-01 1.028718314629432751e+00
-4.767388203839586502e-01 8.272142189014504432e-02 -2.479129237244475925e-01 8.272142189014504432e-02 -2.121297598557811970e+00 -6.602368427759255809e+00 -2.479129237244475925e-01 -6.602368427759255809e+00 1.235839970355984185e+01
-1.833222612865124945e-01 1.874084412122409393e+00 4.099270064161873783e+00 1.874084412122409393e+00 -1.509680897119899079e+01 -1.508080464680096127e-04 4.099270064161873783e+00 -1.508080464680096127e-04 1.327721222439902649e+00
2.419760193403805459e+01 -1.132798475896488188e+00 2.447715400780217099e+00 -1.132798475896488188e+00 1.947699533960718554e+01 3.129436806153272244e+00 2.447715400780217099e+00 3.129436806153272244e+00 2.550021979639442549e+01
8.654529353658644286e-01 9.358619288907071843e-01 2.349670171690506404e+00 9.358619288907071843e-01 -8.863836840388220617e-01 -3.802867836429842274e+00 2.349670171690506404e+00 -3.802867836429842274e+00 1.135438316560856187e+01
1.855955010522908211e+01 -9.111828443234679664e-01 -5.319286840842315733e+00 -9.111828443234679664e-01 1.123231953810045525e+01 3.983321327163841019e+00 -5.319286840842315733e+00 3.983321327163841019e+00 3.316565761177857752e+01
6.533163467118245471e+00 1.519018432223891102e+00 2.635964660915785629e+00 1.519018432223891102e+00 -1.776996053088664151e+00 2.910820021827222881e+00 2.635964660915785629e+00 2.910820021827222881e+00 9.748136735604422398e+00
2.618076673732290249e+00 1.265436976413087278e+00 -1.292996001778808912e+00 1.265436976413087278e+00 1.253337326454536793e+01 8.078764965974184475e-01 -1.292996001778808912e+00 8.078764965974184475e-01 2.127187087843772773e+01
9.975643645688466066e+00 1.369435096630228665e+00 7.956169456915854199e-02 1.369435096630228665e+00 -2.794877556891352643e+00 7.636621086418925453e-01 7.956169456915854199e-02 7.636621086418925453e-01 1.311589795019299132e+01
6.352054450804235586e+00 1.860370081484033378e+00 4.563509826419733351e+00 1.860370081484033378e+00 -2.689651439217101370e+00 -4.480864655685333986e+00 4.563509826419733351e+00 -4.480864655685333986e+00 1.613912639322109044e+01
2.085010242682107773e+01 -2.611832448328563760e-01 -7.492459231339787529e+00 -2.611832448328563760e-01 1.077156461411182953e+01 3.103543774970732194e+00 -7.492459231339787529e+00 3.103543774970732194e+00 2.502020929583130382e+01
-1.259755002507908728e+00 2.717617867328564474e-01 -1.062278815755357098e+00 2.717617867328564474e-01 -6.014690011369198785e+00 -2.887969406835109609e+00 -1.062278815755357098e+00 -2.887969406835109609e+00 5.756426133975246273e+00
-1.643664184317479959e+00 7.898877272779073477e-01 -2.520967158848182343e+00 7.898877272779073477e-01 -1.200505338380546050e+01 -3.489725755664619289e+00 -2.520967158848182343e+00 -3.489725755664619289e+00 7.244731129002038195e+00
4.861669371077577573e+00 -8.273329429235008747e-02 1.237560990925780535e+00 -8.273329429235008747e-02 -8.333243311696083566e+00 1.523353729119532485e+00 1.237560990925780535e+00 1.523353729119532485e+00 1.221957959558067408e+01
3.463164632042379765e+01 -3.657102877578975342e+00 -2.149987773140317859e+00 -3.657102877578975342e+00 2.137489239024396426e+01 4.319035413572480664e+00 -2.149987773140317859e+00 4.319035413572480664e+00 3.382209798963545921e+01
1.113093461419666141e+01 -3.562356967604715763e+00 1.175679439961637041e+00 -3.562356967604715763e+00 -1.710614753078850137e-01 3.490046643673161975e-01 1.175679439961637041e+00 3.490046643673161975e-01 8.750272708492888185e+00
1.110239059713849646e-01 9.509030554149162651e-01 -6.997818217128012108e+00 9.509030554149162651e-01 1.804417254286078409e-01 -1.256247540844720678e+00 -6.997818217128012108e+00 -1.256247540844720678e+00 9.732953999224616126e+00
5.929603391732102935e+00 1.396530754239372785e+00 1.453831803960075053e+00 1.396530754239372785e+00 3.441728085799942161e-01 1.741772346082026135e-01 1.453831803960075053e+00 1.741772346082026135e-01 9.235587393873020190e+00
-4.924023805121146680e+00 2.128191024795518249e-01 5.873869560830508263e+00 2.128191024795518249e-01 -1.207385458449380167e+01 -8.168436793803506013e-02 5.873869560830508263e+00 -8.168436793803506013e-02 -1.926696955748292472e+00
4.211677843398923926e+00 -2.403134451917990355e-01 3.927046138702780631e+00 -2.403134451917990355e-01 -6.604056764323693152e+00 -2.523934967426282316e+00 3.927046138702780631e+00 -2.523934967426282316e+00 -1.320912581391733509e+00
3.790434305861122510e+00 -4.772318554047447314e+00 3.114113413145196851e+00 -4.772318554047447314e+00 -2.265539027975033370e+00 -1.115744056810812568e+00 3.114113413145196851e+00 -1.115744056810812568e+00 -2.262201952482687239e-01
-5.583656232046219081e+00 8.673241136468864410e-01 1.927922465012228415e-01 8.673241136468864410e-01 -1.845373341643207254e+01 9.731982196164282728e-01 1.927922465012228415e-01 9.731982196164282728e-01 -1.085681259117981590e+01
3.113342342079748448e+01 -2.222508464693026653e+00 -8.452541942260856089e-01 -2.222508464693026653e+00 1.578193071640702350e+01 3.387795704263033780e+00 -8.452541942260856089e-01 3.387795704263033780e+00 2.833356835096917692e+01
1.264972030573256134e+00 1.418015423437049449e+00 -2.150370198219553330e+00 1.418015423437049449e+00 8.032584187877104043e+00 -1.148150530252736168e+00 -2.150370198219553330e+00 -1.148150530252736168e+00 6.429916140586893647e+00
1.892822440014024998e+00 -9.637997928061090569e-01 1.830975563929275074e+00 -9.637997928061090569e-01 6.323511548282804151e-01 -2.563294739181318338e+00 1.830975563929275074e+00 -2.563294739181318338e+00 1.231593632978111330e+01
