-1.881879309372884990e+01 1.835795377250249716e-01 6.847937540714565952e-01 1.835795377250249716e-01 -1.363737600118717808e+01 -1.088018250386498131e+00 6.847937540714565952e-01 -1.088018250386498131e+00 -1.193252155985274499e+01
2.397412743430703319e+00 -5.367878140021913047e-02 7.872228319674491326e-01 -5.367878140021913047e-02 3.366946155330702517e+00 1.326230010286834349e-01 7.872228319674491326e-01 1.326230010286834349e-01 -4.613355160085984008e-01
-5.668590436856772108e+00 1.145697460879687851e-01 5.552464831110846127e-02 1.145697460879687851e-01 -4.354810906293812067e+00 1.593823826984144543e-01 5.552464831110846127e-02 1.593823826984144543e-01 -4.798747042504499127e+00
-2.179908472655798679e+00 -1.160900432159676227e-01 1.361677577391135818e+00 -1.160900432159676227e-01 -2.327910115113852374e+00 -2.422568699509967116e-01 1.361677577391135818e+00 -2.422568699509967116e-01 -1.009298918579067061e+00
7.296395482376057728e+00 1.418439153952712369e-02 -3.956643701249973333e-02 1.418439153952712369e-02 1.034609638302907797e+01 2.392699228929616950e+00 -3.956643701249973333e-02 2.392699228929616950e+00 3.791374568468472539e+00
-6.187440566527134145e+00 -2.947090923274441332e-01 1.171033054906610860e-01 -2.947090923274441332e-01 -9.379665161115731564e+00 -3.718571462008328221e-01 1.171033054906610860e-01 -3.718571462008328221e-01 4.351293374133154757e+00
-3.735567358687377215e+00 4.219206636134052446e-01 2.538562214295724928e+00 4.219206636134052446e-01 -8.008516417547202337e+00 1.040552722845921707e+00 2.538562214295724928e+00 1.040552722845921707e+00 5.237999667007214200e+00
-1.954648420631978079e+00 -1.414977678604737166e-01 -1.128196134625064850e+00 -1.414977678604737166e-01 -2.348490201350764472e+00 -6.110597137537530088e-01 -1.128196134625064850e+00 -6.110597137537530088e-01 -2.360110722699543029e+00
-1.627613379781779201e+01 3.669289127413664919e-02 5.428826144940494597e-04 3.669289127413664919e-02 -1.826944590779508459e+01 -1.458579762307313579e-02 5.428826144940494597e-04 -1.458579762307313579e-02 -5.993664759542415510e+00
-1.444353098637568422e+01 3.313560418065132906e-01 1.135468446473153037e+00 3.313560418065132906e-01 -1.298534558194604926e+01 3.974090704495934490e-01 1.135468446473153037e+00 3.974090704495934490e-01 -8.880592138270550606e+00
1.364087846540487448e+01 -8.728311583254481920e-02 -5.219749052932335376e-01 -8.728311583254481920e-02 1.506925777279574596e+01 3.540497360769054302e-01 -5.219749052932335376e-01 3.540497360769054302e-01 1.349526295654212937e+01
-7.676578454956382913e+00 2.507773362563938124e-01 -4.278851754215645675e-02 2.507773362563938124e-01 -8.874622550222341033e+00 5.111560463388526571e-02 -4.278851754215645675e-02 5.111560463388526571e-02 -5.770184898064082191e+00
6.525582368312988102e+00 -1.252695262702701873e-01 5.188164763793798873e-01 -1.252695262702701873e-01 9.219474881214450690e+00 2.175130537867734914e-01 5.188164763793798873e-01 2.175130537867734914e-01 8.520631376587943784e-01
-8.542289866442056123e+00 -5.991963012854800708e-01 -4.511065151139938556e-01 -5.991963012854800708e-01 -1.186196544237851391e+01 1.345813437403595436e-01 -4.511065151139938556e-01 1.345813437403595436e-01 9.484804025013344742e+00
-8.355161777583614224e+00 4.335636345191340446e-02 -1.967475436416066703e+00 4.335636345191340446e-02 -9.556977207844600031e+00 -1.657604192075205152e+00 -1.967475436416066703e+00 -1.657604192075205152e+00 -2.461656705782661048e-01
-4.347019626694041960e+00 -8.970426123013675035e-01 -2.225162201298616971e+00 -8.970426123013675035e-01 -2.437162468957450034e+00 9.568746002473051959e-01 -2.225162201298616971e+00 9.568746002473051959e-01 -2.600828839088070055e+00
-4.058035069467893052e+00 4.036921106962772232e-02 3.975677767444877331e-01 4.036921106962772232e-02 -1.080972780372442266e+00 4.192641933876803950e-01 3.975677767444877331e-01 4.192641933876803950e-01 -3.032731628167013582e+00
-3.379073006289347703e+00 2.918355290327530674e-02 8.025199313270590107e-01 2.918355290327530674e-02 -2.566674250026363069e+00 -4.351212190852324913e-01 8.025199313270590107e-01 -4.351212190852324913e-01 -2.504190255021817357e+00
-8.641175327077469603e+00 -1.074281426711624562e-02 2.871523303332546018e-02 -1.074281426711624562e-02 -1.166937077522973887e+01 9.793042695666779457e-03 2.871523303332546018e-02 9.793042695666779457e-03 3.279405303568954544e+00
-7.038048731563837812e+00 4.512692222983088475e-01 -4.850696233019348713e-01 4.512692222983088475e-01 -4.030563485731097906e+00 -1.416927118730835211e+00 -4.850696233019348713e-01 -1.416927118730835211e+00 -9.360525202037662140e+00
-1.437716727014461782e+01 -2.545659695259658295e-01 -9.353498495625535425e-02 -2.545659695259658295e-01 -1.416960864672242515e+01 -1.920438601395321854e+00 -9.353498495625535425e-02 -1.920438601395321854e+00 -7.687988617586700713e+00
-1.242317894346056839e+01 4.328019785730449209e-01 4.803063064262573789e-01 4.328019785730449209e-01 -6.183881018672154894e+00 -1.159869983176140096e+00 4.803063064262573789e-01 -1.159869983176140096e+00 -7.538796867671303303e+00
-9.853789560527282276e+00 1.428070657689000655e-01 1.097096447424934507e-01 1.428070657689000655e-01 -1.272960125230970618e+01 -2.735200327066673043e-01 1.097096447424934507e-01 -2.735200327066673043e-01 5.786732421616716415e+00
-5.491390387508793935e+00 -1.968866358120267002e-01 6.835028971494470085e-01 -1.968866358120267002e-01 -8.309604042231219623e+00 3.405153917842064781e-01 6.835028971494470085e-01 3.405153917842064781e-01 3.016397889393021448e+00
-6.353490789668463812e+00 -1.053324131948050850e-02 -3.568532091741221657e-01 -1.053324131948050850e-02 -3.569850128081962115e+00 -9.124284148527668503e-02 -3.568532091741221657e-01 -9.124284148527668503e-02 -7.305275611807100944e+00
-6.567742953491835678e+00 -1.726375053806263396e-02 5.402190695651435393e-01 -1.726375053806263396e-02 -9.736558268920031622e+00 -4.091174078981134055e-01 5.402190695651435393e-01 -4.091174078981134055e-01 4.292041989458938112e+00
-1.350214312332289390e+00 -1.025700880403579845e-01 5.156900313280803339e-01 -1.025700880403579845e-01 -1.206851018754644844e+00 5.018932242843110458e-01 5.156900313280803339e-01 5.018932242843110458e-01 -2.348670893429739337e+00
-7.651702400074521293e+00 2.485862734612531710e-01 1.942519059773226697e+00 2.485862734612531710e-01 -4.342282918571347849e+00 -2.801080734222933799e-01 1.942519059773226697e+00 -2.801080734222933799e-01 -5.648643553840983600e+00
-8.615183944448581599e+00 1.742408020503757871e-02 -7.511193786646634951e-01 1.742408020503757871e-02 -3.602333659214508543e+00 -1.163331222948161381e+00 -7.511193786646634951e-01 -1.163331222948161381e+00 -7.557056669013038963e+00
-1.395604188586142769e+01 9.807995306615578668e-02 -3.758554132639542744e-01 9.807995306615578668e-02 -1.486890134156517540e+01 -2.546118865891517924e-01 -3.758554132639542744e-01 -2.546118865891517924e-01 -1.080545947463887480e+01
-6.523938244385809604e+00 1.093860174356707099e-01 1.116103990228928922e+00 1.093860174356707099e-01 -1.938892638426355841e+00 -1.669156395235556589e+00 1.116103990228928922e+00 -1.669156395235556589e+00 -6.279875768420283499e+00
-5.176652850334260592e+00 9.937206664987546789e-01 7.870107644037456218e-01 9.937206664987546789e-01 -6.335269875785193960e+00 1.126221250720105677e-01 7.870107644037456218e-01 1.126221250720105677e-01 -1.902139727030002891e+00
8.753426266418502522e+00 1.811129983129631735e-02 -1.857938645998939431e-01 1.811129983129631735e-02 8.702795797982552983e+00 2.296637957374714656e+00 -1.857938645998939431e-01 2.296637957374714656e+00 6.467019248724398928e+00
-9.177726418322613711e+00 -3.341635105987740637e-03 9.795539905790144608e-02 -3.341635105987740637e-03 -9.792000578530938526e+00 -2.369840000991967344e-01 9.795539905790144608e-02 -2.369840000991967344e-01 -5.020936415793314289e+00
3.393148411043405588e+00 -8.521467063887944171e-02 3.031293993431103395e+00 -8.521467063887944171e-02 8.662765435914554502e+00 9.958649381623654318e-01 3.031293993431103395e+00 9.958649381623654318e-01 5.812005333245144456e+00
-5.747662036088107662e+00 4.401665206070449338e-02 5.017769027233250426e-03 4.401665206070449338e-02 -7.642130036165797335e+00 -3.943884455408660367e-02 5.017769027233250426e-03 -3.943884455408660367e-02 -9.988687671751509400e-01
8.288781454913054514e-01 1.161583573324251502e-02 1.259008715498821873e+00 1.161583573324251502e-02 -2.581118049088990674e+00 -1.002626762407847094e+00 1.259008715498821873e+00 -1.002626762407847094e+00 2.786922926150506186e+00
-9.337468348133562301e+00 -6.967891156681352283e-02 -5.370130247620469310e-01 -6.967891156681352283e-02 -9.587672094462851291e+00 -5.321362286061327440e-01 -5.370130247620469310e-01 -5.321362286061327440e-01 -6.961959262569417994e+00
-5.294931722185081568e+00 -6.634890571374404966e-02 3.316165653947303893e-01 -6.634890571374404966e-02 -7.204326695629296395e+00 -3.039125382259250108e-01 3.316165653947303893e-01 -3.039125382259250108e-01 1.934185956593368338e+00
-1.354325667690186918e+01 -1.152906329488707499e-01 2.903142380608447759e-01 -1.152906329488707499e-01 -6.498459506335628966e+00 -1.524443993403597375e+00 2.903142380608447759e-01 -1.524443993403597375e+00 -7.750823216427507489e+00
-7.291873834487732076e+00 -1.237272803342563815e-01 -6.131562084055099948e-01 -1.237272803342563815e-01 -1.036932134419356188e+01 -1.520063678862119960e-01 -6.131562084055099948e-01 -1.520063678862119960e-01 2.074115160616739839e+00
5.690132233417007690e+00 1.146340479562322490e-01 -3.360210911861596372e-01 1.146340479562322490e-01 9.418839783964431334e+00 7.212880895910819268e-01 -3.360210911861596372e-01 7.212880895910819268e-01 5.775886705551520173e+00
-9.134560877560737424e+00 -1.105930524905898021e-01 3.206377393662305231e-01 -1.105930524905898021e-01 -1.180270319087673414e+01 9.040539063853654522e-02 3.206377393662305231e-01 9.040539063853654522e-02 2.127516452327335550e+00
-4.536510528884990734e+00 7.367549020434566165e-02 4.286658868745171214e-01 7.367549020434566165e-02 -3.954530519304676250e+00 -1.621304351568040314e-01 4.286658868745171214e-01 -1.621304351568040314e-01 -1.108430757836906366e+00
-7.904771283704891793e+00 2.402958343691182497e-01 -1.510162974018541382e+00 2.402958343691182497e-01 -6.098961196424861342e+00 -7.033192121399757246e-01 -1.510162974018541382e+00 -7.033192121399757246e-01 -8.657445114883563164e+00
-1.565949778899696376e+01 -3.583389394447492604e-01 -3.384433192502614429e-01 -3.583389394447492604e-01 -1.508907595880559960e+01 9.122390513795258782e-01 -3.384433192502614429e-01 9.122390513795258782e-01 -8.747435594864441555e+00
-6.114553773284495009e+00 -7.081303102227585189e-01 1.303145661424904622e+00 -7.081303102227585189e-01 -1.002024601143794591e+01 8.789497987485495045e-01 1.303145661424904622e+00 8.789497987485495045e-01 -1.040436954669302194e+00
-1.298023369464783805e+01 -4.509630509723330967e-03 -1.275119675515197330e-02 -4.509630509723330967e-03 -1.465491529288089012e+01 1.690495280404521738e-01 -1.275119675515197330e-02 1.690495280404521738e-01 -6.384089738716710372e+00
-8.470258366019431051e+00 -4.910119846005567834e-01 -3.269066186161113663e-01 -4.910119846005567834e-01 -7.336338459417290458e+00 -8.810860392719577217e-01 -3.269066186161113663e-01 -8.810860392719577217e-01 2.768113664065391610e+00
-5.139120329890067396e+00 6.779251597379221117e-02 -2.530261423126716758e-01 6.779251597379221117e-02 -4.347809045999474264e+00 -4.733464649323215201e-01 -2.530261423126716758e-01 -4.733464649323215201e-01 -4.534052849361342119e+00
-1.315983290876080680e+01 -2.020636002200973738e-02 1.477993459103758844e-01 -2.020636002200973738e-02 -1.657792174741476643e+01 2.946423323524916676e-02 1.477993459103758844e-01 2.946423323524916676e-02 3.225925910633967941e+00
-8.278869243571493897e+00 -2.284170317597858935e-01 1.050180062444705964e+00 -2.284170317597858935e-01 -6.315032726905339899e+00 -1.590611511209949036e+00 1.050180062444705964e+00 -1.590611511209949036e+00 -8.480537179808941062e+00
-1.135336618014389565e+01 7.052148422646276060e-01 1.707334893088737093e+00 7.052148422646276060e-01 -1.308185121031625187e+01 -1.837337830200694633e+00 1.707334893088737093e+00 -1.837337830200694633e+00 -8.345831807594425555e+00
-9.726147069933325895e+00 -1.914459387136955015e-01 -1.727210705065555518e-01 -1.914459387136955015e-01 -1.011695301994788920e+01 -2.788403893872453132e-01 -1.727210705065555518e-01 -2.788403893872453132e-01 -6.920487787642545463e+00
-1.071133301351961364e+01 -1.083025040562138663e+00 -4.690791166588926808e-01 -1.083025040562138663e+00 -1.274023251026486392e+01 -1.770255537048515959e-01 -4.690791166588926808e-01 -1.770255537048515959e-01 -3.748512923696647015e+00
-6.174665980305988455e+00 -2.132693759645297449e-01 6.135413212667432115e-01 -2.132693759645297449e-01 -7.026097176538579347e+00 7.076820482173394877e-01 6.135413212667432115e-01 7.076820482173394877e-01 -4.138828409039602363e+00
-1.306904494464979827e+01 2.998763642407977215e-01 1.119815967656580424e+00 2.998763642407977215e-01 -1.275919230238627122e+01 -1.660180552516544727e+00 1.119815967656580424e+00 -1.660180552516544727e+00 -8.195528046488773199e+00
-1.143410976241780297e+01 -2.279164476815226659e-01 -5.458810825712809844e-01 -2.279164476815226659e-01 -1.171750574129407951e+01 1.960000573797241019e+00 -5.458810825712809844e-01 1.960000573797241019e+00 -3.248510108855628520e+00
-1.014008263775729013e+01 -1.190704662288373794e-01 -3.789905641189901253e-01 -1.190704662288373794e-01 -9.720070850937210238e+00 1.301117185486747374e+00 -3.789905641189901253e-01 1.301117185486747374e+00 -1.009986234849204934e+01
-1.137759849341164120e+01 -7.132314713863889821e-01 1.433435132185765015e+00 -7.132314713863889821e-01 -1.296978241369674123e+01 -7.912428810395329970e-01 1.433435132185765015e+00 -7.912428810395329970e-01 3.511785102215532195e+00
-1.094706967804773612e+01 9.043784639897173294e-02 6.721776164251209995e-02 9.043784639897173294e-02 -1.482252169193788660e+01 6.762605891745102071e-02 6.721776164251209995e-02 6.762605891745102071e-02 4.225907782464625839e+00
-1.743718581140181456e+01 -1.431070696029427408e-02 2.709073745168207314e-01 -1.431070696029427408e-02 -1.070649036367615992e+01 7.464741207328498551e-02 2.709073745168207314e-01 7.464741207328498551e-02 -9.969824362415387498e+00
-4.758115854461212102e+00 -8.549311449301411070e-02 -5.068263631811530390e-01 -8.549311449301411070e-02 -3.560368224117869573e+00 1.327550166292065237e+00 -5.068263631811530390e-01 1.327550166292065237e+00 -2.899577525081914242e+00
-8.043279947154934106e+00 1.664250230459501934e-01 -1.223267982173324775e+00 1.664250230459501934e-01 -1.089800741441425913e+01 3.067124269502450318e-01 -1.223267982173324775e+00 3.067124269502450318e-01 -3.476927076424402241e+00
-8.894088791713004483e+00 -1.813785775118941235e-01 2.290383296379251438e-03 -1.813785775118941235e-01 -9.650549124552092906e+00 -2.085170347449491479e-01 2.290383296379251438e-03 -2.085170347449491479e-01 -4.555304902884721230e+00
-4.246039969156114147e+00 7.409821283733372677e-02 -4.664479500536147794e-01 7.409821283733372677e-02 5.488921356218360303e-01 -9.931471377258377364e-01 -4.664479500536147794e-01 -9.931471377258377364e-01 -5.584651153145088642e+00
-6.717151150608832388e+00 -5.055757102615414667e-01 1.008527420629520277e+00 -5.055757102615414667e-01 -8.337953623325690344e+00 6.966246640504761833e-01 1.008527420629520277e+00 6.966246640504761833e-01 -7.854601489085768939e+00
-1.676895476885981617e+00 1.067433247661421669e+00 3.262953318305946704e-01 1.067433247661421669e+00 -4.178854896986013756e+00 -4.645050167122043161e-02 3.262953318305946704e-01 -4.645050167122043161e-02 1.711765944462063871e+00
-1.264564119264505138e+01 -8.075832831079061691e-01 1.529219286204064776e+00 -8.075832831079061691e-01 -1.487113059008177274e+01 1.551373688042352983e+00 1.529219286204064776e+00 1.551373688042352983e+00 -5.028397160615045713e+00
4.155407162068095239e+00 4.123112622343356182e-01 4.862085528989486538e-01 4.123112622343356182e-01 5.065174511863924423e+00 -8.168002707868627921e-01 4.862085528989486538e-01 -8.168002707868627921e-01 -1.146458190224872498e+00
-1.425838160331831972e+01 -7.962816164990563772e-01 -1.084592640131345265e+00 -7.962816164990563772e-01 -1.383120509449144997e+01 1.802481523277199127e+00 -1.084592640131345265e+00 1.802481523277199127e+00 -8.173528808489189501e+00
-1.129615924404897420e+01 -1.019929392208905258e-02 2.087214884240150628e-02 -1.019929392208905258e-02 -1.195510998530374636e+01 -8.945588118158056545e-01 2.087214884240150628e-02 -8.945588118158056545e-01 -5.416181808006802489e-01
-9.945002670175560056e+00 7.649806578841078508e-01 -3.084798505320559325e+00 7.649806578841078508e-01 -1.189180514796188248e+01 2.242942926854090691e-01 -3.084798505320559325e+00 2.242942926854090691e-01 -7.786693032322396846e+00
-1.661936871969091456e+01 1.444569661761211932e-01 -6.344048438754920638e-02 1.444569661761211932e-01 -1.557751574805324246e+01 7.494822526155773268e-01 -6.344048438754920638e-02 7.494822526155773268e-01 -7.963280748160433298e+00
-1.620502135615994987e+01 9.686360658744804786e-01 2.004891951299759167e+00 9.686360658744804786e-01 -6.977945353938528328e+00 -2.807778524776490592e+00 2.004891951299759167e+00 -2.807778524776490592e+00 -8.727146058822084385e+00
-1.174162986215445592e+01 -1.438923527735891106e-01 -6.801099111711376155e-01 -1.438923527735891106e-01 -1.250989291866509134e+01 -3.270374451755376777e-01 -6.801099111711376155e-01 -3.270374451755376777e-01 -6.102159699796384729e+00
-5.833385147995531206e+00 1.746820698374406122e-01 -5.216792480698714263e-01 1.746820698374406122e-01 -7.867533834715040975e+00 1.798181080906457174e-01 -5.216792480698714263e-01 1.798181080906457174e-01 -3.897784688047837953e+00
-1.454756549041564284e+01 2.121057012285683108e-01 1.554629397537792723e+00 2.121057012285683108e-01 -1.487022486154789647e+01 -1.220565203010061994e+00 1.554629397537792723e+00 -1.220565203010061994e+00 -1.158440814602198010e+01
-6.043646431416903608e-01 1.906522093837521026e-01 -2.868050491519147371e-01 1.906522093837521026e-01 3.347205853757518668e+00 5.222632564737997862e-01 -2.868050491519147371e-01 5.222632564737997862e-01 1.076206189551808023e+00
-2.430455372496790556e+00 -8.788059154892073621e-02 -1.240164509779670077e+00 -8.788059154892073621e-02 -4.582662350398152284e+00 -3.574989991455624350e-01 -1.240164509779670077e+00 -3.574989991455624350e-01 8.110723729604377041e+00
-1.501004611713337056e+01 3.666843704469393561e-01 4.999322788704485543e-01 3.666843704469393561e-01 -1.015375277162262435e+01 -3.062973476144555729e+00 4.999322788704485543e-01 -3.062973476144555729e+00 -1.178340612266591059e+01
-8.640878261621864453e+00 1.973434525384594115e-02 -2.700591472763134715e-01 1.973434525384594115e-02 -1.166392602534909173e+01 3.880434095602345451e-02 -2.700591472763134715e-01 3.880434095602345451e-02 2.738642884227266983e+00
-4.983711466571085325e+00 3.367406993596001041e-01 3.780798711360639497e-01 3.367406993596001041e-01 -3.475840289330279553e+00 1.324892893295541718e+00 3.780798711360639497e-01 1.324892893295541718e+00 -1.870164908341290344e+00
-1.549010414126425417e+01 -5.723635147480875957e-02 1.503791673202508616e-01 -5.723635147480875957e-02 -1.727236002424218242e+01 1.689986167108808168e-01 1.503791673202508616e-01 1.689986167108808168e-01 -4.849355848228062094e+00
-6.284351478223351606e+00 6.013704709782203423e-02 5.847852937548205787e-01 6.013704709782203423e-02 -8.158841190012363853e+00 2.230392747054035230e-01 5.847852937548205787e-01 2.230392747054035230e-01 -1.102795061235653407e+00
-1.148952724554751015e+01 1.751925353348157254e-03 -1.156033986540412478e-01 1.751925353348157254e-03 -1.062887193209592773e+01 2.234770185531071984e-01 -1.156033986540412478e-01 2.234770185531071984e-01 -4.276520811523663923e+00
-2.952828800086210848e+00 -6.474711321330780534e-01 8.518112557150352426e-01 -6.474711321330780534e-01 -7.087320919897022620e+00 -2.427363016603412416e-01 8.518112557150352426e-01 -2.427363016603412416e-01 4.652205329815619073e-01
4.513243273144556866e+00 -3.416274732595249441e-02 7.514950647942031381e-02 -3.416274732595249441e-02 8.161400244997574660e+00 2.947375474849357468e-01 7.514950647942031381e-02 2.947375474849357468e-01 3.385569728527742850e+00
-9.378560527109613076e+00 1.362209071709023223e-01 -7.945170845328646259e-01 1.362209071709023223e-01 -1.157289610031102178e+01 2.553986427200035658e-01 -7.945170845328646259e-01 2.553986427200035658e-01 1.605088529026340582e+00
-8.419098887699449918e+00 8.358934875095069481e-03 6.920574345994483234e-02 8.358934875095069481e-03 -1.181667987343838178e+01 -3.488166040019886893e-02 6.920574345994483234e-02 -3.488166040019886893e-02 1.844038208749527286e+00
5.097818491951289666e+00 -2.793038902097221832e-01 -1.419134517784572003e+00 -2.793038902097221832e-01 6.453371288163646469e+00 2.308141549401028225e+00 -1.419134517784572003e+00 2.308141549401028225e+00 6.610342678374128589e+00
-1.735546179987372994e+01 1.829409884146492582e-01 2.079326013067980556e-03 1.829409884146492582e-01 -1.854265273890529642e+01 -5.515027648789280201e-01 2.079326013067980556e-03 -5.515027648789280201e-01 -8.510500236882286629e+00
-1.167611249244951033e+01 -8.971637554373539380e-01 -2.560655054601782346e-02 -8.971637554373539380e-01 -1.384652930739600407e+01 4.824809786684176038e-01 -2.560655054601782346e-02 4.824809786684176038e-01 -4.185767406625806042e-01
-4.097522291217904566e+00 -2.316063655130475851e-01 -1.123725049638971241e+00 -2.316063655130475851e-01 5.044311250157043069e-01 2.548254258685005436e-01 -1.123725049638971241e+00 2.548254258685005436e-01 -9.837076810738727417e+00
-1.554146535362456394e+00 -3.052064659136862201e-01 3.716934638563980653e-01 -3.052064659136862201e-01 -1.528254422306940974e+00 -6.975613356794728714e-01 3.716934638563980653e-01 -6.975613356794728714e-01 7.575623469067374050e-01
-4.657180882186379378e+00 -1.745546288486876305e-02 9.532175192948742770e-02 -1.745546288486876305e-02 -7.332941959197624371e+00 1.232513916162475687e-01 9.532175192948742770e-02 1.232513916162475687e-01 -1.885111322855940852e+00
-1.187047288378483145e+01 -4.884158865740562128e-01 1.076369715155123030e+00 -4.884158865740562128e-01 -1.285175947560080623e+01 -1.597724474569238495e+00 1.076369715155123030e+00 -1.597724474569238495e+00 -8.471547272486285252e+00
-7.986876077107393002e+00 2.717128636650346096e-01 -2.271453601568856673e+00 2.717128636650346096e-01 -8.221820228175547030e+00 -1.162959434201991720e-03 -2.271453601568856673e+00 -1.162959434201991720e-03 -4.717898725380234026e+00
-7.582977927312018807e+00 1.884808484256182415e-01 5.766994602710427964e-01 1.884808484256182415e-01 -3.548117283074458950e+00 -1.357676037646368128e+00 5.766994602710427964e-01 -1.357676037646368128e+00 -4.758478270923590436e+00
-6.046120752654889685e+00 1.488989403363067954e-01 1.522326547928071483e-01 1.488989403363067954e-01 -6.241387606563534085e+00 -3.153835462177628085e-02 1.522326547928071483e-01 -3.153835462177628085e-02 -7.154690217058564450e+00
