8.544247778861153719e+00 3.308976919178484799e+00 -7.093196401816622698e-01 3.308976919178484799e+00 1.128706643843495172e+01 -1.119002958114900526e-01 -7.093196401816622698e-01 -1.119002958114900526e-01 8.963187625789885260e+00
1.267822801246227726e+01 3.671864857690712469e+00 -4.185348504477378384e+00 3.671864857690712469e+00 4.626120499444223988e+00 -6.391571487566958254e+00 -4.185348504477378384e+00 -6.391571487566958254e+00 7.557038405495108968e+00
1.243417742393283554e+01 -3.753470564122550091e+00 6.681088939045894293e+00 -3.753470564122550091e+00 1.148219756893995225e+01 -1.071039728637356747e+00 6.681088939045894293e+00 -1.071039728637356747e+00 5.888171744217593151e+00
1.082687026643458950e+01 7.846018438020311292e-01 -1.135599375046782544e+00 7.846018438020311292e-01 1.453023290326393990e+01 5.975228520073655458e-01 -1.135599375046782544e+00 5.975228520073655458e-01 1.194234492528071812e+01
1.428352003885415300e+01 2.026838429630003005e-02 1.661234821141229112e+00 2.026838429630003005e-02 -8.552628475662418239e-01 7.108194525536777331e-01 1.661234821141229112e+00 7.108194525536777331e-01 7.732042275481554761e+00
