1.176831716456079668e+01 3.992487619611121974e-01 5.779098331479835871e+00 3.992487619611121974e-01 3.941973573003989539e+00 -1.623589824788071345e+00 5.779098331479835871e+00 -1.623589824788071345e+00 1.707930988914429093e+01
-3.640796144226135511e-02 9.765905948052388652e+00 -6.166233981904350792e+00 9.765905948052388652e+00 2.607172257013409489e+00 9.030383881816467451e+00 -6.166233981904350792e+00 9.030383881816467451e+00 5.659843107520240224e+00
1.925973330299587971e+01 -3.573729590363334818e-01 -2.184889526055304731e-01 -3.573729590363334818e-01 8.597944386852192977e+00 8.100877972429835205e-01 -2.184889526055304731e-01 8.100877972429835205e-01 2.618077342196801993e+01
7.231188935188876954e+00 -6.204784828379571238e+00 -3.946969697648293973e+00 -6.204784828379571238e+00 -2.517235272740347085e+00 1.105651737709984372e+00 -3.946969697648293973e+00 1.105651737709984372e+00 3.550493296937364374e+00
2.723651524467745944e+01 7.166072424557966336e+00 7.986882826579576322e-02 7.166072424557966336e+00 1.427490305186066699e+01 3.905256605847144957e+00 7.986882826579576322e-02 3.905256605847144957e+00 1.869390304076622300e+01
5.647977969518731989e+00 -3.482347996790021938e+00 4.681707675396543422e+00 -3.482347996790021938e+00 1.031886231502744344e+01 3.788750052185020589e+00 4.681707675396543422e+00 3.788750052185020589e+00 1.547286180502025310e+01
8.679392259870525095e+00 -1.101393130776664364e+01 -7.494675994544983233e+00 -1.101393130776664364e+01 1.098378128101459339e+01 6.394190324384027235e+00 -7.494675994544983233e+00 6.394190324384027235e+00 1.915672495416289678e+01
