-7.674327230081661178e+00 2.398452777704747074e+00 -1.227574940751687604e+00 2.398452777704747074e+00 -6.416750867203165898e-01 -1.947391802612848055e+00 -1.227574940751687604e+00 -1.947391802612848055e+00 1.068571667641124456e+01
2.328981607601430426e+01 5.645393119917619273e+00 -3.475808591609333753e+00 5.645393119917619273e+00 2.949284743446523294e+01 -1.439803411684137613e+00 -3.475808591609333753e+00 -1.439803411684137613e+00 2.021683070106610103e+01
6.318621469800704382e+00 1.299663202765438008e+01 -9.275358473957174610e+00 1.299663202765438008e+01 1.020564824992119490e+01 -5.137004818815341878e+00 -9.275358473957174610e+00 -5.137004818815341878e+00 -1.763836262313930758e+00
-4.595599939214005669e-01 -4.998197760567114400e+00 1.956960858075908360e+00 -4.998197760567114400e+00 4.349431972859472140e+00 -5.606378569055544325e+00 1.956960858075908360e+00 -5.606378569055544325e+00 -5.096381896333396000e+00
-6.100617251688842835e+00 -6.442492148749266789e+00 1.566644239634361391e+00 -6.442492148749266789e+00 9.718615826070600150e-01 -6.842845515103379128e+00 1.566644239634361391e+00 -6.842845515103379128e+00 -2.020131000253565290e+00
2.802425620701772857e+01 -3.717651625091797474e+00 -9.247591614773564839e-01 -3.717651625091797474e+00 2.993985333311481156e+01 2.590101276269197061e+00 -9.247591614773564839e-01 2.590101276269197061e+00 2.879827385402439077e+01
3.154374861733209556e+01 -8.908024957477300276e+00 1.318932957970491593e+00 -8.908024957477300276e+00 3.421411312537041027e+01 -1.131707075411083396e+00 1.318932957970491593e+00 -1.131707075411083396e+00 1.848311567319954207e+01
1.123950578490606667e+01 2.835518637931706110e+00 2.744792120547293379e+00 2.835518637931706110e+00 3.228614512092431443e-01 -2.782069886676122650e+00 2.744792120547293379e+00 -2.782069886676122650e+00 -5.032797381653928426e+00
1.069854082027106301e+01 4.352637270249546830e+00 8.599595001386504123e+00 4.352637270249546830e+00 3.420258197929706512e+01 1.318105792149698097e+01 8.599595001386504123e+00 1.318105792149698097e+01 1.722958836904796698e+01
-1.803616262936224501e+01 -8.911271469643444743e-01 -1.790397608487430459e+00 -8.911271469643444743e-01 6.082950105348338354e+00 7.505178604573109480e-01 -1.790397608487430459e+00 7.505178604573109480e-01 -1.304622687886753063e+01
-5.013978679439820674e+00 -3.850522652850621785e+00 -6.886371532964956632e-01 -3.850522652850621785e+00 -1.867009620501487444e-01 -4.972785452361173919e-02 -6.886371532964956632e-01 -4.972785452361173919e-02 -6.446969926762893266e+00
-1.500002584378939130e-01 -9.749153021994354518e+00 -8.738936027127741646e-01 -9.749153021994354518e+00 4.729594672184059156e+00 2.719667124118604562e+00 -8.738936027127741646e-01 2.719667124118604562e+00 -6.859611481137170230e+00
-2.027595265693182380e+00 -8.078099232931614804e-01 2.153787026050726805e+00 -8.078099232931614804e-01 3.655842675626708171e-01 6.111141899201097516e+00 2.153787026050726805e+00 6.111141899201097516e+00 -7.865795411895847522e+00
-9.423287868940195544e-01 -3.951476058423547322e+00 -3.232301466886023267e+00 -3.951476058423547322e+00 1.516601667358048644e+01 -6.903304664188889994e+00 -3.232301466886023267e+00 -6.903304664188889994e+00 9.124015394940853341e+00
6.637258170609520391e+00 1.952797036356560989e+00 8.872167927891975836e+00 1.952797036356560989e+00 -1.853638415388220162e-01 2.467493890373060772e+00 8.872167927891975836e+00 2.467493890373060772e+00 9.403164214094819062e-01
8.712978895166171966e+00 -9.162189128602404864e+00 -7.453802566094821280e+00 -9.162189128602404864e+00 5.151900619052138808e+00 2.797262795584511963e-01 -7.453802566094821280e+00 2.797262795584511963e-01 9.446021842421075121e+00
-6.245978803576848648e+00 4.101064415465425217e-01 -2.002241616368704569e-01 4.101064415465425217e-01 9.860016674863551600e+00 2.449623646602280047e+00 -2.002241616368704569e-01 2.449623646602280047e+00 1.675864688138271885e-01
-1.240635798165588444e+00 5.461745879105386337e+00 2.512015936991367937e+00 5.461745879105386337e+00 9.566474914213696223e+00 -7.160000046170740262e-01 2.512015936991367937e+00 -7.160000046170740262e-01 3.079274768226737624e+00
3.229725486100972631e+01 3.763378403788023574e-01 -9.123473147696129493e-01 3.763378403788023574e-01 4.393141811642400540e+01 6.334396712193453460e+00 -9.123473147696129493e-01 6.334396712193453460e+00 3.140664376291331905e+01
7.696651480091463604e+00 1.093778287043857933e+00 -6.728990423168687229e+00 1.093778287043857933e+00 1.924600668853178043e+00 -3.773235692391548213e+00 -6.728990423168687229e+00 -3.773235692391548213e+00 -5.675251980205189284e+00
1.412472176974561044e+01 -8.325284966780905904e-01 -5.823056829999024409e+00 -8.325284966780905904e-01 2.696538276171792248e+01 9.259068335533378047e+00 -5.823056829999024409e+00 9.259068335533378047e+00 1.972532534123050851e+01
2.052961179583742179e+01 -5.484956217027117553e+00 -2.569843169046413855e+00 -5.484956217027117553e+00 2.536217003920436497e+01 -9.635465826323667216e+00 -2.569843169046413855e+00 -9.635465826323667216e+00 2.300775057500090170e+01
-3.763362011891437042e+00 3.354287152237692471e+00 -1.485337451480730930e+00 3.354287152237692471e+00 -8.601183353924751529e+00 -2.057637866186897480e+00 -1.485337451480730930e+00 -2.057637866186897480e+00 3.184013430002182954e+00
3.114070131324564628e+01 -5.656546244607962848e+00 2.388657649546020778e+00 -5.656546244607962848e+00 4.206956871008102894e+01 1.264909470061856833e+00 2.388657649546020778e+00 1.264909470061856833e+00 2.232496892990405257e+01
3.170752008262554611e+01 8.708471327403397577e-01 8.703213445020338002e-01 8.708471327403397577e-01 4.261354189642690926e+01 3.623178388144812523e+00 8.703213445020338002e-01 3.623178388144812523e+00 3.006058442066544600e+01
-3.709633551537230289e+00 4.918188647737971486e+00 -5.336376152455789779e+00 4.918188647737971486e+00 -3.008819769237681907e+00 -6.285639442042599612e+00 -5.336376152455789779e+00 -6.285639442042599612e+00 2.309744456214590347e+00
1.182406403046588039e+01 -9.579929350266512600e+00 -2.369359337024390944e-01 -9.579929350266512600e+00 1.134523400614327038e+01 3.509603478309171187e+00 -2.369359337024390944e-01 3.509603478309171187e+00 3.691438899293811859e-01
1.690277697186858274e+00 6.323263327666521771e-01 -4.036833282613024210e+00 6.323263327666521771e-01 5.929841907090378506e+00 -6.113731518798106279e+00 -4.036833282613024210e+00 -6.113731518798106279e+00 1.324496831404069752e+01
7.032872659657016357e+00 -3.017196793649456144e+00 -1.636417185639148286e+00 -3.017196793649456144e+00 8.628614438308781942e+00 -4.476188363737731990e+00 -1.636417185639148286e+00 -4.476188363737731990e+00 3.780438590058386450e-01
4.122888381339813613e+00 1.850816817251528024e+00 -3.705673453947403662e+00 1.850816817251528024e+00 5.914652473340822780e+00 -1.929335868680532418e+00 -3.705673453947403662e+00 -1.929335868680532418e+00 1.419535798908225388e+01
-6.489336545381391375e+00 3.189630222780099889e+00 1.885158874543404695e+00 3.189630222780099889e+00 8.849692652122184811e+00 6.638455452683704294e+00 1.885158874543404695e+00 6.638455452683704294e+00 1.719994676070428241e+01
-4.228967765895672137e+00 4.493787868380630712e+00 3.190027739097682336e+00 4.493787868380630712e+00 8.418234188241937588e+00 7.603663386599962770e+00 3.190027739097682336e+00 7.603663386599962770e+00 1.857434266600971640e+01
3.749797468128097222e+01 1.643764569825754140e-01 2.971336237669457425e+00 1.643764569825754140e-01 5.524567631762603526e+01 -7.013033336730027933e-01 2.971336237669457425e+00 -7.013033336730027933e-01 3.449526241228704748e+01
3.457862739437077781e+00 1.931378527830519831e-01 -5.725463442290865679e+00 1.931378527830519831e-01 1.717615325388801351e+00 1.730649550187608021e+00 -5.725463442290865679e+00 1.730649550187608021e+00 6.250558551051314637e+00
-5.019050604503915158e-01 -2.075176463701094765e+00 1.688745104155214616e+00 -2.075176463701094765e+00 1.031590045872952288e+01 -1.798713443528868472e-01 1.688745104155214616e+00 -1.798713443528868472e-01 -4.914570863924835886e-01
-1.950934673834851196e+00 1.225926962352201599e+01 8.687863734475973487e+00 1.225926962352201599e+01 3.733973397224285673e+00 3.847892208628122646e+00 8.687863734475973487e+00 3.847892208628122646e+00 -1.229391299205609656e+01
-7.333340383699355591e+00 2.529586648711593000e+00 -1.069160298180796609e+00 2.529586648711593000e+00 -3.758990127117019853e+00 3.661553846618887942e+00 -1.069160298180796609e+00 3.661553846618887942e+00 2.301936157502527003e+00
-5.104520088371724995e+00 -4.995248617025003668e+00 -3.276694875308201471e+00 -4.995248617025003668e+00 5.347410295047674289e+00 4.488420744889923597e+00 -3.276694875308201471e+00 4.488420744889923597e+00 9.426592861238757948e+00
4.427051553218138480e+01 -3.762387914741587736e+00 -3.771799742376657161e+00 -3.762387914741587736e+00 3.847933552029261506e+01 2.249730060238467999e+00 -3.771799742376657161e+00 2.249730060238467999e+00 2.543802767414778288e+01
-2.900822060056859719e+00 5.098102788057916612e+00 -5.007415476828043666e+00 5.098102788057916612e+00 2.482638642438794818e+01 -6.736539839290637488e+00 -5.007415476828043666e+00 -6.736539839290637488e+00 8.854859500904744607e+00
2.336323615819711819e+01 -7.171983806273884987e-02 3.634740155960015873e+00 -7.171983806273884987e-02 2.933257821121736697e+01 5.566208450336916691e+00 3.634740155960015873e+00 5.566208450336916691e+00 7.019132929678635335e+00
2.539986916760341717e+00 1.488767800575346856e+00 6.807275971070196441e+00 1.488767800575346856e+00 5.419016265150599088e-01 3.717632181359046939e+00 6.807275971070196441e+00 3.717632181359046939e+00 -7.072174616229868205e-01
1.226870253382439380e+00 -7.411401783493912987e+00 -1.539410797265689634e+00 -7.411401783493912987e+00 -2.728081602520696092e-01 4.710482493473666099e-01 -1.539410797265689634e+00 4.710482493473666099e-01 -8.877353441669370682e+00
-2.291148902720564262e+00 -3.997288673082580956e+00 -3.490439428548928191e+00 -3.997288673082580956e+00 5.425756356741102238e+00 -8.047940860417517328e-01 -3.490439428548928191e+00 -8.047940860417517328e-01 5.875100318088112061e+00
8.713978580576810629e+00 6.612021884466808608e+00 -2.716819123091582355e+00 6.612021884466808608e+00 -2.601281260179872934e+00 -3.282787154449551714e+00 -2.716819123091582355e+00 -3.282787154449551714e+00 -6.959372319585011013e+00
-2.280546324617952481e-01 -5.049625835485206160e+00 -7.026196700336316825e-01 -5.049625835485206160e+00 1.714924666747621984e+01 -4.413702698447415251e+00 -7.026196700336316825e-01 -4.413702698447415251e+00 3.616031129655923326e+00
1.303122087008126817e+00 -9.221785906019016599e-01 7.672391377133953583e-01 -9.221785906019016599e-01 1.016515845387278105e+01 -3.168758180144759518e+00 7.672391377133953583e-01 -3.168758180144759518e+00 4.350640994814439999e+00
-1.168480275111062783e+00 -3.482796160805947672e-01 7.353021115038801625e+00 -3.482796160805947672e-01 -1.897323000761070855e+00 2.665672295519835533e+00 7.353021115038801625e+00 2.665672295519835533e+00 5.105029616416584481e+00
-7.155459889239622839e+00 -3.427481704397721707e+00 -4.435989825868349001e+00 -3.427481704397721707e+00 1.069873900457578131e+00 -4.888936887648910101e+00 -4.435989825868349001e+00 -4.888936887648910101e+00 9.955719658146863216e-01
-2.195219540406584180e+00 -1.028111647775438797e+01 1.928050023628860021e+00 -1.028111647775438797e+01 -1.002958995218785709e+01 -1.455288360885903076e+00 1.928050023628860021e+00 -1.455288360885903076e+00 -1.999683167233983871e+00
-1.593617001763884211e+00 -1.275891587261757332e+00 -1.958567395374820386e+00 -1.275891587261757332e+00 9.831918034866484746e+00 7.690875442686196273e+00 -1.958567395374820386e+00 7.690875442686196273e+00 1.277779737437721330e+01
-1.319573523225321843e+01 2.255276958715313640e+00 -4.326905021800780737e+00 2.255276958715313640e+00 7.343966236011692850e+00 3.008490813455858559e-01 -4.326905021800780737e+00 3.008490813455858559e-01 -1.176899993753820262e+01
2.725885394567564646e+01 -4.434715820254275798e+00 -2.705929645863694777e+00 -4.434715820254275798e+00 1.554306819801993811e+01 2.595268152692914665e+00 -2.705929645863694777e+00 2.595268152692914665e+00 9.880676259304156162e+00
-5.882567576315298474e-01 9.135740662576961879e-02 1.381894535534086810e+00 9.135740662576961879e-02 1.652687310130634302e+01 3.593280667347011903e-01 1.381894535534086810e+00 3.593280667347011903e-01 -5.443753242691801164e-02
3.081971900631725703e+01 3.389163351607858310e+00 -2.112093534968740638e+00 3.389163351607858310e+00 3.585511987782605559e+01 3.848462285554379747e+00 -2.112093534968740638e+00 3.848462285554379747e+00 3.816883247609273155e+01
1.481220035474379237e+01 1.056658005629911523e+00 4.849766104085261098e+00 1.056658005629911523e+00 6.151716526107023242e+00 -4.680469245764274255e+00 4.849766104085261098e+00 -4.680469245764274255e+00 -2.820795755289315476e+00
2.580496382738433070e+01 -2.980739136031596459e+00 -3.194065558012600725e+00 -2.980739136031596459e+00 3.657819072247234971e+01 -1.513734436826090102e+00 -3.194065558012600725e+00 -1.513734436826090102e+00 1.675616739591185578e+01
-1.149427263438587410e+01 2.102006368709862905e+00 6.444606495274944613e-02 2.102006368709862905e+00 -1.051822498252446003e+01 4.715539774254374095e+00 6.444606495274944613e-02 4.715539774254374095e+00 -4.342766730243816653e+00
2.458299909441005227e+01 2.470678142082377349e+00 6.381366921376760537e+00 2.470678142082377349e+00 1.016037612371160215e+01 5.327204679903613460e+00 6.381366921376760537e+00 5.327204679903613460e+00 1.141788840445027731e+01
-5.134266166260612607e+00 -2.307938250465007446e+00 -1.925778354493841382e+00 -2.307938250465007446e+00 1.649387484297251660e+01 -4.277723782867434821e+00 -1.925778354493841382e+00 -4.277723782867434821e+00 -1.058260950457410843e+01
-9.236935910507730441e+00 1.780555045864988806e+00 1.794289864716873018e+00 1.780555045864988806e+00 -6.088642790110079694e+00 -3.783510440320946078e+00 1.794289864716873018e+00 -3.783510440320946078e+00 -1.327200994072248008e+00
2.519452568182173113e+00 6.977417663064290565e+00 -1.877534946720232023e+00 6.977417663064290565e+00 -6.000735201581075096e+00 1.936971494661682058e+00 -1.877534946720232023e+00 1.936971494661682058e+00 -7.447187694787587908e+00
2.345708261513522519e+00 1.389543531035257296e+00 5.828823138386474589e+00 1.389543531035257296e+00 5.409261170917702088e+00 1.507875814414563642e+00 5.828823138386474589e+00 1.507875814414563642e+00 9.745391012604272873e+00
1.375622134208502523e+01 1.170571491976418521e+00 -5.005556029461416756e+00 1.170571491976418521e+00 -5.899295013109735919e+00 -1.093634455923876703e-01 -5.005556029461416756e+00 -1.093634455923876703e-01 -3.076907505894871608e+00
8.002616510149694662e+00 -4.234940089365857752e+00 -4.931429387272914688e+00 -4.234940089365857752e+00 1.132307510027008490e+01 3.203222407229489033e+00 -4.931429387272914688e+00 3.203222407229489033e+00 7.770134120632416597e+00
1.378909869974618729e+01 6.654752500420839212e+00 2.043810398433080877e+00 6.654752500420839212e+00 3.209946199691837165e+01 4.739612418627152657e+00 2.043810398433080877e+00 4.739612418627152657e+00 5.710613611497245223e+00
2.890562935308663484e+01 -3.119672216361513151e+00 9.019336155439304781e-01 -3.119672216361513151e+00 2.851488315132926132e+01 -3.920732442254454497e+00 9.019336155439304781e-01 -3.920732442254454497e+00 1.877577054277672275e+01
5.783894092428649714e-01 -3.015028970320508872e+00 2.694538691139654496e+00 -3.015028970320508872e+00 -5.047377793251386219e-02 4.249749544609592311e-01 2.694538691139654496e+00 4.249749544609592311e-01 -4.775332419969633868e+00
8.016348787367700623e+00 7.222256615975197747e+00 -5.253341418538131080e+00 7.222256615975197747e+00 1.562396615486331619e+01 5.081958734676136125e+00 -5.253341418538131080e+00 5.081958734676136125e+00 1.806266787408627561e+00
-1.441949252798713310e+01 4.876834079711186987e-02 -3.674116118724826130e+00 4.876834079711186987e-02 -1.915147054655288628e+01 -9.975708672311784930e-01 -3.674116118724826130e+00 -9.975708672311784930e-01 -2.925797746245387465e+00
3.872151372009692949e+00 1.110186445356522222e+00 3.989579129029549587e-01 1.110186445356522222e+00 4.522679641703724052e+00 -4.967696764560794342e+00 3.989579129029549587e-01 -4.967696764560794342e+00 1.886210377043709130e+01
-4.784866785404911838e+00 1.782634370009700486e+00 -6.832562363658117865e-01 1.782634370009700486e+00 -8.526527035629719364e+00 -4.566512111514134276e+00 -6.832562363658117865e-01 -4.566512111514134276e+00 -2.904426752914292642e+00
-5.251336030976817781e+00 -1.796698590434749887e+00 -1.813972612292555908e+00 -1.796698590434749887e+00 6.780344039162074843e+00 3.702120466491211292e+00 -1.813972612292555908e+00 3.702120466491211292e+00 -1.153621099943634754e+01
2.172941542725950725e+01 -3.014255389219314907e+00 -3.350470260910810794e+00 -3.014255389219314907e+00 2.677972876800719604e+01 1.066717023993226876e+00 -3.350470260910810794e+00 1.066717023993226876e+00 1.706714998416433104e+01
6.739917900731736466e+00 -8.433373333782643755e+00 -4.855551664146884328e+00 -8.433373333782643755e+00 1.625994998215855913e+00 2.071440768186463721e+00 -4.855551664146884328e+00 2.071440768186463721e+00 -1.599691870310272268e+00
