-1.103408318060070392e-01 1.726837778528556910e+00 1.044055931980915508e+00 1.726837778528556910e+00 8.743163313330084563e+00 7.060634862693089264e-01 1.044055931980915508e+00 7.060634862693089264e-01 8.385938317725639024e+00
1.463615058496142485e+00 -3.491554627633496999e+00 2.727131707066743793e+00 -3.491554627633496999e+00 2.480705699169394318e+00 -1.331072086578749258e-01 2.727131707066743793e+00 -1.331072086578749258e-01 -2.211640005525077779e+00
5.558262782353123654e+00 -1.187787919073632237e+00 -3.241129257126700303e+00 -1.187787919073632237e+00 1.133277176353727356e+01 3.521006213788924200e+00 -3.241129257126700303e+00 3.521006213788924200e+00 1.330031979409277021e+01
2.984119554054410983e+00 -3.551562199387084950e-01 -2.760174119834625017e+00 -3.551562199387084950e-01 6.211123391206299083e+00 -4.053054469111224023e+00 -2.760174119834625017e+00 -4.053054469111224023e+00 8.403843131601139049e+00
3.254737893366422163e+00 -8.661654345502470820e-01 1.657423660118910513e+00 -8.661654345502470820e-01 -2.143852103940963705e+00 -9.110302838866781716e-01 1.657423660118910513e+00 -9.110302838866781716e-01 2.241311157566050039e+00
2.279519832693822412e+00 1.934755568295881689e+00 4.523338193659009465e-01 1.934755568295881689e+00 -1.402210386971465050e+00 2.992738595074973862e+00 4.523338193659009465e-01 2.992738595074973862e+00 7.047689002033286521e+00
-6.108588829481033100e-01 -3.733084434631396942e+00 2.616993028528663334e+00 -3.733084434631396942e+00 1.541559809160503169e+00 -1.310889768133912670e+00 2.616993028528663334e+00 -1.310889768133912670e+00 7.662156191323808763e+00
9.787122830508931948e-01 -4.219933869210423794e+00 -8.672761113358467000e-01 -4.219933869210423794e+00 3.727536051877011758e+00 5.950279356939918163e-01 -8.672761113358467000e-01 5.950279356939918163e-01 5.440550333139084316e+00
-9.326751479891270957e-01 -6.042513941204131767e-01 1.178937235120817856e-01 -6.042513941204131767e-01 -9.570561523149798688e+00 -6.142597364598528786e-01 1.178937235120817856e-01 -6.142597364598528786e-01 6.874923695938145229e+00
5.816277007904730567e+00 -3.493801184675744964e-01 1.574512083678872854e+00 -3.493801184675744964e-01 -2.269071192023410788e+00 -1.154547645254911103e-01 1.574512083678872854e+00 -1.154547645254911103e-01 1.235880711438002955e+01
-2.922907254300594615e-01 -5.002747485540278483e+00 2.382883495987189626e+00 -5.002747485540278483e+00 2.722975604521551851e+00 -1.508967206437853870e+00 2.382883495987189626e+00 -1.508967206437853870e+00 7.303613970897883334e+00
6.818943937983975800e+00 8.091680875452570421e-01 8.331524610561563682e-01 8.091680875452570421e-01 7.010598671632362056e-02 -1.883993062990213518e-01 8.331524610561563682e-01 -1.883993062990213518e-01 7.714411719280709345e-01
-3.934898510335488875e-01 1.951196933420320079e+00 2.419483613219341134e+00 1.951196933420320079e+00 8.903650622011298754e-01 -4.563402556972157242e+00 2.419483613219341134e+00 -4.563402556972157242e+00 1.448244536968459784e+01
6.870944638630119172e+00 -1.498706082703045173e+00 -8.582532441049929295e-01 -1.498706082703045173e+00 2.919999042094201691e+00 -1.756502644389090761e+00 -8.582532441049929295e-01 -1.756502644389090761e+00 4.518664305309792795e+00
1.094607895886878346e+01 -3.487686286405151659e-01 3.332554676640060887e+00 -3.487686286405151659e-01 9.868518041188362844e+00 3.379704842401805909e+00 3.332554676640060887e+00 3.379704842401805909e+00 1.234600417535816064e+01
5.397948532120542708e+00 1.696819180936440130e+00 2.118329987722102015e+00 1.696819180936440130e+00 1.738465647464541908e+00 -6.061497947061522673e-01 2.118329987722102015e+00 -6.061497947061522673e-01 1.082388735047710604e+00
7.477743179885131930e+00 -8.288984274374271433e-01 -1.343497826472213275e+00 -8.288984274374271433e-01 4.717963461220181287e+00 -2.106590729703604392e+00 -1.343497826472213275e+00 -2.106590729703604392e+00 3.880745713451348333e+00
-4.305469688707228570e+00 -2.400906369771940163e+00 1.879454490280736412e+00 -2.400906369771940163e+00 -1.252875795407140780e+00 -1.788089294590839096e+00 1.879454490280736412e+00 -1.788089294590839096e+00 -6.573951974478494442e+00
-1.960388517581198364e+00 -1.353947576301295364e+00 1.586578109386708180e+00 -1.353947576301295364e+00 5.939111519611824264e+00 2.509305747616404236e+00 1.586578109386708180e+00 2.509305747616404236e+00 3.536110779585335262e-01
6.861465837949650926e+00 -1.182230398521214143e+00 5.556770397676658035e-01 -1.182230398521214143e+00 4.259808682348101172e+00 2.429450882249082788e+00 5.556770397676658035e-01 2.429450882249082788e+00 1.199635951260306399e+01
9.153989179228835482e+00 -6.012015245634091398e-01 4.703218859934883866e+00 -6.012015245634091398e-01 -3.001308951822525550e+00 5.452009496750285233e-01 4.703218859934883866e+00 5.452009496750285233e-01 1.834778241407195587e+00
-8.503910026127757149e+00 1.043103091468580823e+00 -4.096205064286586595e-01 1.043103091468580823e+00 -5.384432460617010641e+00 -4.447390084618344730e+00 -4.096205064286586595e-01 -4.447390084618344730e+00 -1.004835322023095401e+01
1.249927175151271541e+01 -2.222997685917246447e+00 1.375170699975099553e-01 -2.222997685917246447e+00 7.601369181134950415e-01 4.340519155071001833e+00 1.375170699975099553e-01 4.340519155071001833e+00 3.641201561238315509e+00
8.351568172438632587e+00 -3.622496763527611741e+00 -5.185258476612459866e+00 -3.622496763527611741e+00 5.989285482321125897e+00 9.301161968227930621e-02 -5.185258476612459866e+00 9.301161968227930621e-02 7.320454153671338560e+00
7.053633474633221212e+00 2.091309513516327545e+00 -7.744260870916208628e-01 2.091309513516327545e+00 4.205271359719582769e+00 -2.635473805975848544e-02 -7.744260870916208628e-01 -2.635473805975848544e-02 6.214126794397095033e+00
-3.176963037501579490e-01 2.373126805542884882e-02 -4.108934416786799382e+00 2.373126805542884882e-02 -1.881577449734125551e+00 -3.221769024482291854e+00 -4.108934416786799382e+00 -3.221769024482291854e+00 6.662588827319624762e+00
5.023981273692172955e+00 2.609271865477763797e+00 1.608247727976844788e+00 2.609271865477763797e+00 1.988328053705158194e+00 2.063020221293788481e+00 1.608247727976844788e+00 2.063020221293788481e+00 6.759905380111058015e+00
1.267826133569080049e+01 1.666435950160285673e+00 -1.685534514705121722e+00 1.666435950160285673e+00 4.084696387066551360e+00 -4.586471958453457870e-02 -1.685534514705121722e+00 -4.586471958453457870e-02 9.325771281095846632e+00
-2.797083013275416086e+00 5.267079631306536669e+00 -1.869138564397163638e+00 5.267079631306536669e+00 3.268103605226152286e+00 -3.767136453589247092e-01 -1.869138564397163638e+00 -3.767136453589247092e-01 5.905303514860785086e+00
9.077121387528588325e-01 7.137538215726667579e-01 -2.175555136329121453e+00 7.137538215726667579e-01 9.231955614361293527e-01 2.739527620123112239e+00 -2.175555136329121453e+00 2.739527620123112239e+00 1.065415721257387993e+01
1.166283051006551830e+01 -3.438550255198486560e+00 -4.642578859488931009e+00 -3.438550255198486560e+00 5.291444714210656208e+00 4.211237501645152120e-02 -4.642578859488931009e+00 4.211237501645152120e-02 8.251732682979463718e+00
3.939272517285404618e+00 -4.206605104324371291e-01 -5.796533473209990461e+00 -4.206605104324371291e-01 1.876252624970048410e+00 -1.549536410293350874e+00 -5.796533473209990461e+00 -1.549536410293350874e+00 6.245012538407517688e+00
-7.084071018357353644e+00 -1.003968474919987974e+00 -1.577910649818844213e+00 -1.003968474919987974e+00 2.720115638959216930e+00 1.844404374613487718e+00 -1.577910649818844213e+00 1.844404374613487718e+00 3.248035118139863897e+00
-4.473139104334299176e+00 -2.130677037944106900e+00 -5.419882920780900726e-01 -2.130677037944106900e+00 -4.197389855523642410e+00 3.046587511987338681e-01 -5.419882920780900726e-01 3.046587511987338681e-01 5.438950043810164559e+00
-1.170742393282769189e+00 -3.421044112298683881e+00 3.613053227314365623e-01 -3.421044112298683881e+00 6.341995698485870747e+00 -2.691702558459208028e+00 3.613053227314365623e-01 -2.691702558459208028e+00 5.731321581023987477e+00
1.105920309217055530e+00 -6.461904730883192283e-01 2.067628246578881779e+00 -6.461904730883192283e-01 -2.767030410814531383e+00 3.492466654610673071e-01 2.067628246578881779e+00 3.492466654610673071e-01 3.444535684502034734e+00
1.809467446512478928e+00 7.268348389204631887e-01 8.947582849432051955e-01 7.268348389204631887e-01 -1.870351870653964299e-01 1.921924458601951935e+00 8.947582849432051955e-01 1.921924458601951935e+00 7.603343301754710737e+00
-1.444167185004973986e+00 -1.001746264078064580e-01 3.583029193373856280e+00 -1.001746264078064580e-01 -2.688255008419501824e+00 -3.320077286823199803e-01 3.583029193373856280e+00 -3.320077286823199803e-01 1.374376255299121397e+01
-3.141084488390384344e+00 3.506216837869656544e+00 -1.284332721824020362e+00 3.506216837869656544e+00 2.008169463546585209e+00 -1.651246192580754890e+00 -1.284332721824020362e+00 -1.651246192580754890e+00 3.839102434388397267e+00
5.131810723840541932e+00 6.291568882286702191e-01 -3.232121217547063274e+00 6.291568882286702191e-01 1.122640537183278653e+01 1.121335595724989975e+00 -3.232121217547063274e+00 1.121335595724989975e+00 8.093614688320361239e+00
-7.181908342129483813e-01 -8.568768881693636930e-01 -5.552891558393360238e-01 -8.568768881693636930e-01 -4.623021016963702046e+00 5.399128830725272721e-01 -5.552891558393360238e-01 5.399128830725272721e-01 4.053978613160190925e+00
-8.931049565532491741e+00 -2.612195989590246015e+00 -1.756919234678521624e+00 -2.612195989590246015e+00 -5.554714307717044441e+00 1.005083205582217032e-01 -1.756919234678521624e+00 1.005083205582217032e-01 -2.245744411930476581e+00
3.266888898048433187e+00 4.498035703449453360e-01 1.365022035272324574e+00 4.498035703449453360e-01 -7.628510607206055207e-03 -6.745724307970362155e+00 1.365022035272324574e+00 -6.745724307970362155e+00 6.528648954404193461e+00
2.429850108198721159e+00 -3.680588589842073710e-01 -5.877249498059322619e-01 -3.680588589842073710e-01 -3.542065104061840497e+00 1.175546676645430555e+00 -5.877249498059322619e-01 1.175546676645430555e+00 1.863279827913756126e+00
6.324663189268696861e+00 -1.543256405887888150e+00 -1.673911955479124192e+00 -1.543256405887888150e+00 8.753789996367466131e+00 2.100145557820801478e+00 -1.673911955479124192e+00 2.100145557820801478e+00 1.185541954012892774e+01
-1.004528534261783079e+01 -3.341238521272418133e-02 -2.224477086309954110e+00 -3.341238521272418133e-02 -6.377805872502934292e+00 -2.086480215554936013e+00 -2.224477086309954110e+00 -2.086480215554936013e+00 1.849758455062019413e+00
5.671216184817514661e-01 2.246542738203469725e-01 2.106927326421361713e+00 2.246542738203469725e-01 -4.333889641694281813e+00 1.422593105850151085e+00 2.106927326421361713e+00 1.422593105850151085e+00 1.580138661458645544e+01
-1.005212389303709486e+00 1.453541902838114019e+00 -1.565155246645864473e+00 1.453541902838114019e+00 4.077906675297930938e+00 6.105216698635976824e-01 -1.565155246645864473e+00 6.105216698635976824e-01 3.014899845557891034e+00
2.276557712586317450e+00 -1.755120573574428175e-02 -2.439786708776336965e+00 -1.755120573574428175e-02 1.964932297903920322e+00 -3.241304614620650337e+00 -2.439786708776336965e+00 -3.241304614620650337e+00 1.103120573804509164e+01
-3.974836197837803731e+00 2.164554633571291298e+00 1.650680435583864181e-01 2.164554633571291298e+00 2.747359754997358738e+00 -5.060729815612422300e+00 1.650680435583864181e-01 -5.060729815612422300e+00 9.149818214220358570e+00
1.452377971716054006e+01 2.933700395995427090e+00 3.851575346595870197e+00 2.933700395995427090e+00 2.969298208001206252e+00 2.416122083886611260e-01 3.851575346595870197e+00 2.416122083886611260e-01 -1.357144986944735718e-02
-6.422752250284874620e+00 -3.948873612921658949e-01 -1.399699655811598609e+00 -3.948873612921658949e-01 -1.476995889099641079e+00 1.557325493841974939e+00 -1.399699655811598609e+00 1.557325493841974939e+00 1.858756044886675562e+00
-7.936516519454061225e+00 1.380551427527983765e+00 1.113331697902578965e-01 1.380551427527983765e+00 1.831199345601303596e+00 1.818890596609898658e-01 1.113331697902578965e-01 1.818890596609898658e-01 3.787562613555207403e+00
6.457829961741278879e+00 3.251900473959149496e-01 8.823398237079534967e-01 3.251900473959149496e-01 -1.547533402151111792e+00 -1.301434324184343794e+00 8.823398237079534967e-01 -1.301434324184343794e+00 1.081162091808228309e+00
-2.953671627537499816e-02 -6.912679059652989677e-01 -1.131227548610082456e+00 -6.912679059652989677e-01 -1.108602997637880838e+00 -7.449875678677874147e-01 -1.131227548610082456e+00 -7.449875678677874147e-01 6.533291305957910744e+00
1.464271700233201523e+00 -2.635080798089538767e+00 9.596245024577603200e-01 -2.635080798089538767e+00 -5.313083904752204489e+00 -7.470057587274697708e-01 9.596245024577603200e-01 -7.470057587274697708e-01 4.041650957668437627e+00
-2.686087779974525525e+00 1.501484857245012350e+00 4.187483178247887738e-01 1.501484857245012350e+00 6.135205817320269484e-01 8.474211044227745182e-01 4.187483178247887738e-01 8.474211044227745182e-01 2.622871323804415233e+00
-6.843738857452893454e-01 -1.858552122829478515e-01 9.120007552669423534e-01 -1.858552122829478515e-01 -6.099037045431813908e+00 -1.291057254302896640e+00 9.120007552669423534e-01 -1.291057254302896640e+00 9.629542978789174867e+00
4.016740192995746028e+00 -1.188957522840331738e+00 1.346482587773089046e-01 -1.188957522840331738e+00 -4.548743607899305097e+00 -3.415408261819141700e-01 1.346482587773089046e-01 -3.415408261819141700e-01 2.604105786544750334e+00
9.033017096264568391e-01 -1.933355411051841666e-02 4.551393719057070797e+00 -1.933355411051841666e-02 -1.771685376960958846e+00 -1.311652323519948649e+00 4.551393719057070797e+00 -1.311652323519948649e+00 1.209690013759802163e+01
8.026195169760269366e+00 -1.499798644405939407e-01 5.244257866332993068e-01 -1.499798644405939407e-01 -8.350717456593498511e+00 9.720320115776238667e-01 5.244257866332993068e-01 9.720320115776238667e-01 5.573317534744560708e-01
-2.878832293017759003e+00 4.099819520577163701e-01 1.093873171236166425e-01 4.099819520577163701e-01 -7.162300489198684117e-01 7.694124071707320045e-01 1.093873171236166425e-01 7.694124071707320045e-01 3.074505010897123913e+00
-5.963962603220565484e+00 7.193088528298284823e-01 -4.028316045432220882e+00 7.193088528298284823e-01 2.749872799856828642e+00 -1.392937513268792220e-02 -4.028316045432220882e+00 -1.392937513268792220e-02 9.336420442562114452e-01
-9.044559896359738005e+00 -2.906920969423678169e+00 -8.486749320505275751e-01 -2.906920969423678169e+00 -6.374949949659082904e+00 -6.391670048158780426e-02 -8.486749320505275751e-01 -6.391670048158780426e-02 -6.111459344494647006e+00
1.301881411379768760e+00 -7.996457568503876345e-01 5.142008451155282600e+00 -7.996457568503876345e-01 -4.803086199112138743e+00 -2.274855455381350477e+00 5.142008451155282600e+00 -2.274855455381350477e+00 -1.476592081577537741e+00
5.852428224699065318e+00 2.378450712242220266e+00 -1.276620930977008461e+00 2.378450712242220266e+00 6.904118485466941735e+00 -2.285878094848921016e+00 -1.276620930977008461e+00 -2.285878094848921016e+00 1.960727751312181510e+01
1.999757639706260637e+00 -3.105799502699665648e+00 -4.030385777330051100e-01 -3.105799502699665648e+00 9.468037856641084438e-02 -8.512623546951378350e-02 -4.030385777330051100e-01 -8.512623546951378350e-02 1.321195032011563164e+01
4.895587479206708004e+00 2.661231875796571167e+00 -6.238131541474999375e-01 2.661231875796571167e+00 7.798252416956191091e+00 -9.148512001318885867e-01 -6.238131541474999375e-01 -9.148512001318885867e-01 2.106032732255707529e+01
-7.652578235204043899e+00 -1.960744866248807394e+00 3.863422198400420782e-01 -1.960744866248807394e+00 -4.525156729863724081e+00 -1.153685058242491346e+00 3.863422198400420782e-01 -1.153685058242491346e+00 -6.803818129556834293e+00
-5.601306012607771834e+00 2.598508718040707599e+00 -3.734431308885120537e-01 2.598508718040707599e+00 -3.132321968902563203e+00 -4.411796370480075780e+00 -3.734431308885120537e-01 -4.411796370480075780e+00 -9.124846780440190486e+00
4.467537564079161749e-02 6.863244867508200286e-01 -1.989146091322010257e+00 6.863244867508200286e-01 7.102647617034675953e+00 6.301186070092370528e-01 -1.989146091322010257e+00 6.301186070092370528e-01 1.246434455978446643e+01
1.357606617489147460e+00 1.991045977268580902e+00 -3.912079050626263710e-01 1.991045977268580902e+00 7.633869943277412418e+00 3.672106296805606740e-01 -3.912079050626263710e-01 3.672106296805606740e-01 9.671243172461304383e+00
1.775080443659438512e+00 2.766727720519891243e+00 2.699221576855362681e+00 2.766727720519891243e+00 8.341605362030247051e+00 -2.106320411966809303e+00 2.699221576855362681e+00 -2.106320411966809303e+00 3.269246919133682594e-01
2.115181847170407803e+00 8.996275303218189690e-01 -1.658747882818774055e-01 8.996275303218189690e-01 7.645386113384904370e+00 2.723477991102174478e+00 -1.658747882818774055e-01 2.723477991102174478e+00 1.124955743890344628e+01
-1.605118129458161569e+00 -1.511732336515617892e+00 -4.920779971789172591e-01 -1.511732336515617892e+00 3.817603499195398875e-01 -1.965242392100564395e+00 -4.920779971789172591e-01 -1.965242392100564395e+00 8.524342563460889366e+00
-7.889265926205833779e+00 -9.745463815161720111e-02 1.404861369165015139e+00 -9.745463815161720111e-02 -6.963427439850346623e+00 6.393818700874623895e-01 1.404861369165015139e+00 6.393818700874623895e-01 -6.168134659048151391e+00
2.039009834024598788e+00 1.147492689747868555e+00 1.340141959344165246e+00 1.147492689747868555e+00 1.480401498101970859e+00 -1.113189777458490681e+00 1.340141959344165246e+00 -1.113189777458490681e+00 8.606631596929488204e-01
