1.263760840018290210e+01 -7.864186233732439746e+00 -4.234176314902536875e-01 -7.864186233732439746e+00 3.263537153399639124e+00 -3.810312636689495935e+00 -4.234176314902536875e-01 -3.810312636689495935e+00 8.234110674674502306e+00
1.077149549893570679e+01 1.794582276161453382e+00 -3.193250831753886576e+00 1.794582276161453382e+00 2.013664503932358585e+01 -7.529176850335680626e+00 -3.193250831753886576e+00 -7.529176850335680626e+00 3.099263117060347028e+01
6.806409648677059110e+00 -8.873100745008550838e-01 1.871851225936953300e+00 -8.873100745008550838e-01 1.221292947451882327e+01 1.689482581263369143e+00 1.871851225936953300e+00 1.689482581263369143e+00 9.201292973589629831e-01
1.228549867754751723e+01 -3.830202911638753704e+00 3.045166872294798210e+00 -3.830202911638753704e+00 2.402980558153245294e+00 2.948554795441985732e+00 3.045166872294798210e+00 2.948554795441985732e+00 1.058046663638359952e+01
2.730352665028511794e+01 -3.902750787626056539e+00 -3.922076076575816028e+00 -3.902750787626056539e+00 1.662892250903700031e+01 1.529923726073186829e+00 -3.922076076575816028e+00 1.529923726073186829e+00 2.854243977744420846e+01
7.370189854009219665e+00 -9.295525587352512886e+00 1.533840096370328698e+00 -9.295525587352512886e+00 5.005686813289583093e+00 -2.228580051721747779e+00 1.533840096370328698e+00 -2.228580051721747779e+00 5.597123932142670455e+00
1.900353658329827766e+01 5.657554806271466674e+00 4.468635252967879667e-01 5.657554806271466674e+00 3.230083520563384525e+01 3.947445793750305132e+00 4.468635252967879667e-01 3.947445793750305132e+00 2.279779548002773026e+01
