5.800740071818077936e+00 -1.748455264688251853e+00 4.170860554182874935e+00 -1.748455264688251853e+00 2.206075606154208391e+00 -4.428139675175534862e+00 4.170860554182874935e+00 -4.428139675175534862e+00 1.365424116391818643e+01
9.789859963668687826e+00 -3.177549577960269711e-01 3.065641121990200446e+00 -3.177549577960269711e-01 9.039643941079583911e+00 9.849977463445276638e-02 3.065641121990200446e+00 9.849977463445276638e-02 1.342190769269455686e+01
-3.272032019967274330e+00 3.031979266950666219e-01 -4.685544478424356063e-01 3.031979266950666219e-01 3.230610064101635093e+00 -1.717586437519185383e+00 -4.685544478424356063e-01 -1.717586437519185383e+00 -5.917799214100393002e+00
-3.363616858257889586e+00 -3.832545280237031449e+00 -2.847512615741736752e+00 -3.832545280237031449e+00 1.730076211637532113e+00 -2.417402133539965803e+00 -2.847512615741736752e+00 -2.417402133539965803e+00 3.210891521279667593e+00
8.340187423400731603e+00 -9.819940963515511712e+00 1.940745011081594029e+00 -9.819940963515511712e+00 2.818496385884542210e+00 9.406936147106844670e-01 1.940745011081594029e+00 9.406936147106844670e-01 5.898772806936337432e+00
-3.725508224962909676e+00 -2.571851320761132098e-01 -2.072215955024395151e-01 -2.571851320761132098e-01 2.784267928599082342e+00 2.044693816915286622e+00 -2.072215955024395151e-01 2.044693816915286622e+00 9.716481338558232039e+00
-5.741270718496962466e+00 3.897114050243597916e+00 -1.113762362468780243e+00 3.897114050243597916e+00 -5.942944434857015068e+00 -5.193746560627747755e+00 -1.113762362468780243e+00 -5.193746560627747755e+00 5.711973067300591289e+00
-3.623977851342480516e+00 -1.956954369075075251e+00 5.671488577947952914e-01 -1.956954369075075251e+00 3.302159395952305232e+00 -5.976345131470251815e+00 5.671488577947952914e-01 -5.976345131470251815e+00 5.817454487354326353e+00
3.097565401833310764e-02 -4.437209040646749258e+00 -2.107468698023979403e+00 -4.437209040646749258e+00 6.638131641121926663e+00 2.805787505216423838e+00 -2.107468698023979403e+00 2.805787505216423838e+00 2.329090619998329004e+00
3.370835171950976594e+00 -1.966807766779281666e-03 -3.731993509572687717e+00 -1.966807766779281666e-03 9.169533633945620821e+00 5.097882486943335678e+00 -3.731993509572687717e+00 5.097882486943335678e+00 1.204718585671093578e+01
-2.726072917031858722e+00 9.584459043160745706e-01 1.086779047086495087e+00 9.584459043160745706e-01 -5.703535493472723372e-01 3.329143102631006990e+00 1.086779047086495087e+00 3.329143102631006990e+00 3.038244802199545180e+00
