3.266745288574511363e+01 -2.377774085703256546e+00 -1.050369970443275847e+00 -2.377774085703256546e+00 2.790381002506473607e+01 1.237127248652183820e+00 -1.050369970443275847e+00 1.237127248652183820e+00 2.545992972123120879e+01
7.890883236737737505e+00 7.056895863167278460e-01 -7.197403911874405980e-01 7.056895863167278460e-01 -1.702940818117493649e+00 -6.259364861907449340e-01 -7.197403911874405980e-01 -6.259364861907449340e-01 -4.578058227856205420e+00
4.397591193416392485e+00 -1.681025830760704665e+00 -3.543803892083758900e+00 -1.681025830760704665e+00 1.008896804374659339e+00 7.040935682618415514e-01 -3.543803892083758900e+00 7.040935682618415514e-01 1.946304603735445893e+00
1.261929527756169200e+01 5.995342363248212791e-01 1.094312658075400568e+00 5.995342363248212791e-01 2.079333420862722992e+00 2.950363670983341624e+00 1.094312658075400568e+00 2.950363670983341624e+00 1.818374827186469389e+01
9.581429840157440481e+00 -1.423489531325745627e+00 -2.191479548087798879e+00 -1.423489531325745627e+00 -1.648645542041148992e+00 -1.016407036818231191e+00 -2.191479548087798879e+00 -1.016407036818231191e+00 -3.204202553587330637e+00
-1.704057768379631188e+00 1.814339724408417787e-01 7.163551512811807687e-01 1.814339724408417787e-01 8.280627809794299798e-01 -4.635183474693262085e+00 7.163551512811807687e-01 -4.635183474693262085e+00 4.854194362973124122e+00
8.366813924896058907e+00 -1.891323853695411117e+00 -1.035643777225244033e+00 -1.891323853695411117e+00 3.993580839456529752e+00 -1.186853143629408525e+00 -1.035643777225244033e+00 -1.186853143629408525e+00 1.156177334950473146e+01
1.582360065060927212e+01 -1.659207766213535995e-01 2.116590862399771122e+00 -1.659207766213535995e-01 -5.830768695382552380e+00 -5.079245344086388281e-01 2.116590862399771122e+00 -5.079245344086388281e-01 1.235158982033136255e+01
-1.136591476757889119e+01 2.246292120809225967e-01 6.365203473248490784e-01 2.246292120809225967e-01 -1.733433159493953468e+01 -2.100414591164135203e+00 6.365203473248490784e-01 -2.100414591164135203e+00 -4.292091401989870825e+00
2.706695550064353917e+00 1.071225225299481609e+00 6.357651795219908530e-01 1.071225225299481609e+00 -8.240635193735297293e+00 2.136754521727095568e+00 6.357651795219908530e-01 2.136754521727095568e+00 1.299396935328560687e+01
1.144121413893975703e+00 3.465525977569180238e+00 -3.048166180412875015e+00 3.465525977569180238e+00 -7.584400516294291350e+00 -4.200745263935032447e+00 -3.048166180412875015e+00 -4.200745263935032447e+00 9.280854114783496200e+00
3.802466894690123667e+00 7.870961741709993076e-01 -4.587423873976156363e-01 7.870961741709993076e-01 -7.224133106525146175e+00 2.271092539833698076e+00 -4.587423873976156363e-01 2.271092539833698076e+00 1.085253469841492269e+01
-3.847404708787660166e+00 -1.075203457948549435e+00 1.079921756274298206e+00 -1.075203457948549435e+00 -1.006553184613800944e+01 -8.410490365717209205e-01 1.079921756274298206e+00 -8.410490365717209205e-01 9.189427680137445265e+00
8.899091937250997120e+00 1.325889742251864512e+00 2.776680350452034318e+00 1.325889742251864512e+00 -9.870296822148674210e+00 1.114827562896552049e+00 2.776680350452034318e+00 1.114827562896552049e+00 -2.882631464367213514e+00
1.470459789162051001e+00 -2.459898921203863331e+00 2.527757879608156344e+00 -2.459898921203863331e+00 -5.278612626848181222e+00 3.896635765911619753e+00 2.527757879608156344e+00 3.896635765911619753e+00 8.573911410027919899e+00
1.025048833656279745e+00 1.043619589488059551e+00 6.416058978467439111e+00 1.043619589488059551e+00 -8.127373578303950907e+00 -1.176299646318890391e+00 6.416058978467439111e+00 -1.176299646318890391e+00 1.172333882659789950e+01
2.549850873580277621e+01 -1.542711836762179267e+00 -2.988402465340629366e+00 -1.542711836762179267e+00 2.696919682343947500e+01 4.372315714087670058e-01 -2.988402465340629366e+00 4.372315714087670058e-01 3.336862113336785285e+01
7.905024353074828092e+00 -1.151014427622871483e-01 4.907403172365071065e+00 -1.151014427622871483e-01 -9.096623719248430717e+00 1.953191115256831090e+00 4.907403172365071065e+00 1.953191115256831090e+00 1.349168537520478672e+01
4.151196743711428994e+00 -8.680041368470849950e-01 -2.823214453722271422e+00 -8.680041368470849950e-01 -9.872088587589969322e+00 -1.844310688165800682e+00 -2.823214453722271422e+00 -1.844310688165800682e+00 6.597507630362770215e+00
-9.547707277612888177e+00 7.949529307074706952e-02 -4.137933465777173581e+00 7.949529307074706952e-02 1.692015478846438770e+00 -3.504437831712102991e+00 -4.137933465777173581e+00 -3.504437831712102991e+00 1.304291667950781886e+00
1.021789102205636013e+01 -2.749081121862613220e+00 -1.476119180876935832e+00 -2.749081121862613220e+00 5.747930378633424375e+00 1.918378071256098716e+00 -1.476119180876935832e+00 1.918378071256098716e+00 3.418347311923272125e-01
1.213994257709720337e+01 -2.845421005453322438e-01 1.048972946478132329e+00 -2.845421005453322438e-01 1.590485298482680854e+01 1.345517000156428500e+00 1.048972946478132329e+00 1.345517000156428500e+00 5.415314145897177411e+00
1.038617602009190399e+01 2.760847915173492706e-01 -2.110454935773139695e+00 2.760847915173492706e-01 1.577781642868196776e+01 8.639923610220924255e-01 -2.110454935773139695e+00 8.639923610220924255e-01 3.716405472878631766e+00
-2.447775023656277416e+00 2.313812458762031898e+00 -1.555089384720597989e+00 2.313812458762031898e+00 -1.112337801560328820e+01 -2.513264961424205857e-01 -1.555089384720597989e+00 -2.513264961424205857e-01 -1.482603898239550944e+01
8.238873990551406123e+00 1.605478504074964174e+00 2.503995690123411499e+00 1.605478504074964174e+00 4.182891392819303888e+00 1.983278242021716320e+00 2.503995690123411499e+00 1.983278242021716320e+00 7.474805888335714243e+00
-5.180829090936912351e+00 4.528118089224356657e-01 3.143975425775308086e+00 4.528118089224356657e-01 -8.812748120794596574e+00 2.528742774163246776e-01 3.143975425775308086e+00 2.528742774163246776e-01 1.663010590307759440e+00
4.036316642991093495e+00 -1.614945583057237455e+00 -2.540558053293567209e+00 -1.614945583057237455e+00 -2.650364809380263864e+00 3.075389457646972302e-02 -2.540558053293567209e+00 3.075389457646972302e-02 2.373885990546422686e+00
1.080815110537204804e+00 -2.030173518048966841e+00 -3.122948022799458823e+00 -2.030173518048966841e+00 -7.655935435689404933e+00 1.571760015925383058e+00 -3.122948022799458823e+00 1.571760015925383058e+00 8.348443837767124620e+00
4.848132466244570615e+00 2.612706682028190924e-02 -1.273911333980427552e+00 2.612706682028190924e-02 -1.129327926474044475e+01 3.186019745430114458e+00 -1.273911333980427552e+00 3.186019745430114458e+00 1.205106928806578326e+00
-3.780825860095290425e-01 -8.052127250426794891e-01 -6.362252349116317429e-01 -8.052127250426794891e-01 -4.678035565354535130e+00 -1.711990787196302266e+00 -6.362252349116317429e-01 -1.711990787196302266e+00 8.997533663965496586e+00
1.451626958178465721e+01 4.144224720560066189e+00 -9.818783025890160943e+00 4.144224720560066189e+00 7.656005267456057695e+00 -3.110691007887518733e+00 -9.818783025890160943e+00 -3.110691007887518733e+00 9.605323758427005032e+00
-6.839914007231163995e-02 -9.482488349951741224e-02 1.052083654310357996e+00 -9.482488349951741224e-02 -7.553855132488782154e+00 -3.838392314721634779e+00 1.052083654310357996e+00 -3.838392314721634779e+00 4.837998113056309002e+00
4.816128104509835417e+00 3.488555453706252418e-01 -1.141414205747783406e+00 3.488555453706252418e-01 -4.974339790475536205e+00 -1.338121624264312803e+00 -1.141414205747783406e+00 -1.338121624264312803e+00 1.016532539955970726e+01
2.870896242281323563e+00 4.284148196261932995e+00 5.299057308501816665e-01 4.284148196261932995e+00 -1.149464557219706506e+01 1.332867122611145705e+00 5.299057308501816665e-01 1.332867122611145705e+00 1.809609379639159910e+00
1.143822660612958897e+00 -6.632137862536143791e-01 2.231044605102474598e+00 -6.632137862536143791e-01 -1.122270312588468855e+01 -5.001391417574030385e-01 2.231044605102474598e+00 -5.001391417574030385e-01 7.776956183839983439e+00
-3.763577895175486798e+00 -7.389210062510188637e-01 1.072024476138451865e+00 -7.389210062510188637e-01 -8.448404077783360222e+00 -2.524560073566954888e+00 1.072024476138451865e+00 -2.524560073566954888e+00 4.309855598349278338e+00
8.979513060449347606e+00 -1.659872684128967657e-01 -1.374435743224317497e+00 -1.659872684128967657e-01 4.033968825734366881e+00 2.539564452420057350e+00 -1.374435743224317497e+00 2.539564452420057350e+00 2.234338221632291344e+00
-7.488215373609280689e+00 4.509096977791992589e-01 1.576280534412041412e+00 4.509096977791992589e-01 -1.198719175901101508e+01 2.306707400217642423e+00 1.576280534412041412e+00 2.306707400217642423e+00 7.807198837497572264e+00
2.370058511475740204e+01 1.125749397554321574e+00 -1.286428051364178593e+00 1.125749397554321574e+00 1.594130477047030681e+01 -1.611709643948523674e+00 -1.286428051364178593e+00 -1.611709643948523674e+00 3.942512235585429181e+01
8.456841303201972693e+00 -1.721358947611740575e+00 3.649893491169787119e+00 -1.721358947611740575e+00 -9.988989494568892624e+00 9.389779305284726707e-01 3.649893491169787119e+00 9.389779305284726707e-01 2.104815455424321691e+00
1.040973591457155756e+01 -2.846119964754757703e+00 -1.670718167157944301e+00 -2.846119964754757703e+00 -2.616094560110536538e+00 -9.947852312835805400e-01 -1.670718167157944301e+00 -9.947852312835805400e-01 1.574860672315834442e+01
2.070132580256911226e+01 -7.537496199117225126e-01 -1.983071480805359998e+00 -7.537496199117225126e-01 2.111017623782139552e+01 -3.809987537440109762e+00 -1.983071480805359998e+00 -3.809987537440109762e+00 2.896884807546238960e+01
1.969384740536246170e+01 -2.267678402567672169e-01 3.397878119995535240e+00 -2.267678402567672169e-01 1.858937418354874183e+01 -2.413200473864049567e+00 3.397878119995535240e+00 -2.413200473864049567e+00 3.513319546603524657e+01
1.531652631518590368e+01 -3.893415997272069440e-01 1.501865666216244621e+00 -3.893415997272069440e-01 8.622472335207627403e-02 2.173952220340459096e+00 1.501865666216244621e+00 2.173952220340459096e+00 5.282709590548194889e+00
-1.988337911408309289e+00 -1.487075871543912964e+00 3.498712173296737227e+00 -1.487075871543912964e+00 -8.438734164275302874e+00 -7.575357441595402808e-01 3.498712173296737227e+00 -7.575357441595402808e-01 8.595795525676622972e+00
-9.730086184723885090e-01 1.652245158970552685e+00 6.711382355717026016e-01 1.652245158970552685e+00 -4.303448785620293648e+00 -1.900194913916468664e+00 6.711382355717026016e-01 -1.900194913916468664e+00 2.768265042073557503e+00
1.277650583784543592e+01 -2.170037350672403331e+00 -1.149259587356211698e+00 -2.170037350672403331e+00 1.590120617523268720e+01 1.499408128898376047e+00 -1.149259587356211698e+00 1.499408128898376047e+00 1.603174376826153491e+01
9.382103348326097603e+00 -2.137480321180461385e+00 2.986085911363819179e+00 -2.137480321180461385e+00 -1.107341490789415950e+01 -1.453373969039539526e+00 2.986085911363819179e+00 -1.453373969039539526e+00 3.466623542065513236e-02
8.799660271733356964e+00 2.285307776319950079e+00 -6.737671638374136407e+00 2.285307776319950079e+00 -9.188714758344945110e+00 7.060239687034350897e-01 -6.737671638374136407e+00 7.060239687034350897e-01 1.215679999628234809e+00
8.325415693324973887e+00 6.431571148234612734e-01 -5.519666879524146585e-01 6.431571148234612734e-01 -1.496378957413889488e+01 3.614274134469569244e+00 -5.519666879524146585e-01 3.614274134469569244e+00 -4.378508002933885757e-01
1.916327566522427261e+01 -3.129930081642796069e-01 2.637660540702723377e+00 -3.129930081642796069e-01 2.218815724351247454e+01 2.645046770015774928e+00 2.637660540702723377e+00 2.645046770015774928e+00 3.517339576152884462e+01
