8.106117334433644572e+00 1.037632560542929051e-02 1.943344524709541832e-01 1.037632560542929051e-02 -9.117486430650210139e+00 3.542971569147259636e-01 1.943344524709541832e-01 3.542971569147259636e-01 1.750520292610216577e+00
-1.414977996155136308e+00 6.319141600497804490e+00 6.418384433622821572e-02 6.319141600497804490e+00 3.884369971542688482e+00 -1.899119527836041321e+00 6.418384433622821572e-02 -1.899119527836041321e+00 6.867925557160216243e+00
1.936471912429908349e+00 4.800890320118471055e-01 -1.924889731586712616e+00 4.800890320118471055e-01 8.653113322933846163e+00 -4.265502655856661107e+00 -1.924889731586712616e+00 -4.265502655856661107e+00 1.422838894393716025e+01
-6.607573570139952501e+00 2.163000218777757500e+00 -6.980161359391469311e+00 2.163000218777757500e+00 1.329148510084384449e-01 3.650403512921822191e+00 -6.980161359391469311e+00 3.650403512921822191e+00 7.904995543844749228e+00
-1.371800464068891934e+01 -2.592837150944001134e+00 4.143788618843130545e-01 -2.592837150944001134e+00 -1.388917472601477243e+00 6.717169514483303239e-01 4.143788618843130545e-01 6.717169514483303239e-01 -4.601666886603730688e+00
1.091636827200751725e+01 7.041392284183637607e+00 -3.437698194176543875e-01 7.041392284183637607e+00 1.074760814517287777e+01 -1.865508729663163168e+00 -3.437698194176543875e-01 -1.865508729663163168e+00 4.609191919094950407e+00
2.052714281890525516e+00 7.231046850674534010e-01 -6.104859891968883456e-01 7.231046850674534010e-01 8.029014206846960988e+00 -4.034343433595699580e+00 -6.104859891968883456e-01 -4.034343433595699580e+00 1.725834506972123350e+01
