8.826653202854284785e+00 2.951104145617183150e+00 1.558953156787576289e+00 2.951104145617183150e+00 5.237959152773330906e+00 -3.256641849505288011e+00 1.558953156787576289e+00 -3.256641849505288011e+00 -3.074345897155938978e+00
7.945471451427758680e+00 3.871749427750669881e+00 -9.856752103269998955e+00 3.871749427750669881e+00 1.522796610663583072e+00 4.802389097170828514e+00 -9.856752103269998955e+00 4.802389097170828514e+00 -2.554902344432040007e+00
1.067023722334221381e+00 1.886440253903650888e+00 5.245948495022424218e+00 1.886440253903650888e+00 -3.055270804874836155e-01 9.984924175784811728e-01 5.245948495022424218e+00 9.984924175784811728e-01 8.601644854029013132e+00
-1.652536278864321084e-01 -4.465365286821131735e-02 6.896937590037627963e+00 -4.465365286821131735e-02 -1.376843862745678937e+00 -4.847360875937113178e+00 6.896937590037627963e+00 -4.847360875937113178e+00 7.749541461628062677e+00
1.150019027221860846e+01 -8.782935571080744408e-01 -1.151881589928367866e+00 -8.782935571080744408e-01 8.439564822408284428e+00 -3.212082678033825633e+00 -1.151881589928367866e+00 -3.212082678033825633e+00 8.488798888338193294e+00
