4.426166605378212715e+00 3.388117630328412400e+00 5.658749507661545941e+00 3.388117630328412400e+00 -4.072645611271060950e+00 4.367514285784354633e-01 5.658749507661545941e+00 4.367514285784354633e-01 -4.676768983784483247e+00
-2.360969071019779975e+01 -4.240584592822803423e+00 1.454016473512479646e+00 -4.240584592822803423e+00 -4.819438946698927140e+00 -9.636010590534899833e+00 1.454016473512479646e+00 -9.636010590534899833e+00 -1.638950629147621285e+01
2.372595337560366335e+00 4.992842628003626437e-01 1.694897164615226259e+01 4.992842628003626437e-01 -1.082691780013988669e+01 4.193767832130319562e+00 1.694897164615226259e+01 4.193767832130319562e+00 4.386221088686523828e+00
-4.906827575241127781e-01 -7.065597748156887681e-01 1.702190362580253968e-01 -7.065597748156887681e-01 -2.968906073661590650e+00 1.413122799078465830e+00 1.702190362580253968e-01 1.413122799078465830e+00 -7.879340535170404003e+00
-8.478075004873337761e+00 -4.392038247300823706e+00 1.097246459443580235e+01 -4.392038247300823706e+00 7.060246775235272665e+00 -5.670808911837879052e+00 1.097246459443580235e+01 -5.670808911837879052e+00 1.627048056387477359e+01
-3.297564260789988211e+00 -3.037215171791195711e+00 9.541376910237080455e-01 -3.037215171791195711e+00 5.796306171235901417e+00 3.471086431027831654e-01 9.541376910237080455e-01 3.471086431027831654e-01 5.765691996677714037e+00
-7.707014100811320212e+00 -5.037709726741782745e+00 1.873011266027594157e+00 -5.037709726741782745e+00 -1.028514967940233049e+01 -2.444529043809674729e+00 1.873011266027594157e+00 -2.444529043809674729e+00 4.596107712423456171e+00
2.674644387495962405e+01 8.172984612549933914e+00 6.659414863003610741e+00 8.172984612549933914e+00 6.163678523313092406e+00 1.054675814010003432e+00 6.659414863003610741e+00 1.054675814010003432e+00 1.298853924905682611e+01
2.921854648368310237e+01 6.048292116403438889e+00 2.959265803487063806e+00 6.048292116403438889e+00 2.585406114174920233e+01 -4.798246807160770011e+00 2.959265803487063806e+00 -4.798246807160770011e+00 1.224753186109149361e+01
-9.236650009046382337e+00 7.625438233874097804e-01 -1.241059967259920960e+00 7.625438233874097804e-01 -5.061399813970800743e+00 7.831128182803923643e-01 -1.241059967259920960e+00 7.831128182803923643e-01 1.361275380890852027e+01
-1.809752492683008995e+01 1.968024765497589312e+00 3.163421668084856808e+00 1.968024765497589312e+00 -6.609983658052136946e+00 -4.047367383719153722e+00 3.163421668084856808e+00 -4.047367383719153722e+00 -7.304355209850681430e-01
5.625606467099607322e+00 -5.304631347351342008e+00 -6.838416928383928006e-01 -5.304631347351342008e+00 -1.462642983769226213e+01 3.526655245282543039e+00 -6.838416928383928006e-01 3.526655245282543039e+00 -2.198577485994130498e+01
3.109096093908880931e+01 1.137150665269869076e+00 1.303220814092791890e+01 1.137150665269869076e+00 2.713009841025166402e+00 4.654319937027260323e+00 1.303220814092791890e+01 4.654319937027260323e+00 2.820128675819562147e+01
1.768571575751141722e+01 -2.443447085132794516e+00 2.022288582135876034e+00 -2.443447085132794516e+00 -6.805155516505952740e+00 -3.239696329389880614e+00 2.022288582135876034e+00 -3.239696329389880614e+00 5.521374466718167007e+00
-8.441010815084961649e+00 7.178062534522570148e-01 -7.526185537934086511e+00 7.178062534522570148e-01 1.180489849549314352e-01 -7.153237715476253200e+00 -7.526185537934086511e+00 -7.153237715476253200e+00 5.291900664942017052e+00
-1.034052617658531936e+01 -7.854620686311813316e+00 -3.827427120638881686e+00 -7.854620686311813316e+00 -1.133139223550757535e+01 -4.550085024509166409e+00 -3.827427120638881686e+00 -4.550085024509166409e+00 -8.573999158362503037e-01
