1.213225463580673136e+01 6.063267169196824291e+00 3.310793223457435097e+00 6.063267169196824291e+00 1.292032113285543282e+01 -1.323895253482108458e+00 3.310793223457435097e+00 -1.323895253482108458e+00 -1.035426586255682180e+00
4.495406331679970613e+00 1.305218239281460191e+00 -1.881003819534915911e+00 1.305218239281460191e+00 5.771378597172633462e+00 -1.694898472656073851e+00 -1.881003819534915911e+00 -1.694898472656073851e+00 4.690510553858343812e+00
-6.641727507075335879e+00 4.666430989714266397e-01 6.267119419101597089e+00 4.666430989714266397e-01 8.010258894394151952e+00 4.232251373281339824e+00 6.267119419101597089e+00 4.232251373281339824e+00 -6.574001182942509347e-01
2.175765783964799738e+01 6.232267701017990547e+00 9.272832510154653818e+00 6.232267701017990547e+00 2.269237502752228508e+01 3.272176910567216268e+00 9.272832510154653818e+00 3.272176910567216268e+00 1.738475203799936253e+01
-1.139698483213110336e+01 5.920229813074551650e+00 4.967936481057384057e+00 5.920229813074551650e+00 -4.365409954436456630e+00 2.068306892239684558e+00 4.967936481057384057e+00 2.068306892239684558e+00 -4.816975794535138355e+00
1.702769868651673901e+00 8.280440198817794695e+00 2.571515244097521080e+00 8.280440198817794695e+00 8.241131581680377849e+00 -2.882922077249473247e+00 2.571515244097521080e+00 -2.882922077249473247e+00 5.011023914989328532e+00
1.422635834336151817e+01 -8.347926560479582037e+00 5.139023987851119912e+00 -8.347926560479582037e+00 6.955563531896840068e+00 -2.678953706460105000e+00 5.139023987851119912e+00 -2.678953706460105000e+00 1.017725465796100615e+01
1.478110686599411849e+01 -3.452162698344813041e+00 -2.769972066310684600e+00 -3.452162698344813041e+00 3.845154720390994374e+00 4.830376545219464468e+00 -2.769972066310684600e+00 4.830376545219464468e+00 1.055237297962177356e+00
-1.798885333710293466e+00 -4.220457973048676870e+00 -2.471965055085720397e+00 -4.220457973048676870e+00 -5.639496990217349293e+00 -7.976763733095646458e-01 -2.471965055085720397e+00 -7.976763733095646458e-01 2.713566959475766094e+00
5.354673975466553770e+00 -1.861372696491903067e+00 -9.924469682094760881e-01 -1.861372696491903067e+00 4.549284629855081974e+00 2.264147884696929403e+00 -9.924469682094760881e-01 2.264147884696929403e+00 1.014035712634643893e+01
