-4.682195524898067895e-01 -2.764737129737090959e-01 3.167024697596560578e+00 -2.764737129737090959e-01 1.079262338492612106e+00 -2.805108757296738142e-01 3.167024697596560578e+00 -2.805108757296738142e-01 1.929452284017944885e+00
3.760863842009435576e+00 -3.369210894729883776e-01 1.057339035079670087e+00 -3.369210894729883776e-01 4.276550906983692002e+00 4.939061095751811514e+00 1.057339035079670087e+00 4.939061095751811514e+00 4.541154409814884829e+00
7.771585004441283751e-01 -6.012361973916673374e-01 1.983899873484294973e+00 -6.012361973916673374e-01 2.667114987147307215e+00 -2.875897091386733440e+00 1.983899873484294973e+00 -2.875897091386733440e+00 9.537816253742977812e-01
-3.799319398413958826e+00 3.639882368110864963e+00 1.100022965503454353e+00 3.639882368110864963e+00 8.561990961043440540e-02 2.913307594358880426e+00 1.100022965503454353e+00 2.913307594358880426e+00 -1.478985792943631861e+00
1.534684030690762313e+00 9.876209539897140566e-01 -4.310011277629641757e-01 9.876209539897140566e-01 1.286597631312637047e-01 5.336203850779116520e-01 -4.310011277629641757e-01 5.336203850779116520e-01 5.163127497729965709e-01
