-6.689826720975569074e+00 -1.917554985454252403e+00 3.662555824706773544e-01 -1.917554985454252403e+00 -1.145733421117852480e+00 -1.387949680441719069e+00 3.662555824706773544e-01 -1.387949680441719069e+00 -1.376129683030339113e+00
-9.871209127152456020e+00 1.984963988362966059e-01 -1.125934618281301480e+00 1.984963988362966059e-01 -6.142892279945286305e+00 4.565289696651512741e-01 -1.125934618281301480e+00 4.565289696651512741e-01 -4.739107857649185185e+00
-1.492201407838127203e+01 -1.082231241761006935e+00 1.586662972811510475e+00 -1.082231241761006935e+00 -1.056875294193018000e+01 1.727429098994386417e-02 1.586662972811510475e+00 1.727429098994386417e-02 9.216219525175764815e+00
-1.193052093327777641e+01 -2.261529763852439423e+00 -3.120867965705383384e-01 -2.261529763852439423e+00 -1.181507924123824438e+01 8.468515709004620362e-01 -3.120867965705383384e-01 8.468515709004620362e-01 -8.271041343437895321e+00
-1.162896937165106870e+01 7.109613547500549524e-01 5.641114009827710024e-02 7.109613547500549524e-01 -3.612873145201588532e+00 -3.780490822764131842e+00 5.641114009827710024e-02 -3.780490822764131842e+00 3.443605172363602751e+00
-3.100933931071888416e+00 6.188081960797031655e-01 -7.963400724802753849e-01 6.188081960797031655e-01 3.359662247590367468e+00 4.876681200701021623e+00 -7.963400724802753849e-01 4.876681200701021623e+00 1.146884396437510745e+01
-6.767030141619290617e+00 7.781873156142272707e-01 -1.275332572837237111e+00 7.781873156142272707e-01 1.472854663049108304e+01 -1.314351126457794727e+00 -1.275332572837237111e+00 -1.314351126457794727e+00 8.357812537215554727e+00
-1.225196937954521914e+01 -2.395287778244540089e+00 2.912290288273331473e+00 -2.395287778244540089e+00 -1.095250728148445596e+00 -1.822262693873669459e+00 2.912290288273331473e+00 -1.822262693873669459e+00 4.030390268289205657e+00
-1.103529909267892606e+01 3.262385310312436171e-01 1.266926582344272013e-03 3.262385310312436171e-01 -5.847797450824797849e+00 3.029780880512423225e-01 1.266926582344272013e-03 3.029780880512423225e-01 -2.443555851910552246e+00
-9.126116419609211050e+00 2.510619047455708408e+00 -1.589861232106233313e-01 2.510619047455708408e+00 -3.446821849595398835e+00 1.041282021951163567e-01 -1.589861232106233313e-01 1.041282021951163567e-01 -6.184954585492973278e-01
-1.272601919825415173e+01 -6.435657966469332525e-02 -2.178192320481351918e-01 -6.435657966469332525e-02 -1.260931716106906642e+01 1.480785434803183032e+00 -2.178192320481351918e-01 1.480785434803183032e+00 -5.714266679764107515e+00
-7.994150425468561139e+00 -3.120892646093350375e+00 2.226957476387221746e+00 -3.120892646093350375e+00 -3.691550931324365958e+00 -6.302861025610883017e-01 2.226957476387221746e+00 -6.302861025610883017e-01 5.918972399005380858e+00
-7.502750738157163646e+00 -3.491160989259052272e+00 2.391299243786845885e+00 -3.491160989259052272e+00 4.390185254964130479e+00 -6.637104229139664469e+00 2.391299243786845885e+00 -6.637104229139664469e+00 4.072647383371116092e+00
-1.481490556528688884e+01 1.460352915354793946e-01 4.683854409166450239e+00 1.460352915354793946e-01 -1.090233356709936352e+01 1.836093328072420983e+00 4.683854409166450239e+00 1.836093328072420983e+00 1.270833885259816221e+01
1.618405234443555107e+00 -3.461968972781757081e-01 -1.594501413396936629e+00 -3.461968972781757081e-01 -4.783209944514116962e+00 -3.275402512786722120e+00 -1.594501413396936629e+00 -3.275402512786722120e+00 9.351663727987377328e+00
-9.544223523002383303e+00 -6.474983060250600886e-01 -1.614433338538747709e+00 -6.474983060250600886e-01 -9.150199033068364685e+00 -1.661932177246778775e+00 -1.614433338538747709e+00 -1.661932177246778775e+00 3.181920731881059172e+00
-1.069602109000472545e+01 -2.477759578915451844e+00 -9.623821123366768093e-01 -2.477759578915451844e+00 -4.935472101364303477e+00 -1.947703822609774038e+00 -9.623821123366768093e-01 -1.947703822609774038e+00 2.650542039000045147e+00
-4.222945956657157218e+00 -9.071863371858502889e-01 1.074796542162629182e-01 -9.071863371858502889e-01 6.882906132952466560e-01 -2.171777081545888333e+00 1.074796542162629182e-01 -2.171777081545888333e+00 8.449693172876834524e+00
-3.931229143306539525e-02 -1.519554178315041248e+00 -1.614318594263126905e-01 -1.519554178315041248e+00 -1.153314221484262186e-01 6.377560114466483965e-01 -1.614318594263126905e-01 6.377560114466483965e-01 5.040911471186057646e+00
-1.093871487132883402e+01 2.166293912026856283e+00 -1.575266385494126231e+00 2.166293912026856283e+00 3.333775158733578881e+00 -5.294826949265575067e+00 -1.575266385494126231e+00 -5.294826949265575067e+00 2.876309209367985398e-01
-9.485532641530941333e+00 2.905761084206680334e+00 -1.112799656821998884e+00 2.905761084206680334e+00 8.164384783872908002e+00 -1.939392407774235272e+00 -1.112799656821998884e+00 -1.939392407774235272e+00 7.507888909240632458e+00
-4.399000790092980395e+00 -4.280495852108989197e-01 6.356989584481470557e-02 -4.280495852108989197e-01 -4.364218502151640422e+00 -9.158059550124687531e-01 6.356989584481470557e-02 -9.158059550124687531e-01 4.673265973817733787e+00
1.125290763709532982e+01 2.647824637767427269e+00 -2.543677888164997736e+00 2.647824637767427269e+00 1.902610108939709832e+01 -4.140613671029616860e+00 -2.543677888164997736e+00 -4.140613671029616860e+00 1.444476908216632793e+01
-1.020066237360812877e+01 -1.909067809558295359e+00 -7.165689127155072669e-01 -1.909067809558295359e+00 -5.793669412039604616e+00 -4.334741384356525229e-01 -7.165689127155072669e-01 -4.334741384356525229e-01 -4.872611165209837836e+00
1.150320977053767635e+01 -1.954253681489013905e+00 -3.996427276236621307e+00 -1.954253681489013905e+00 7.486908058166821256e+00 1.911708084590292955e+00 -3.996427276236621307e+00 1.911708084590292955e+00 1.204593526398568848e+01
-8.553895292221486812e+00 -5.615692336604491963e+00 4.472284887810670462e+00 -5.615692336604491963e+00 7.835786814428640668e+00 -2.696464948080179003e+00 4.472284887810670462e+00 -2.696464948080179003e+00 -9.413358379995155900e-01
-4.843288479323914153e+00 -7.928889895562407641e-02 4.334157756625713898e-01 -7.928889895562407641e-02 -2.812303908524022233e+00 1.426636519682265680e+00 4.334157756625713898e-01 1.426636519682265680e+00 5.542545150508617624e+00
-2.010479271236569332e+00 -1.077263137256532000e+00 -5.281370205108077975e-01 -1.077263137256532000e+00 1.807132618784740519e+00 2.224067054501688734e+00 -5.281370205108077975e-01 2.224067054501688734e+00 9.222686600262207435e+00
-1.134127667054785071e+01 -2.273410902620112140e+00 -5.804909517973647626e-01 -2.273410902620112140e+00 -9.855286964601868149e+00 1.717929410630063103e+00 -5.804909517973647626e-01 1.717929410630063103e+00 -6.997380305896824915e+00
-9.761070406214599871e+00 -3.590688767136980708e+00 2.701975967524826716e-01 -3.590688767136980708e+00 -2.582271149803667232e+00 -1.594320155532406247e+00 2.701975967524826716e-01 -1.594320155532406247e+00 2.369703904315068499e+00
-9.093896854559082144e+00 -3.272133446593156858e+00 1.729719007879960413e-01 -3.272133446593156858e+00 -1.351267141697774787e-01 -1.127046582694742005e+00 1.729719007879960413e-01 -1.127046582694742005e+00 -5.470282822259472155e+00
-1.172088407252054587e+01 3.060290776118150813e+00 1.080408663676029613e-01 3.060290776118150813e+00 -9.592919632271952324e+00 1.150142277199295737e+00 1.080408663676029613e-01 1.150142277199295737e+00 -3.763122411071630147e+00
-7.183038229384664852e+00 8.979296942026919748e-01 5.637782445139886134e-01 8.979296942026919748e-01 -5.803810711793676802e+00 1.454658330073459016e+00 5.637782445139886134e-01 1.454658330073459016e+00 -1.075280338834222693e+00
-1.029094352764931664e+01 -2.142079976806946728e+00 7.980189552674806786e-01 -2.142079976806946728e+00 2.737565086974316220e+00 -4.095323723835880614e+00 7.980189552674806786e-01 -4.095323723835880614e+00 -3.636934878110942848e-01
-1.787421718202818965e+01 3.466480902638541473e+00 2.370430784176811301e+00 3.466480902638541473e+00 -7.339090024965277514e+00 -3.668128679126015257e+00 2.370430784176811301e+00 -3.668128679126015257e+00 3.928093874165995647e+00
-7.483177545139544584e+00 -2.296998772080485640e+00 2.945694798706314455e+00 -2.296998772080485640e+00 -2.885249237854909499e+00 -3.449758815763560360e+00 2.945694798706314455e+00 -3.449758815763560360e+00 6.969358193398246470e+00
-7.926731832336669115e+00 9.709330440879017088e-01 -1.037366067060281477e-01 9.709330440879017088e-01 -8.569590124528526642e-01 -1.923753974125873983e-02 -1.037366067060281477e-01 -1.923753974125873983e-02 2.476908928210163729e+00
-8.785507321343947851e+00 -4.407892610651389376e+00 -2.961541253140804741e+00 -4.407892610651389376e+00 -6.084966107039645467e-01 1.611324942842182972e+00 -2.961541253140804741e+00 1.611324942842182972e+00 -3.664920792707168307e+00
-9.179898275709325262e+00 -3.082611718996179473e+00 -2.814730787994269345e+00 -3.082611718996179473e+00 -1.052457301622958807e+00 7.047846763213272414e-01 -2.814730787994269345e+00 7.047846763213272414e-01 -3.378754984939554618e+00
-3.198336791756957176e+00 -1.442514265685234109e+00 -1.056642648009496588e+00 -1.442514265685234109e+00 3.245884021468690150e+00 4.432898353504301503e-01 -1.056642648009496588e+00 4.432898353504301503e-01 6.869554880678932385e+00
-1.299704591749503102e+01 -2.186150145834899305e+00 -3.511936345244194291e-01 -2.186150145834899305e+00 -2.816240999104515197e+00 -4.271423143297480962e+00 -3.511936345244194291e-01 -4.271423143297480962e+00 1.614501710601144113e+00
