-2.068866150648093427e+00 -1.461616192061512498e+00 -3.883776960603912976e+00 -1.461616192061512498e+00 -7.249040472147131986e+00 -1.991237583853415538e+00 -3.883776960603912976e+00 -1.991237583853415538e+00 -6.186193515655858732e+00
-1.750267817001569526e+01 7.716735183259092246e+00 7.565081588230424536e+00 7.716735183259092246e+00 -1.512540963211756662e+01 5.543476222384525975e+00 7.565081588230424536e+00 5.543476222384525975e+00 -7.309751394411651226e+00
-1.385595241955490842e+01 -1.934994773792723111e+00 5.181929925952287519e+00 -1.934994773792723111e+00 -1.439260062739820967e+01 -2.926524499642815691e+00 5.181929925952287519e+00 -2.926524499642815691e+00 -1.008194308949206253e+01
-1.541663703053803935e+01 3.620561942587298354e+00 -4.260794485266189646e+00 3.620561942587298354e+00 -1.097408081194029705e+01 -1.294321111289057580e+00 -4.260794485266189646e+00 -1.294321111289057580e+00 -7.625204014555568399e+00
-7.998381928052170409e+00 3.233309187441229415e+00 3.752468849487970992e+00 3.233309187441229415e+00 2.005882062245383235e+00 -1.640810238133900034e+00 3.752468849487970992e+00 -1.640810238133900034e+00 -1.991695213194180170e+01
2.153604834706682070e+00 -2.938821678599243370e+00 -7.279824348566574344e+00 -2.938821678599243370e+00 -4.752178544176532959e+00 -1.088807747341115073e+00 -7.279824348566574344e+00 -1.088807747341115073e+00 -1.135239436948217850e+01
-1.587565571493004057e+01 1.478306793636071648e+00 2.262061837123128694e+00 1.478306793636071648e+00 -1.336994386371713794e+01 5.649754916396012572e-01 2.262061837123128694e+00 5.649754916396012572e-01 -1.579326112599055776e+01
-1.778938928294319055e+01 4.568990475429387743e+00 1.717954941504881594e+00 4.568990475429387743e+00 -9.371291981208171862e+00 2.641430210819808444e+00 1.717954941504881594e+00 2.641430210819808444e+00 -1.729971115277027138e+01
-1.370115085959621659e+01 2.468943898253106894e+00 4.251464682282490415e+00 2.468943898253106894e+00 -1.098514708630529846e+01 -3.410268340660767561e-01 4.251464682282490415e+00 -3.410268340660767561e-01 -1.058712650857284210e+01
-1.701062643971809152e+01 -1.812533455958353912e+00 1.557579956672139332e+00 -1.812533455958353912e+00 -8.035794454331364634e+00 -3.769245406474350357e+00 1.557579956672139332e+00 -3.769245406474350357e+00 -1.233023506058717267e+01
-6.080662256629200790e+00 -3.551592408942989998e+00 -2.423385810885893221e+00 -3.551592408942989998e+00 -1.486483424696114497e+01 -2.415342673807769458e+00 -2.423385810885893221e+00 -2.415342673807769458e+00 -2.234150602691031651e+01
-6.095797763416098469e+00 3.986060126545936999e+00 -7.477944422108117273e+00 3.986060126545936999e+00 9.696424799794015614e-01 -4.838554164251459788e+00 -7.477944422108117273e+00 -4.838554164251459788e+00 1.875624690909364789e+00
-8.409981445124911303e+00 -5.490183823654247064e+00 -7.561935441810538450e+00 -5.490183823654247064e+00 -1.289484929733810681e+01 -1.132485490332923117e+00 -7.561935441810538450e+00 -1.132485490332923117e+00 -2.871303620912920351e+00
-1.131542400448449115e+01 -1.881516307021182666e+00 3.410428129989263812e+00 -1.881516307021182666e+00 -1.597913374566644684e+01 -1.882425233143308341e-01 3.410428129989263812e+00 -1.882425233143308341e-01 -1.458754496606311157e+01
-1.166740984612337861e+01 2.437626149733136405e+00 -1.032326846438641033e+00 2.437626149733136405e+00 -8.600588770531482297e+00 -1.906435233907675997e+00 -1.032326846438641033e+00 -1.906435233907675997e+00 -1.398697527758348080e+01
-4.720043872142493768e+00 -2.247410309684279017e+00 -4.712480507322267531e-01 -2.247410309684279017e+00 -1.859010898807063272e+00 3.457175860513169940e+00 -4.712480507322267531e-01 3.457175860513169940e+00 -1.484346558443378328e+01
-2.675302689567679337e+01 -2.518810197972479958e+00 3.893216579995758320e+00 -2.518810197972479958e+00 -1.141315395662969223e+01 7.537104060394477223e+00 3.893216579995758320e+00 7.537104060394477223e+00 -8.665017176096563745e+00
-1.215994706539827064e+01 1.359139701383489163e+00 -2.001694769010776920e+00 1.359139701383489163e+00 -1.096056325758086025e+01 7.331787586339751916e-01 -2.001694769010776920e+00 7.331787586339751916e-01 -1.541826938239597844e+01
-5.783778226414793444e+00 3.601357729557837839e+00 -3.789767260224204293e+00 3.601357729557837839e+00 -1.641562359267370397e+01 8.293941245961909958e-01 -3.789767260224204293e+00 8.293941245961909958e-01 -1.674049772344599063e+01
-5.099855262218786045e+00 -6.100137786503980308e+00 -4.139430175193449801e-01 -6.100137786503980308e+00 -1.079696348263310846e+01 4.008403761845678592e-01 -4.139430175193449801e-01 4.008403761845678592e-01 -6.362149251986742193e+00
-4.596382695291161724e+00 4.090044153270427918e-01 2.097118275187071834e+00 4.090044153270427918e-01 -4.358090394885049790e+00 -4.108402413227301153e+00 2.097118275187071834e+00 -4.108402413227301153e+00 -1.176974238807013684e+00
-8.958078684271113090e+00 -5.729415393705639126e+00 -6.164676294824525726e+00 -5.729415393705639126e+00 -1.172105040059896552e+01 7.008013560043416135e+00 -6.164676294824525726e+00 7.008013560043416135e+00 -2.854130332830642658e+00
-6.784394923544950551e+00 -6.376580955482473279e+00 2.470792070168831012e-01 -6.376580955482473279e+00 -1.282464519875294151e+01 1.565010063529154616e+00 2.470792070168831012e-01 1.565010063529154616e+00 -1.314139948032365801e+01
-1.429985559046619237e+01 -7.573457926925308836e-01 3.711056149226130696e+00 -7.573457926925308836e-01 -1.883831976926412821e+01 5.356458365450366133e-01 3.711056149226130696e+00 5.356458365450366133e-01 -3.136020651907259205e-01
-8.874477700881969966e+00 -1.199888172084310062e-01 -8.865366253789458639e+00 -1.199888172084310062e-01 -8.138657328513396294e+00 -3.842070275067271279e+00 -8.865366253789458639e+00 -3.842070275067271279e+00 -7.180526019930308479e+00
-2.529269474952228869e+00 -3.098336949937062546e+00 -5.791412351279506820e-01 -3.098336949937062546e+00 -8.090596674101302455e+00 -3.599475643011133652e+00 -5.791412351279506820e-01 -3.599475643011133652e+00 -3.622563548628106478e+00
-3.343971848093977961e+00 5.778028039889658629e+00 -7.435037646834705249e+00 5.778028039889658629e+00 -9.489998504522615619e+00 -4.999195776349794507e+00 -7.435037646834705249e+00 -4.999195776349794507e+00 -1.540456111616249046e+01
-1.529426878361140663e+00 5.421077495121413570e+00 -6.955527585017454051e+00 5.421077495121413570e+00 -1.072365941061222649e+01 -5.149917094672697537e+00 -6.955527585017454051e+00 -5.149917094672697537e+00 -9.150415964250729672e+00
-7.952263468103460298e+00 1.355334186507595184e+00 -1.646036976007465791e+00 1.355334186507595184e+00 -1.087442337299895367e+00 1.353048932067173249e+00 -1.646036976007465791e+00 1.353048932067173249e+00 2.656000569782416942e+00
3.875385881316804060e+00 -1.327746746864054694e-01 -6.018442453195042674e+00 -1.327746746864054694e-01 6.329485866748483680e+00 1.768092756274828981e+00 -6.018442453195042674e+00 1.768092756274828981e+00 8.480661204174881007e+00
-1.225857397528071502e+01 -2.769848493292125902e+00 -9.160367729735235942e-01 -2.769848493292125902e+00 -9.629924664965590964e+00 -4.998979225349259536e+00 -9.160367729735235942e-01 -4.998979225349259536e+00 -2.167983999609009160e+01
-8.462100436380440627e+00 -7.495208310910095317e-01 -1.093557560281234853e+00 -7.495208310910095317e-01 -1.228252773704133771e+00 1.981853715196787435e+00 -1.093557560281234853e+00 1.981853715196787435e+00 -1.502178645205320429e+01
-1.587802396132723715e+01 1.218038498587168617e+00 4.981485585126170790e+00 1.218038498587168617e+00 -7.451722797116064889e+00 4.522231315469107393e+00 4.981485585126170790e+00 4.522231315469107393e+00 -8.020400125458914786e+00
-2.481111542541926340e+00 4.213090690618799705e+00 -4.758451658676298379e+00 4.213090690618799705e+00 -6.934125278243004509e+00 -2.831787540196065045e+00 -4.758451658676298379e+00 -2.831787540196065045e+00 -1.357030425170595578e+00
6.371584490132740974e+00 1.086617897960356238e+00 -8.817455980239104818e+00 1.086617897960356238e+00 3.412396787098443074e+00 -2.635233132549684942e+00 -8.817455980239104818e+00 -2.635233132549684942e+00 -9.745717329841147247e+00
-5.524608600210378029e+00 -1.800182459393248946e+00 1.793974722030050373e+00 -1.800182459393248946e+00 -9.779767058945576963e+00 6.938265883511161469e+00 1.793974722030050373e+00 6.938265883511161469e+00 -1.301596810039941943e+01
2.575026646619304138e+00 1.755123951999582266e+00 -2.805698876724895818e+00 1.755123951999582266e+00 -6.364277018556638410e+00 -2.175398972774195361e+00 -2.805698876724895818e+00 -2.175398972774195361e+00 2.383876328814308110e+00
-1.335856621346273165e+01 -6.245928983247595490e+00 -3.390276327620008079e+00 -6.245928983247595490e+00 -3.223684357282088797e+00 1.276107770446231138e+00 -3.390276327620008079e+00 1.276107770446231138e+00 -3.609659168932770612e+00
-7.167190727241222525e+00 9.614545413729573831e-01 3.441476642950275444e+00 9.614545413729573831e-01 -1.518180934371065405e+01 -2.950971851722210992e+00 3.441476642950275444e+00 -2.950971851722210992e+00 -2.402076688368718038e+01
-2.007577045584081077e+01 4.948631017048034764e+00 -5.135981796566176927e-01 4.948631017048034764e+00 -1.877249060625420185e+01 -7.953400586410707129e-01 -5.135981796566176927e-01 -7.953400586410707129e-01 -2.258163530466472224e+01
-4.012382927435627522e+00 2.081626174974294585e+00 -2.366962401845022601e+00 2.081626174974294585e+00 -2.216499499551469299e+01 2.623927298984487955e+00 -2.366962401845022601e+00 2.623927298984487955e+00 -1.348292376169459139e+01
-1.503523456432426109e+01 -2.057621427298631289e+00 6.939647920260382241e-01 -2.057621427298631289e+00 -3.926468125488092653e+00 3.339059114499649095e+00 6.939647920260382241e-01 3.339059114499649095e+00 -2.238002991138644759e+00
-3.926141934753660134e+00 5.192315651150571476e+00 9.545277622584898980e-01 5.192315651150571476e+00 -1.412283835678313082e+01 -3.532126269094755688e+00 9.545277622584898980e-01 -3.532126269094755688e+00 -1.138744577578007444e+01
-1.872643525435788803e+01 -4.812291349971874688e+00 -5.002837539178368154e+00 -4.812291349971874688e+00 -1.810802750847842546e+01 1.355807332413276889e+00 -5.002837539178368154e+00 1.355807332413276889e+00 -1.457549960823141788e+01
6.823807626603655585e+00 -2.602935831755540663e-01 3.851844282640817241e+00 -2.602935831755540663e-01 3.175965057540977909e+00 5.108856447401299405e+00 3.851844282640817241e+00 5.108856447401299405e+00 4.682324784949486451e-01
3.813136849317082966e+00 2.643524532901045720e+00 3.371323433963875793e+00 2.643524532901045720e+00 3.877078931841133613e-01 -2.946563411389755416e+00 3.371323433963875793e+00 -2.946563411389755416e+00 -7.704122540275757380e+00
-1.866039474703946865e+01 -7.717701916139938945e+00 -2.164087660612721287e+00 -7.717701916139938945e+00 -1.521495986138287648e+01 2.499537405065284545e+00 -2.164087660612721287e+00 2.499537405065284545e+00 -2.564476760279967493e+01
-7.980826875234735773e+00 8.828332332390422810e-01 7.252149003063200539e+00 8.828332332390422810e-01 -8.562490817363174855e+00 1.251568413625217202e+00 7.252149003063200539e+00 1.251568413625217202e+00 -1.844135405822543206e+01
-1.782272380935278022e+01 5.383680187114399107e-01 9.721000168084107385e-01 5.383680187114399107e-01 -1.666236705452601896e+01 5.600685370485458670e-01 9.721000168084107385e-01 5.600685370485458670e-01 -8.459509943177975444e+00
-1.186549465311409612e+01 1.451960292955051246e+00 4.740984813129307973e+00 1.451960292955051246e+00 -1.548092795174493652e+01 9.444583868645519686e+00 4.740984813129307973e+00 9.444583868645519686e+00 -8.920596439476108586e+00
-1.751812227173815018e+01 -1.612075847364183856e+00 4.531927311654390778e+00 -1.612075847364183856e+00 -1.068009440707865032e+01 -1.469878629556657934e+00 4.531927311654390778e+00 -1.469878629556657934e+00 -1.873429431385567057e+01
-1.821771863606442210e+01 8.549618509044089043e-01 4.513370985948735203e+00 8.549618509044089043e-01 -2.081990061182780138e+01 -3.201075926337801469e+00 4.513370985948735203e+00 -3.201075926337801469e+00 -7.059566601628378457e+00
-7.252595071563397333e+00 4.390108522533000546e+00 -8.821866276931945805e+00 4.390108522533000546e+00 -4.628406170218184457e+00 2.983133205548585298e+00 -8.821866276931945805e+00 2.983133205548585298e+00 -3.664348622114086851e+00
-2.215313154310891619e+01 -1.291843349059390800e+00 3.907543828775939865e+00 -1.291843349059390800e+00 -1.536092725219015165e+01 5.318940580077072156e+00 3.907543828775939865e+00 5.318940580077072156e+00 -6.062171488521629570e+00
-1.220211119498717522e+01 -1.776228519808454642e+00 -2.835423189029676827e+00 -1.776228519808454642e+00 -5.685522360503325601e+00 2.097427503223757483e+00 -2.835423189029676827e+00 2.097427503223757483e+00 -1.031214980632881151e+01
-1.493251247853527275e+01 3.181928329177714065e+00 2.196015931478541017e+00 3.181928329177714065e+00 -1.480127893315733090e+01 -2.063847809913340825e+00 2.196015931478541017e+00 -2.063847809913340825e+00 -2.238098647120804863e+00
2.916398649493282313e+00 -5.409942916242475697e+00 -6.896669337241807085e+00 -5.409942916242475697e+00 1.034274375573944749e+00 -2.110144500451880401e+00 -6.896669337241807085e+00 -2.110144500451880401e+00 8.355561031097353819e+00
7.907520674657485538e-01 -1.835499018642119839e+00 3.795465695774239201e+00 -1.835499018642119839e+00 -1.246873311497119374e+01 1.748576994437071930e+00 3.795465695774239201e+00 1.748576994437071930e+00 -1.318456768261565948e+01
-2.133080654231287099e+01 6.961413419518471812e-01 1.713853301164369458e-01 6.961413419518471812e-01 -2.334462080336333045e+01 5.728167690088594277e+00 1.713853301164369458e-01 5.728167690088594277e+00 -2.756035891191219989e+01
-8.897528119407055458e-01 1.164785792142189136e+00 -6.189376389035917692e-01 1.164785792142189136e+00 -2.202543374665702203e+01 2.142243430634121815e+00 -6.189376389035917692e-01 2.142243430634121815e+00 -9.394018342897153317e+00
-1.054614194251943537e+01 -1.668525914080595252e+00 -3.152717982259550134e+00 -1.668525914080595252e+00 3.933379541270001667e+00 -4.759698960818694147e+00 -3.152717982259550134e+00 -4.759698960818694147e+00 -1.100636855593472418e+01
-1.869723523840559309e+01 1.907654945012693837e+00 -2.715309301506627637e+00 1.907654945012693837e+00 -1.547472656635764920e+01 -1.479469628562948058e+00 -2.715309301506627637e+00 -1.479469628562948058e+00 -7.872619484505976040e+00
-8.895770117149199407e+00 -2.525785942151843155e+00 -1.631071237190518053e+00 -2.525785942151843155e+00 -1.212645751947330375e+01 3.124697690896002911e+00 -1.631071237190518053e+00 3.124697690896002911e+00 -1.461120361078172714e+01
-2.369554441231818576e+00 -1.520609014315317031e+00 -3.186353645617460817e+00 -1.520609014315317031e+00 -1.632855766120452357e+00 5.024671988792131394e+00 -3.186353645617460817e+00 5.024671988792131394e+00 4.260983071996711780e-01
-2.006082817052853073e+01 3.479017642904844720e-01 -4.443772828124009089e-01 3.479017642904844720e-01 -2.353368343547641928e+01 -7.264408380757062522e-01 -4.443772828124009089e-01 -7.264408380757062522e-01 -1.381485688276972468e+01
-4.521330074399343424e+00 -5.344290415288811325e+00 -4.309740397638537779e+00 -5.344290415288811325e+00 -2.755601860213475085e+00 -5.725511808322165663e+00 -4.309740397638537779e+00 -5.725511808322165663e+00 3.914071364797150121e+00
-2.759063559557407430e+01 -6.352009000092757596e+00 -1.797567320341918462e+00 -6.352009000092757596e+00 -2.100411223260826077e+01 2.507877390718527000e-01 -1.797567320341918462e+00 2.507877390718527000e-01 -2.436491225317108444e+01
-8.176432184009266635e+00 2.395451400508317452e-01 -3.887486778990108416e+00 2.395451400508317452e-01 -4.653767933139354440e+00 4.855258763967856162e+00 -3.887486778990108416e+00 4.855258763967856162e+00 -2.505034122246386019e+01
-7.235870793931072242e+00 -5.539646494552668443e+00 -4.549086300360128732e+00 -5.539646494552668443e+00 -8.060376479155957341e+00 2.433563010357099543e+00 -4.549086300360128732e+00 2.433563010357099543e+00 3.972866057493553149e-01
-1.975103652382778296e+00 -8.603703434758286361e-01 2.926935335425450813e+00 -8.603703434758286361e-01 -7.265379773614417225e+00 2.527797558456759131e+00 2.926935335425450813e+00 2.527797558456759131e+00 9.563582710099206352e+00
-8.017751202659846754e+00 -1.585052912978120565e+00 -3.010307987549293074e+00 -1.585052912978120565e+00 -9.865284780165112011e+00 6.956360104534422106e+00 -3.010307987549293074e+00 6.956360104534422106e+00 -1.910923516758444762e+01
-1.183983088416514207e+01 -1.910113311141375281e+00 -1.089754962026572072e+00 -1.910113311141375281e+00 -2.627996742897878435e-01 4.549469389363057559e+00 -1.089754962026572072e+00 4.549469389363057559e+00 -2.014170443694451862e+01
8.950630255252438161e+00 -1.007727020227005710e+01 6.248029968056391326e+00 -1.007727020227005710e+01 8.618884410292368958e-01 2.784441914531161633e+00 6.248029968056391326e+00 2.784441914531161633e+00 -7.645267052090352955e+00
-2.054279112224725878e+01 5.101133799815920078e+00 2.526073206757213807e+00 5.101133799815920078e+00 -2.258927528753347147e+01 -1.952428639747284533e+00 2.526073206757213807e+00 -1.952428639747284533e+00 -2.027883111328263865e+01
-3.556325357302181356e+00 -9.915907017835568382e+00 3.129749624128316476e+00 -9.915907017835568382e+00 -5.562611982527335464e+00 1.575057871011212585e-01 3.129749624128316476e+00 1.575057871011212585e-01 7.943989497674849964e+00
-3.194168553664600729e+00 -2.705786807783366221e+00 -2.135565862370621293e+00 -2.705786807783366221e+00 -9.869087969972486718e+00 4.645711664111316530e+00 -2.135565862370621293e+00 4.645711664111316530e+00 -1.410951365001206526e+01
-5.088659112701868992e+00 -1.579338912354666835e+00 3.022970643171022598e+00 -1.579338912354666835e+00 -5.852707095870949061e+00 -1.601989520943001510e+00 3.022970643171022598e+00 -1.601989520943001510e+00 -1.705546174430767792e+01
-5.965211992915512518e+00 -6.638476556713148291e+00 1.478925734946314074e+00 -6.638476556713148291e+00 -2.062631525843868729e+01 7.198092283867140395e+00 1.478925734946314074e+00 7.198092283867140395e+00 -1.450973481052400338e+01
3.091348203220937396e+00 -4.662857630679913434e+00 1.844171860699035159e+00 -4.662857630679913434e+00 -1.168248375342274059e+01 1.325384233114785371e+00 1.844171860699035159e+00 1.325384233114785371e+00 -1.812482333750251584e+01
-1.017473453389629690e+01 -1.490022944979775943e+00 -4.957820596074296038e-01 -1.490022944979775943e+00 9.091069605905146567e-01 -3.652688968894262977e+00 -4.957820596074296038e-01 -3.652688968894262977e+00 -1.386220019454833619e+01
-1.755509425089366715e+01 2.948146834648264214e+00 2.428903807094547063e-01 2.948146834648264214e+00 -1.195879271037333424e+01 4.499760431933506055e+00 2.428903807094547063e-01 4.499760431933506055e+00 -1.990317271280606448e+01
-3.396751645520225793e+00 -4.049776578900928570e+00 -2.313676873108795551e+00 -4.049776578900928570e+00 -1.083250161764651764e+01 2.600705494399159878e+00 -2.313676873108795551e+00 2.600705494399159878e+00 -6.840500355100934904e+00
-5.091582210234288475e+00 -6.035793480024243429e+00 -5.422203272554516396e+00 -6.035793480024243429e+00 -2.785463855774190645e+00 -1.031208670171202879e+00 -5.422203272554516396e+00 -1.031208670171202879e+00 -4.650886022522302099e+00
-1.456059369460395025e+01 -3.653385407583977784e+00 -1.654484504615455265e+00 -3.653385407583977784e+00 -1.585960499812157032e+01 -2.634633823910702777e+00 -1.654484504615455265e+00 -2.634633823910702777e+00 -6.320844609239670397e+00
-1.082387469977150829e+01 -6.433287450014131270e-01 9.006322205448017426e-01 -6.433287450014131270e-01 -1.988496807151920009e+01 4.504804237712999537e+00 9.006322205448017426e-01 4.504804237712999537e+00 -1.067996664468924628e+01
-1.226212486266142498e+01 -1.737291440909808582e+00 -1.714917644340285596e+00 -1.737291440909808582e+00 -1.733783751886678104e+01 -2.783304564221552813e+00 -1.714917644340285596e+00 -2.783304564221552813e+00 -1.187298431959962919e+01
1.469808252911898760e+00 9.043912232945627849e-01 3.228279295546954586e+00 9.043912232945627849e-01 1.027590740433654126e+01 3.177148981938860750e+00 3.228279295546954586e+00 3.177148981938860750e+00 5.853162478780837397e+00
-1.460887776622032597e+01 6.412943371943843340e-01 1.124594750804233545e+00 6.412943371943843340e-01 -8.887118251160551097e+00 -1.286862591287194046e+00 1.124594750804233545e+00 -1.286862591287194046e+00 -2.320141535514586018e+00
-1.342123169477830302e+01 8.102603055616203198e-01 -7.918885581911592197e-01 8.102603055616203198e-01 -1.949411589006916401e+01 -3.114709411438836728e+00 -7.918885581911592197e-01 -3.114709411438836728e+00 -2.327516270042190172e+01
3.037425593226736442e+00 -3.129776113578123908e+00 5.716796156250445016e+00 -3.129776113578123908e+00 1.031684819930970498e+01 4.852125023057453745e+00 5.716796156250445016e+00 4.852125023057453745e+00 1.031471440476296664e+01
-5.395832982928490118e+00 -1.290440451075003825e+00 -3.735953703490153988e+00 -1.290440451075003825e+00 -4.237891528318351142e+00 4.449874076767881270e+00 -3.735953703490153988e+00 4.449874076767881270e+00 1.439014834054761494e+00
-4.147131179062987449e+00 3.920648126304373537e-01 1.133440099606804363e+00 3.920648126304373537e-01 8.846994248383373005e-01 2.733859943620276844e+00 1.133440099606804363e+00 2.733859943620276844e+00 5.006419205381807735e+00
-4.811122732365372912e+00 -6.455530750002536067e+00 -2.947671660839622287e+00 -6.455530750002536067e+00 -1.360963557978785943e+01 -5.070132652971432563e+00 -2.947671660839622287e+00 -5.070132652971432563e+00 -6.951983531356399126e+00
-1.087100966143741942e+01 3.128373741146114995e+00 -3.634181215864776160e+00 3.128373741146114995e+00 -6.857442861338929774e+00 -1.841420603297015735e+00 -3.634181215864776160e+00 -1.841420603297015735e+00 -1.387031728159011124e+01
-1.024136475204884356e+01 4.732618043594198909e+00 2.642544362174053529e-01 4.732618043594198909e+00 -2.186568848924586206e+01 -4.975287049177045340e+00 2.642544362174053529e-01 -4.975287049177045340e+00 -1.786092275031136722e+01
-1.593419852461863506e+01 -5.170832388367788468e+00 -3.838786192316333001e-01 -5.170832388367788468e+00 -1.442512169925741716e+01 -9.397366721867881356e-01 -3.838786192316333001e-01 -9.397366721867881356e-01 -1.397352032320226378e+01
-1.040157183407461972e+01 -3.042584962614033106e+00 -2.366002463359060393e+00 -3.042584962614033106e+00 -2.041891793606422212e+01 -2.979718682669201257e+00 -2.366002463359060393e+00 -2.979718682669201257e+00 -1.172470962226213409e+01
-1.697816786098190533e+01 1.012768577902408262e+00 6.396203526725872557e+00 1.012768577902408262e+00 -1.466215159334848650e+01 2.419117209572581917e+00 6.396203526725872557e+00 2.419117209572581917e+00 -6.219725072580004621e+00
8.113023548510180927e-01 -5.491367497854775515e+00 -2.711179780628629743e+00 -5.491367497854775515e+00 -8.679545369811549449e+00 8.090149617964851325e-01 -2.711179780628629743e+00 8.090149617964851325e-01 -2.407033143833753552e+00
2.431272505405006168e+00 1.044566533644445183e+00 -1.469831071228576480e+00 1.044566533644445183e+00 -3.594051822866839441e+00 1.379760565680001605e+00 -1.469831071228576480e+00 1.379760565680001605e+00 2.266890381207883998e+00
-1.675385399142187737e+01 -4.270251020673796027e+00 -1.593018548364047993e+00 -4.270251020673796027e+00 8.209420740035584807e-02 -1.223305970749948290e+00 -1.593018548364047993e+00 -1.223305970749948290e+00 -2.082606991421634746e+01
2.754840478825220540e+00 -1.930922406779832512e+00 -2.800627768676952734e+00 -1.930922406779832512e+00 -3.142149856359166105e+00 -1.451133527888642805e+00 -2.800627768676952734e+00 -1.451133527888642805e+00 1.337287982468023939e+00
-1.635329256795321129e+01 -1.973918855707913034e+00 -2.219935130469192330e+00 -1.973918855707913034e+00 -1.737902997548140860e+01 -2.558057686155835064e+00 -2.219935130469192330e+00 -2.558057686155835064e+00 -2.340059652577358662e+01
-2.407986989661290878e+01 -3.305124475758779989e-01 -7.435586136433449678e-01 -3.305124475758779989e-01 -1.373292983365333697e+01 -9.976656528514081801e-01 -7.435586136433449678e-01 -9.976656528514081801e-01 -2.195395298313835752e+01
-5.915287117190823452e+00 -3.096820347023436781e+00 -1.986689347596130251e+00 -3.096820347023436781e+00 -1.419595965937057613e+01 -1.333268612712271484e+00 -1.986689347596130251e+00 -1.333268612712271484e+00 -2.460792352654996762e+01
-1.524267363696696442e+01 6.263893612028113900e+00 -3.107836702759183556e+00 6.263893612028113900e+00 -1.775009069786925764e+01 1.902043749576658005e+00 -3.107836702759183556e+00 1.902043749576658005e+00 -1.399513882374927398e+01
1.237961649128804659e-01 -8.826675585365064691e-01 -1.181594835113829900e+00 -8.826675585365064691e-01 4.205566518891011185e+00 -4.972780678550329903e+00 -1.181594835113829900e+00 -4.972780678550329903e+00 -8.572024663961462565e+00
-6.641541753047016883e+00 -1.341656083598671945e+00 -3.029961708964241662e+00 -1.341656083598671945e+00 3.216148930456895982e+00 -4.435372382128121238e+00 -3.029961708964241662e+00 -4.435372382128121238e+00 -1.573702983514820275e+01
-6.053996316440560577e+00 -1.218299677942363157e+00 -3.347383230004814525e+00 -1.218299677942363157e+00 -4.075597363604154033e+00 8.173985645659781696e+00 -3.347383230004814525e+00 8.173985645659781696e+00 -6.602447679254901836e+00
-2.018449323302562348e+01 -3.770144725983315404e+00 -5.487516276545224558e-01 -3.770144725983315404e+00 -7.364561748000630459e+00 3.583212176457911124e-01 -5.487516276545224558e-01 3.583212176457911124e-01 -7.027461533509955949e+00
4.388376800429018232e+00 -1.538682454030873670e+00 7.633029655193577234e-01 -1.538682454030873670e+00 8.261886092777835700e+00 3.268159788383483200e+00 7.633029655193577234e-01 3.268159788383483200e+00 7.801728017913524660e+00
-8.671208704812813917e-01 2.830752192141887225e+00 -8.166334506507059388e+00 2.830752192141887225e+00 -6.574235487763493424e+00 3.788894253392727229e+00 -8.166334506507059388e+00 3.788894253392727229e+00 6.477012970890136501e+00
-1.348087661779509006e+01 3.454204607522785242e+00 -6.462087278559743631e+00 3.454204607522785242e+00 2.055610863261626342e+00 2.724053112598952442e+00 -6.462087278559743631e+00 2.724053112598952442e+00 -1.917043255697611359e-01
-1.218143214387797357e+01 4.172868908845983604e-02 -6.713646128525668999e+00 4.172868908845983604e-02 7.051473997903271451e-01 -9.069343591730816279e-01 -6.713646128525668999e+00 -9.069343591730816279e-01 -4.694379226996532317e+00
-1.720114308627289645e+01 -7.970838838078081467e-01 1.483613618012398883e+00 -7.970838838078081467e-01 -1.890309544241319983e+01 2.533021938475741308e+00 1.483613618012398883e+00 2.533021938475741308e+00 -2.027694192275576057e+01
-1.461917669433772105e+01 -1.267858967049309005e+00 -1.959983331474034030e+00 -1.267858967049309005e+00 -1.015998314647330503e+01 -2.401755016300036960e+00 -1.959983331474034030e+00 -2.401755016300036960e+00 -1.475720297622883770e+01
-6.544687964199272123e+00 -3.141086834781808168e+00 -3.758752289323205709e+00 -3.141086834781808168e+00 -4.503703646386149728e+00 -2.762058160759958803e+00 -3.758752289323205709e+00 -2.762058160759958803e+00 -8.900551663702335858e+00
-3.412652982275319768e+00 -2.041733621672636279e+00 -6.398426395947129919e+00 -2.041733621672636279e+00 -5.984171129575375225e+00 4.202614854919429987e+00 -6.398426395947129919e+00 4.202614854919429987e+00 -2.414046102892415391e+01
-1.468317102984986100e+01 3.400769977348951922e+00 9.168917710697388479e-01 3.400769977348951922e+00 -1.563020520067033559e+01 4.319587972666366626e-01 9.168917710697388479e-01 4.319587972666366626e-01 -6.489097352548763631e+00
9.073421987498260677e+00 -1.190791514073316071e+00 -1.651188712465421649e+00 -1.190791514073316071e+00 -5.387190351251034848e+00 4.989944007686095140e-01 -1.651188712465421649e+00 4.989944007686095140e-01 -3.526002627565222314e-01
-2.585629618298136023e+01 -4.272750653536304455e+00 1.997106930369573430e+00 -4.272750653536304455e+00 -1.251067495947170727e+01 -1.779353039394087510e+00 1.997106930369573430e+00 -1.779353039394087510e+00 -1.991332751958204028e+01
-1.091375136843295302e+01 -8.072135454113981146e-01 -5.270020244265239739e+00 -8.072135454113981146e-01 -4.570179572791602141e+00 -5.094155042854734416e-01 -5.270020244265239739e+00 -5.094155042854734416e-01 -1.672288443702660032e+01
-1.741670924291245726e+01 -1.710626015352542384e-01 -5.454111126115851471e-01 -1.710626015352542384e-01 -1.057899474121786554e+01 -1.578774715198461909e+00 -5.454111126115851471e-01 -1.578774715198461909e+00 -2.168776371258879010e+01
-1.407340655647538341e+01 -2.517907315720931738e+00 1.402660459010698357e+00 -2.517907315720931738e+00 -1.247536384274542831e+00 -2.822558283464706719e+00 1.402660459010698357e+00 -2.822558283464706719e+00 -1.424947502263326804e+01
-1.146785686810651761e+01 -2.221862566324060317e+00 -6.475777674329215472e+00 -2.221862566324060317e+00 -1.304551757561935510e+01 -1.385182016816696837e+00 -6.475777674329215472e+00 -1.385182016816696837e+00 -1.334439588972678337e+01
-7.259200417844328790e+00 -5.353197929211874317e+00 5.960902332536369697e-01 -5.353197929211874317e+00 -3.180262356805251045e+00 -5.816192443377624643e-01 5.960902332536369697e-01 -5.816192443377624643e-01 -1.074338024112448586e+01
-1.737841102638430391e+00 -1.833722053514409200e+00 1.053265663211830683e+00 -1.833722053514409200e+00 -1.270304117624431406e+01 3.098892979785234036e+00 1.053265663211830683e+00 3.098892979785234036e+00 -1.524511345019149999e+01
-1.662727495954178281e+01 -4.920569486306577422e-01 1.198777939862806674e+00 -4.920569486306577422e-01 -7.549496059124837011e+00 -1.031089513154813675e+00 1.198777939862806674e+00 -1.031089513154813675e+00 -5.052208547565117946e+00
-1.380242194221703400e+01 1.562102184180471420e+00 -3.057934339007787106e+00 1.562102184180471420e+00 -8.218985997722223047e+00 -3.371661681383794740e+00 -3.057934339007787106e+00 -3.371661681383794740e+00 -2.234289211675863474e+00
-2.406499497962699685e+00 -9.941426217298732215e-01 5.899324012525475780e+00 -9.941426217298732215e-01 -1.692414902096675533e+01 4.860866380748432469e+00 5.899324012525475780e+00 4.860866380748432469e+00 -1.165021602533743428e+00
-2.090413430611625145e+01 4.606473014625918516e+00 2.309784442126512793e+00 4.606473014625918516e+00 -1.249112269793873331e+01 6.207016037312840240e+00 2.309784442126512793e+00 6.207016037312840240e+00 -3.203684958951482287e+01
-1.248965667640917943e+01 3.354729006952708481e+00 -3.477750355392321691e+00 3.354729006952708481e+00 -5.659535473897319591e+00 -1.166293516775340100e+00 -3.477750355392321691e+00 -1.166293516775340100e+00 -1.027517013736052753e+01
-8.515561249077965300e+00 3.032346803807168367e+00 3.076043608065537782e+00 3.032346803807168367e+00 -1.035951368729129562e+01 3.040233854357441423e+00 3.076043608065537782e+00 3.040233854357441423e+00 -5.522416478785461713e+00
1.092829990541886076e+01 -6.269433277125872062e-01 -1.122131106637698217e+00 -6.269433277125872062e-01 6.835880098045438835e+00 3.363178240541479624e+00 -1.122131106637698217e+00 3.363178240541479624e+00 2.920147143727346073e+00
-8.837633993221315265e+00 -1.100454298185074897e+00 -2.739725546565410230e-01 -1.100454298185074897e+00 -2.022318096328993775e+01 2.407173538618297748e+00 -2.739725546565410230e-01 2.407173538618297748e+00 -2.163918910377127958e+01
-1.374772567201835383e+00 -1.294652447361432923e+00 5.122953420493507437e+00 -1.294652447361432923e+00 -7.124157698590652288e+00 -5.457687106815202860e+00 5.122953420493507437e+00 -5.457687106815202860e+00 -1.819199848488219118e+01
-5.573566094276606542e+00 -1.369965538679113193e+00 -1.527931907217222052e-01 -1.369965538679113193e+00 -1.275256590963726733e-01 9.084399424303260417e+00 -1.527931907217222052e-01 9.084399424303260417e+00 -6.172797849862448061e+00
-1.154761484114067116e+01 3.890585364174892757e-01 -1.316208969256446926e+00 3.890585364174892757e-01 -1.231898569098923524e+01 -3.468434296257039584e+00 -1.316208969256446926e+00 -3.468434296257039584e+00 -2.138273227409103683e+01
-6.157815190464787314e+00 -2.819647951986816281e+00 -4.581253789065614868e+00 -2.819647951986816281e+00 -1.537911329810314243e+01 7.972168999604392070e-01 -4.581253789065614868e+00 7.972168999604392070e-01 -2.022962280071389785e+01
-6.673640196950322512e+00 -8.224751835434227498e-01 -5.976345064699754239e+00 -8.224751835434227498e-01 -2.515740186399439970e+00 -3.465035686836934747e+00 -5.976345064699754239e+00 -3.465035686836934747e+00 -6.837624928805295710e+00
-5.154425267861408866e-01 -3.808016538590977884e+00 -8.522464279072370363e-01 -3.808016538590977884e+00 8.676116373386639324e+00 -1.131969079918142995e+00 -8.522464279072370363e-01 -1.131969079918142995e+00 3.006230845217903180e+00
-9.982556294713024414e+00 3.948940409610690150e+00 1.202598477187553971e+00 3.948940409610690150e+00 -1.172277895682376680e+01 5.475939695569743471e+00 1.202598477187553971e+00 5.475939695569743471e+00 -9.178777156414877680e+00
-1.440546846569637651e+01 -1.787366978943998985e+00 5.138424459890256202e+00 -1.787366978943998985e+00 -6.254131186587098767e+00 8.596029812213309640e+00 5.138424459890256202e+00 8.596029812213309640e+00 -2.139520752152490157e+00
-1.081809849889412511e+01 -1.834655361821539099e+00 -9.712732782691967159e+00 -1.834655361821539099e+00 -1.163453105618550509e+01 1.496409010421195118e+00 -9.712732782691967159e+00 1.496409010421195118e+00 -1.909008240208477503e+01
-6.696818917776421465e+00 -4.257139627515064362e+00 5.284833877382786760e+00 -4.257139627515064362e+00 -7.660507940395381077e+00 -5.736664206976357372e-01 5.284833877382786760e+00 -5.736664206976357372e-01 -3.087257998798546232e+00
-1.366732886030111693e+01 -5.895525118481189653e-01 -2.882561885471497831e+00 -5.895525118481189653e-01 -6.983908863955884172e+00 1.067687734546022726e+00 -2.882561885471497831e+00 1.067687734546022726e+00 -5.351819977348549529e+00
3.493443992745048021e+00 -2.428538834727587137e+00 -7.076406077792889437e-01 -2.428538834727587137e+00 -1.410701616362539879e+00 6.841060504483743365e+00 -7.076406077792889437e-01 6.841060504483743365e+00 -1.678785889504810225e+00
-3.009397774389091840e+00 -7.055240878598574295e-01 8.710284032953733657e+00 -7.055240878598574295e-01 -1.085145370457650849e+01 -1.450720170823876609e+00 8.710284032953733657e+00 -1.450720170823876609e+00 -4.042610999652081816e+00
-9.791138452982695028e+00 -2.725923659421123357e+00 -5.656143840473216500e+00 -2.725923659421123357e+00 -1.178942237138536875e+01 6.281317524078783299e-01 -5.656143840473216500e+00 6.281317524078783299e-01 -1.081891674728503006e+01
-1.453352192992878678e+01 -2.916510178791275720e+00 -2.034722721941572665e+00 -2.916510178791275720e+00 -7.223145960961455891e+00 -1.384627304539981507e+00 -2.034722721941572665e+00 -1.384627304539981507e+00 -4.385511808678596246e+00
-5.561654228414588452e+00 5.472267811758093181e+00 9.759014854410734685e-01 5.472267811758093181e+00 2.062178922243123935e+00 -5.075372942663140208e+00 9.759014854410734685e-01 -5.075372942663140208e+00 -5.474775629624626383e+00
-2.471955637169369169e+01 -2.815760343862210746e+00 3.242393209767554518e-01 -2.815760343862210746e+00 -1.019851307267877694e+01 -1.747646944517351475e+00 3.242393209767554518e-01 -1.747646944517351475e+00 -1.534687746521154672e+01
-1.727449880109904257e+01 3.546105369588443690e-01 -1.387333170811002825e+00 3.546105369588443690e-01 -1.509140809953646034e+01 -6.639886587373293736e-01 -1.387333170811002825e+00 -6.639886587373293736e-01 -8.524717087789671410e+00
-1.406563542777157494e+01 -1.404683276783371459e+00 4.866824696480530399e+00 -1.404683276783371459e+00 -3.374567261933763440e+00 8.206695522426576517e+00 4.866824696480530399e+00 8.206695522426576517e+00 -1.428597652889662228e+01
-8.099311613794314413e-01 2.111520045811779767e+00 -5.007597226914025645e-01 2.111520045811779767e+00 -2.448775557577909545e+00 -5.639795696642990741e+00 -5.007597226914025645e-01 -5.639795696642990741e+00 -6.789237316795764698e+00
2.536611213467732551e+00 1.865688404318988303e+00 2.227210462168245808e+00 1.865688404318988303e+00 -1.327749578985160106e+01 -3.224909839535344602e+00 2.227210462168245808e+00 -3.224909839535344602e+00 -1.562661345975932470e+01
-1.730550661922545075e+01 3.088310763538655301e+00 2.905824297653337496e+00 3.088310763538655301e+00 -1.465831334090779237e+01 -5.303634223900550726e-01 2.905824297653337496e+00 -5.303634223900550726e-01 -2.094167749179783300e+01
-1.402030860063369522e+00 -4.680762056880488409e+00 3.708157705579534724e+00 -4.680762056880488409e+00 6.403068726033596114e-01 -3.008502944405549329e+00 3.708157705579534724e+00 -3.008502944405549329e+00 -1.096081990817486052e+01
-2.005547561184011940e+01 -4.926615642327756284e+00 -2.268065185489809732e+00 -4.926615642327756284e+00 -1.021557943880411301e+01 -7.792121708861468043e-01 -2.268065185489809732e+00 -7.792121708861468043e-01 -9.906761825383286535e+00
-1.400992141837889271e+01 -9.104646933601473480e-01 5.934820115747164726e-01 -9.104646933601473480e-01 -1.264919327674754967e+01 -1.922209197415546411e+00 5.934820115747164726e-01 -1.922209197415546411e+00 -9.083048074210498868e+00
-9.351295681276864613e+00 8.366165681396795506e-01 4.333338761258052507e+00 8.366165681396795506e-01 -5.824756235419887851e+00 1.937140715713427497e+00 4.333338761258052507e+00 1.937140715713427497e+00 -2.480113427925047187e+00
-9.352572934997535725e+00 3.232721994659513154e+00 -4.928525069824045701e+00 3.232721994659513154e+00 -1.961861982653524450e+01 -7.119972300463901504e+00 -4.928525069824045701e+00 -7.119972300463901504e+00 -1.052026280608881592e+01
-8.642835534375198137e+00 -8.428491179893837781e-01 6.614069640507675985e+00 -8.428491179893837781e-01 -1.218953690051492700e+01 -3.469654944569657840e-01 6.614069640507675985e+00 -3.469654944569657840e-01 -1.367949409290606866e+01
-6.538580080282283546e+00 6.365081980039618559e-01 -5.715332871793560976e+00 6.365081980039618559e-01 -7.692033254712015378e+00 -4.640754890811360944e+00 -5.715332871793560976e+00 -4.640754890811360944e+00 3.199577746670474454e+00
-9.809587014470986688e+00 2.560501520254581553e+00 -8.919360589646133874e+00 2.560501520254581553e+00 -8.610538631705894730e+00 -9.272150561781975497e-01 -8.919360589646133874e+00 -9.272150561781975497e-01 -2.167381563451047821e+00
-1.493702865952654335e+01 4.838713208284976197e+00 -1.359627676198878365e+00 4.838713208284976197e+00 -2.253279902918851363e+01 -4.467124189860210315e+00 -1.359627676198878365e+00 -4.467124189860210315e+00 -1.852654848933014975e+01
-1.654607696073827938e+01 -5.024601622260783662e-01 -4.276695451602232190e+00 -5.024601622260783662e-01 -1.444545683038274575e+01 -8.509607215890016008e-01 -4.276695451602232190e+00 -8.509607215890016008e-01 -1.632931838909829381e+01
-1.094577297333955457e+01 1.394867581441227244e+00 -2.705550939331029525e+00 1.394867581441227244e+00 -1.979388783223323500e+01 -5.893566439225685905e-01 -2.705550939331029525e+00 -5.893566439225685905e-01 -1.909717593999574348e+01
-1.319734780140692187e+01 -4.399824078990588472e-01 1.456061580699721247e+00 -4.399824078990588472e-01 -9.818934638363764122e+00 -2.800920761999648345e+00 1.456061580699721247e+00 -2.800920761999648345e+00 -2.081870137818681687e+00
-1.356437965598240147e+00 3.871032238057581676e+00 -1.453723963273074293e+00 3.871032238057581676e+00 -4.423410458415027335e+00 -4.490217548290608818e+00 -1.453723963273074293e+00 -4.490217548290608818e+00 1.907306404187105509e+00
-1.287146174190347026e+01 3.549334874216993896e-01 4.112693394539803649e+00 3.549334874216993896e-01 -8.676655613501095488e+00 -4.794909078909533662e+00 4.112693394539803649e+00 -4.794909078909533662e+00 1.410688031733782877e+00
-2.199072437825696280e+00 -2.347180321928769242e+00 4.984779431315679687e+00 -2.347180321928769242e+00 -7.713285327721218998e+00 -1.195920444318957276e+00 4.984779431315679687e+00 -1.195920444318957276e+00 -1.279544378613143429e+01
-1.420078394154727164e+01 -1.010786774729136139e+00 3.187278984046360897e+00 -1.010786774729136139e+00 -1.445105245767881819e+01 3.863228929686851387e+00 3.187278984046360897e+00 3.863228929686851387e+00 -8.753733870522243166e+00
