4.462625404259504158e+00 -3.061425158967698401e+00 6.250736073746180343e-01 -3.061425158967698401e+00 -1.134559414727959847e+01 2.292646350722905346e+00 6.250736073746180343e-01 2.292646350722905346e+00 -3.902533779634704825e+00
8.580025644915241223e-01 -1.550370826308593797e+00 1.353600301118487614e+00 -1.550370826308593797e+00 -2.038457620292934536e+01 1.746867902992770727e+00 1.353600301118487614e+00 1.746867902992770727e+00 -5.911247074158652914e+00
3.165622173302672238e+01 5.435057366408130308e-01 2.033504051498490561e+00 5.435057366408130308e-01 2.013974296477353931e+01 1.376919451489982738e+00 2.033504051498490561e+00 1.376919451489982738e+00 1.524884312134931896e+01
4.503061862969943974e+01 -6.588677478470262194e+00 -3.434981044808569361e+00 -6.588677478470262194e+00 1.718222656464221743e+01 -4.279176130561823110e-01 -3.434981044808569361e+00 -4.279176130561823110e-01 2.526544372059179366e+01
1.476013967351459932e+01 -5.917899575610633400e-01 5.695188365632597893e+00 -5.917899575610633400e-01 -7.144950783437649555e+00 -2.655905094371171060e+00 5.695188365632597893e+00 -2.655905094371171060e+00 6.167770988918973352e+00
2.713133784092087453e+01 2.585771867698429372e+00 7.387865619873105416e+00 2.585771867698429372e+00 2.376172619403016029e+01 -9.923201674463182353e-01 7.387865619873105416e+00 -9.923201674463182353e-01 3.774007385378313018e+01
3.812745596672571935e+01 8.229214805192524906e+00 2.942360554744902768e+00 8.229214805192524906e+00 2.372234951324513830e+01 -3.757792945577152377e+00 2.942360554744902768e+00 -3.757792945577152377e+00 2.845495166743521054e+01
4.265832600674711728e+01 2.765815559323222317e+00 2.739989281582624892e-02 2.765815559323222317e+00 2.486656813069653182e+01 2.315226018127612750e+00 2.739989281582624892e-02 2.315226018127612750e+00 2.053292878916984421e+01
4.425937801375886949e+01 4.306316478422820282e+00 4.479098038685009442e+00 4.306316478422820282e+00 2.328192863922649636e+01 5.507897838594904449e+00 4.479098038685009442e+00 5.507897838594904449e+00 3.805678317221170914e+01
-4.136757987065280417e+00 2.694923340364733466e+00 -2.812652213194266171e+00 2.694923340364733466e+00 -1.183846169461360276e+01 2.564729352074232693e+00 -2.812652213194266171e+00 2.564729352074232693e+00 1.838646665174175965e+01
1.780345014308761264e+01 1.391434085240243812e+00 -9.216387299865855809e+00 1.391434085240243812e+00 5.906595583837900953e+00 1.190366540253994243e+00 -9.216387299865855809e+00 1.190366540253994243e+00 2.186710201458045333e+01
5.811697567716005430e+00 7.649526163544370760e+00 6.824886958225738098e+00 7.649526163544370760e+00 -5.204460424013088726e+00 2.893753538165288575e+00 6.824886958225738098e+00 2.893753538165288575e+00 2.028044341512614590e+00
6.874224294769337718e+00 7.167602536391984858e-01 2.027593330810049999e+00 7.167602536391984858e-01 6.259331149413946527e+00 3.318213536353988302e-01 2.027593330810049999e+00 3.318213536353988302e-01 6.185616865994918889e+00
2.757662575611954381e+01 6.487593268845693650e+00 -1.015329524197377209e+00 6.487593268845693650e+00 2.184257513491694880e+01 -7.005182719104329214e-01 -1.015329524197377209e+00 -7.005182719104329214e-01 4.043722264430111579e+01
3.338166405101922152e+01 -5.301774249099475700e-01 2.609788997672477517e-01 -5.301774249099475700e-01 2.460779137442401066e+01 -1.440044799977970191e+00 2.609788997672477517e-01 -1.440044799977970191e+00 3.850236838450708632e+01
2.780459593620260961e+01 1.417702202522796107e+00 -1.124439271764887005e+00 1.417702202522796107e+00 2.275934821790235318e+01 3.309095005094423669e+00 -1.124439271764887005e+00 3.309095005094423669e+00 3.781127100879336211e+01
2.358542228042662714e+01 -1.367169600009016106e+00 5.820920651050396799e+00 -1.367169600009016106e+00 2.240254499900623486e+01 2.779991079962225720e-01 5.820920651050396799e+00 2.779991079962225720e-01 3.432620379947403677e+01
-5.269761914887062026e+00 -1.514350290987496739e-01 -1.874062145415952285e+00 -1.514350290987496739e-01 -9.385800797122595185e+00 5.300279865744915497e+00 -1.874062145415952285e+00 5.300279865744915497e+00 1.192334679724984703e+01
1.664879712868354389e+01 8.423818095712153564e+00 -5.855230219351899912e+00 8.423818095712153564e+00 -9.044421085041860486e-01 -1.375282147006201550e-01 -5.855230219351899912e+00 -1.375282147006201550e-01 1.004180802582375165e+01
2.644787019685538709e+01 1.247137345128516372e+00 -1.379281908687644664e+00 1.247137345128516372e+00 2.601527095371175591e+01 -2.892481774100010838e+00 -1.379281908687644664e+00 -2.892481774100010838e+00 3.162340186911403705e+01
-1.112095168680611756e+00 -1.435537070614032018e+00 2.038824451569961393e+00 -1.435537070614032018e+00 -9.042919302662490111e+00 1.585457227571017258e+00 2.038824451569961393e+00 1.585457227571017258e+00 5.342688042112754054e+00
7.893326254807944586e+00 1.122062779541691091e+00 4.167758643163552712e+00 1.122062779541691091e+00 -1.058094761886301249e+00 3.727774974022473042e-01 4.167758643163552712e+00 3.727774974022473042e-01 2.554153999131765218e+00
3.099383450835647125e+01 -5.154312491573803001e+00 1.623854324319485620e+00 -5.154312491573803001e+00 2.198375529249599580e+01 1.144496321674936645e+00 1.623854324319485620e+00 1.144496321674936645e+00 3.707477889434694873e+01
2.546184201877036912e+01 1.950599018133532869e+00 3.878829626482570792e+00 1.950599018133532869e+00 2.739800854155579302e+01 3.832717408248422331e+00 3.878829626482570792e+00 3.832717408248422331e+00 3.623599349689378357e+01
2.609357197615077339e+01 1.085024115360921693e+00 2.333934054469287422e-01 1.085024115360921693e+00 2.520518111957711582e+01 -8.123789418607387347e+00 2.333934054469287422e-01 -8.123789418607387347e+00 3.742348681077336181e+01
3.404573165969420501e+00 2.270557966363841995e+00 1.353480073838113862e+00 2.270557966363841995e+00 -8.867541118653745613e+00 1.365745724964624541e+00 1.353480073838113862e+00 1.365745724964624541e+00 7.394175739642231626e+00
2.359678805259529355e+01 6.670758068365897131e+00 -1.720095776366751039e+00 6.670758068365897131e+00 9.520683783451699966e+00 -5.997243758833953997e+00 -1.720095776366751039e+00 -5.997243758833953997e+00 2.250010367432577851e+01
2.781104371769007955e+01 3.307439791133992557e+00 4.590762668372350142e-02 3.307439791133992557e+00 2.802533818223058759e+01 -7.043036951047320748e+00 4.590762668372350142e-02 -7.043036951047320748e+00 4.143895402306696241e+01
-1.215879512866986900e+01 1.028779070820676544e+00 1.642052046099580220e+00 1.028779070820676544e+00 -1.724821422047940089e+01 -1.602537835054609339e+00 1.642052046099580220e+00 -1.602537835054609339e+00 2.984653129230936841e+00
-6.459208026821148252e+00 -1.340944513608576250e+00 2.485799887220345283e+00 -1.340944513608576250e+00 -1.478863188350190327e+01 2.167717368629032748e+00 2.485799887220345283e+00 2.167717368629032748e+00 4.537061653327297606e+00
3.218931168781706731e+01 4.593256127893148855e-01 -1.951908883567695652e+00 4.593256127893148855e-01 2.699741828582466496e+01 -3.076240150553919417e+00 -1.951908883567695652e+00 -3.076240150553919417e+00 4.814441411672815008e+01
2.751115166486924934e+01 -1.866053158292105385e+00 2.456678595309303326e+00 -1.866053158292105385e+00 2.174264654787798534e+01 -1.027683337425742804e+00 2.456678595309303326e+00 -1.027683337425742804e+00 3.948708270122922670e+01
3.401184119049933940e+01 2.198394549870303472e+00 5.129063816368487849e+00 2.198394549870303472e+00 2.399205951726390040e+01 2.779843736176666358e+00 5.129063816368487849e+00 2.779843736176666358e+00 4.125886151162006854e+01
3.511689130222954702e+01 -2.196323060422255224e+00 -2.145434908182886069e+00 -2.196323060422255224e+00 2.326660585095974199e+01 -1.964679072568604745e+00 -2.145434908182886069e+00 -1.964679072568604745e+00 4.630540380563629554e+01
4.507521117722546933e+00 2.811600292912845855e+00 4.718247386695566981e+00 2.811600292912845855e+00 -3.806849284442765935e+00 5.854789539285128797e+00 4.718247386695566981e+00 5.854789539285128797e+00 1.300388911587262086e+01
-2.706427853617961787e+00 -9.955334482267312879e-01 -4.037282317300635803e+00 -9.955334482267312879e-01 -5.013488955986037610e+00 4.875868581695133486e+00 -4.037282317300635803e+00 4.875868581695133486e+00 1.203872600694656647e+01
2.806265658130772334e+00 -1.127803762779947760e+00 3.994646094111485635e+00 -1.127803762779947760e+00 -6.804997832402360558e+00 6.796242353832423477e-01 3.994646094111485635e+00 6.796242353832423477e-01 4.393136604831760827e+00
8.611679108339760802e+00 -5.840903713363957195e+00 -2.306638554278817033e+00 -5.840903713363957195e+00 1.521909721430676266e+00 -6.177889486080201387e-01 -2.306638554278817033e+00 -6.177889486080201387e-01 1.107264724809497736e+01
3.028961039561618662e+01 1.904694820270758759e+00 -1.410346339704606766e-01 1.904694820270758759e+00 1.338744765495605904e+01 -6.810940860036882039e-02 -1.410346339704606766e-01 -6.810940860036882039e-02 9.856229928102372639e+00
-1.863818953636273701e+00 1.877125692083035036e+00 2.562188049618014940e+00 1.877125692083035036e+00 1.526851940130273144e+00 -3.525864896370747736e+00 2.562188049618014940e+00 -3.525864896370747736e+00 7.425660148425260232e+00
4.936673157549961027e-02 -8.520552707017341465e-01 8.372870706232227178e+00 -8.520552707017341465e-01 -1.325649419030934340e+01 -2.327277635936130906e+00 8.372870706232227178e+00 -2.327277635936130906e+00 1.479565344755839185e+01
5.002114122684422348e+00 -3.071220528870250099e+00 5.228448929649838206e+00 -3.071220528870250099e+00 4.258797820191731809e+00 -3.735381760344521407e+00 5.228448929649838206e+00 -3.735381760344521407e+00 1.269905357220752506e+01
2.675350200168852410e+01 -9.880333351163303468e-02 -1.822944280083329316e+00 -9.880333351163303468e-02 2.475462097602630251e+01 4.553150589709743734e+00 -1.822944280083329316e+00 4.553150589709743734e+00 4.510109162777748537e+01
2.437137550790467699e+01 -2.964377161113814552e+00 -1.598875426235845776e+00 -2.964377161113814552e+00 1.164876000889639052e+01 6.146400669397636740e+00 -1.598875426235845776e+00 6.146400669397636740e+00 3.337007932950373146e+01
3.456351831029022037e+01 -6.860779445420353895e+00 -4.784173610240426422e-01 -6.860779445420353895e+00 2.206862242500645266e+01 -4.057791290101918413e+00 -4.784173610240426422e-01 -4.057791290101918413e+00 3.959814554405144804e+01
3.297244115282817489e+01 3.746401620840930091e-01 -2.952225766261310724e+00 3.746401620840930091e-01 1.160894539376720225e+01 1.867194135406742284e-01 -2.952225766261310724e+00 1.867194135406742284e-01 1.230604272875367222e+01
9.908137962230105344e+00 -7.930692137780829265e-01 5.323015508945776908e+00 -7.930692137780829265e-01 5.894214490129611406e+00 -1.723282503020461487e+00 5.323015508945776908e+00 -1.723282503020461487e+00 3.735470028757791994e+00
2.997170950777917753e+01 9.411834684406129581e-01 -4.975877491359649518e+00 9.411834684406129581e-01 2.605386683002504000e+01 5.859512393571683297e+00 -4.975877491359649518e+00 5.859512393571683297e+00 3.831592074802513537e+01
2.258739020607860137e+00 -1.161298235608177576e+00 -2.804686907515828498e+00 -1.161298235608177576e+00 -1.125953770349725147e+01 2.578639240722090165e+00 -2.804686907515828498e+00 2.578639240722090165e+00 6.587241382229242603e+00
-1.974185805116594139e+00 1.459781488586467724e+00 -7.897437563076014300e+00 1.459781488586467724e+00 -1.219019801471146813e+01 -2.933673920379050504e+00 -7.897437563076014300e+00 -2.933673920379050504e+00 1.054227853911970136e+01
3.189129212719405970e+01 -6.113491225408588248e-01 5.333299729136954603e+00 -6.113491225408588248e-01 1.893584707574714798e+01 -2.555322890857911311e+00 5.333299729136954603e+00 -2.555322890857911311e+00 3.763662485354252141e+01
3.804075911053799786e+01 -9.966193642179461687e-01 -9.223056154692820252e-01 -9.966193642179461687e-01 2.798640001145927769e+01 -2.978109136777565613e+00 -9.223056154692820252e-01 -2.978109136777565613e+00 3.197136796650541868e+01
2.862558421723219837e+01 1.891086852532325224e+00 -2.404712341501486605e+00 1.891086852532325224e+00 2.252986848113822305e+01 -4.957034289891257828e+00 -2.404712341501486605e+00 -4.957034289891257828e+00 3.610678194501457483e+01
3.538248869641047634e+01 -9.638979256521928995e-01 5.547686100038002444e+00 -9.638979256521928995e-01 1.829138848702450915e+01 -3.130018158443034881e+00 5.547686100038002444e+00 -3.130018158443034881e+00 3.670704396373105993e+01
-1.263072867488908457e+01 3.586464195894821794e-01 1.600598995964582549e+00 3.586464195894821794e-01 -1.569088362080417376e+01 -4.275360716608752054e-01 1.600598995964582549e+00 -4.275360716608752054e-01 7.268866525142468227e+00
2.206656235502244101e+01 -1.280969741723577249e+00 -1.955700015024481653e+00 -1.280969741723577249e+00 2.768924970772027550e+01 -6.633665650142197556e+00 -1.955700015024481653e+00 -6.633665650142197556e+00 2.580788454200760640e+01
4.194689049227938682e+01 -9.930038638774891790e-01 1.147477840488768219e+00 -9.930038638774891790e-01 2.269354205390543200e+01 9.110695655896803302e-01 1.147477840488768219e+00 9.110695655896803302e-01 1.887728689779903846e+01
2.765344345639926615e+01 -5.822858658824871192e+00 -7.673974056435754143e+00 -5.822858658824871192e+00 2.344780126510456597e+01 4.771185849927403133e+00 -7.673974056435754143e+00 4.771185849927403133e+00 2.380497723568291590e+01
-3.804317296235282697e+00 -3.823219523483180726e+00 -6.250653477481106224e-01 -3.823219523483180726e+00 1.073190924168428095e+00 3.460989954201982854e+00 -6.250653477481106224e-01 3.460989954201982854e+00 1.219734382378413606e+01
1.088763438941519546e+01 7.066372435320798395e+00 2.200229480641116453e+00 7.066372435320798395e+00 -9.188642128156006006e-01 4.913124297841131027e-01 2.200229480641116453e+00 4.913124297841131027e-01 7.303183051886597887e+00
1.035097847520430570e+01 4.447550309901443732e+00 2.435784412644820041e+00 4.447550309901443732e+00 1.130247620035920386e+00 2.676754451758848408e+00 2.435784412644820041e+00 2.676754451758848408e+00 -4.569178968473172731e+00
2.490470965709199547e+01 5.083187357928775185e+00 4.555998088515066380e-01 5.083187357928775185e+00 2.323465360573505123e+01 4.504929320297587303e+00 4.555998088515066380e-01 4.504929320297587303e+00 3.137083439930076523e+01
