-1.587822822467604089e+00 -4.762932451502810416e-01 -9.280327348257262798e+00 -4.762932451502810416e-01 -1.352249752573231589e+01 -1.195521747035975135e+00 -9.280327348257262798e+00 -1.195521747035975135e+00 -4.637306895380826965e+00
5.526800304998105595e+00 -4.941049470156470003e-01 -6.454592643915238348e+00 -4.941049470156470003e-01 4.897573642026291196e+00 2.335310332289817659e+00 -6.454592643915238348e+00 2.335310332289817659e+00 5.925490574993363957e+00
8.530457799702057642e+00 -1.316780332395704800e+00 -1.168853361445658656e-01 -1.316780332395704800e+00 1.363182781280012357e+01 -2.563004520015485177e+00 -1.168853361445658656e-01 -2.563004520015485177e+00 1.049002209628846849e+01
-6.774290363797624615e+00 -3.506990631188352303e+00 -4.283280011333393311e+00 -3.506990631188352303e+00 3.080873296922505555e-01 1.949154747520475572e+00 -4.283280011333393311e+00 1.949154747520475572e+00 -6.492977989192722177e+00
-6.793010106040286544e+00 4.369525138632712746e+00 -9.991022657649958338e-01 4.369525138632712746e+00 7.475936907148654775e+00 9.993153481712976571e+00 -9.991022657649958338e-01 9.993153481712976571e+00 7.559359516615124619e+00
