1.816097367742392876e+01 -3.333071377986581485e+00 -1.781312780201116663e-01 -3.333071377986581485e+00 1.838097226088589409e+01 -3.052542253350932350e-02 -1.781312780201116663e-01 -3.052542253350932350e-02 1.302988600209016568e+01
1.604812158696619306e+01 -3.451141408540721045e+00 1.805185547071730956e-01 -3.451141408540721045e+00 1.619405338090650659e+01 -3.253522384697557675e-03 1.805185547071730956e-01 -3.253522384697557675e-03 9.460659723668577215e+00
1.694544395835536221e+01 -5.294108898287993581e-01 3.054985227633024228e-02 -5.294108898287993581e-01 1.664312426765271269e+01 5.018204064507838513e-01 3.054985227633024228e-02 5.018204064507838513e-01 1.219907934173502717e+01
1.457228468614221306e+01 6.343703765888621948e-01 -7.655129099412519844e-01 6.343703765888621948e-01 1.654877224601510122e+01 -2.546612923698833963e+00 -7.655129099412519844e-01 -2.546612923698833963e+00 1.336710565971128695e+01
1.829100837817995284e+01 -3.210011298474176322e-01 3.302253502521287354e-01 -3.210011298474176322e-01 1.828669355838473365e+01 8.360221971729447921e-01 3.302253502521287354e-01 8.360221971729447921e-01 1.433875429551438430e+01
1.678711917249263408e+01 -2.683995803474152342e-01 1.202696801536593668e-03 -2.683995803474152342e-01 1.707028272619717768e+01 7.575878031897769205e-01 1.202696801536593668e-03 7.575878031897769205e-01 1.225850358522895434e+01
1.843981204627072401e+01 -3.445347578912099529e+00 1.547788150428312248e-01 -3.445347578912099529e+00 1.849056996333735015e+01 1.200659199988003828e-01 1.547788150428312248e-01 1.200659199988003828e-01 1.354444243869146547e+01
1.813286728395090108e+01 -4.652851073108578706e-01 5.015119978658238997e-01 -4.652851073108578706e-01 1.785182971920663064e+01 6.954835954403346676e-01 5.015119978658238997e-01 6.954835954403346676e-01 1.414100735146881327e+01
1.630199464351216676e+01 -3.291754055091515418e+00 -5.178925027409111426e-01 -3.291754055091515418e+00 1.665642083287003317e+01 -1.283240053218753784e-01 -5.178925027409111426e-01 -1.283240053218753784e-01 9.973546736013190639e+00
1.843981111881280199e+01 -3.445347578912099529e+00 1.547788150428312248e-01 -3.445347578912099529e+00 1.849056996333735015e+01 1.200659199988003828e-01 1.547788150428312248e-01 1.200659199988003828e-01 1.354444243869146547e+01
1.813286728395090108e+01 -4.652851073108578706e-01 5.015119978658238997e-01 -4.652851073108578706e-01 1.785182971920663064e+01 6.954835954403346676e-01 5.015119978658238997e-01 6.954835954403346676e-01 1.414100831826688420e+01
1.852121039065298547e+01 -3.324563806482923489e+00 3.042720473974094841e-01 -3.324563806482923489e+00 1.857832603176382946e+01 3.132127417498851152e-01 3.042720473974094841e-01 3.132127417498851152e-01 1.338356744273796650e+01
1.692757656318719839e+01 1.620846635646394363e-01 4.165990900023532340e-01 1.620846635646394363e-01 1.623204366104519281e+01 -9.526634841624828653e-02 4.165990900023532340e-01 -9.526634841624828653e-02 9.655492589051839047e+00
1.848293234736301116e+01 -3.376945702368138402e+00 2.091139373083689967e-01 -3.376945702368138402e+00 1.920191071165347196e+01 1.509048233093985836e-01 2.091139373083689967e-01 1.509048233093985836e-01 1.395622169838779136e+01
1.843981111881280199e+01 -3.445347578912099529e+00 1.547788150428312248e-01 -3.445347578912099529e+00 1.849056996333735015e+01 1.200659199988003828e-01 1.547788150428312248e-01 1.200659199988003828e-01 1.354444243869146547e+01
1.870153788902856107e+01 -3.464931780358870839e+00 -4.793037610476069132e-01 -3.464931780358870839e+00 1.875111793453630327e+01 4.405109786118188153e-01 -4.793037610476069132e-01 4.405109786118188153e-01 1.322815331901967539e+01
1.843981019135488353e+01 -3.445347578912099529e+00 1.547788150428312248e-01 -3.445347578912099529e+00 1.849056903587943168e+01 1.200659199988003828e-01 1.547788150428312248e-01 1.200659199988003828e-01 1.354444151123354523e+01
1.875584585798348769e+01 -7.235410422871139113e-01 -2.400472600886835728e-01 -7.235410422871139113e-01 1.838212426247321574e+01 3.548612987221894111e-01 -2.400472600886835728e-01 3.548612987221894111e-01 1.514136491811795260e+01
1.813286728395090108e+01 -4.652851073108578706e-01 5.015119978658238997e-01 -4.652851073108578706e-01 1.785182971920663064e+01 6.954835954403346676e-01 5.015119978658238997e-01 6.954835954403346676e-01 1.414100831826688420e+01
1.833263000197653980e+01 8.743141684096487898e-02 4.256386519753171949e-01 8.743141684096487898e-02 1.780772439116314132e+01 3.807676198588249017e-01 4.256386519753171949e-01 3.807676198588249017e-01 1.271955991777299566e+01
1.794504292440075943e+01 -3.433184895744219034e+00 1.830403127926898410e-01 -3.433184895744219034e+00 1.803258289513178880e+01 1.560818934209669273e-02 1.830403127926898410e-01 1.560818934209669273e-02 1.268545595419816685e+01
1.813286728395090108e+01 -4.652851073108578706e-01 5.015119978658238997e-01 -4.652851073108578706e-01 1.785182971920663064e+01 6.954835954403346676e-01 5.015119978658238997e-01 6.954835954403346676e-01 1.414100831826688420e+01
1.843981111881280199e+01 -3.445347578912099529e+00 1.547788150428312248e-01 -3.445347578912099529e+00 1.849056996333735015e+01 1.200659199988003828e-01 1.547788150428312248e-01 1.200659199988003828e-01 1.354444243869146547e+01
1.664061602244881399e+01 -3.314778197964980855e+00 1.880615699736341018e-01 -3.314778197964980855e+00 1.687359623442235446e+01 3.766592106252486527e-01 1.880615699736341018e-01 3.766592106252486527e-01 1.046135714110653581e+01
1.743800727326699018e+01 -8.139966034972159203e-01 -7.115923849155779690e-01 -8.139966034972159203e-01 1.725843903336875940e+01 2.786418391219157575e-01 -7.115923849155779690e-01 2.786418391219157575e-01 1.389221927001140600e+01
1.760690883003712059e+01 -4.598749053000871778e-01 3.867095608091817294e-01 -4.598749053000871778e-01 1.735195161008244469e+01 6.298341391609609818e-01 3.867095608091817294e-01 6.298341391609609818e-01 1.322328588322364240e+01
1.496916351718267002e+01 5.477458369923614567e-01 -1.009062358964256889e+00 5.477458369923614567e-01 1.728613122568467730e+01 -2.291578327987472186e+00 -1.009062358964256889e+00 -2.291578327987472186e+00 1.361948604999108348e+01
1.813286728395090108e+01 -4.652851073108578706e-01 5.015119978658238997e-01 -4.652851073108578706e-01 1.785182971920663064e+01 6.954835954403346676e-01 5.015119978658238997e-01 6.954835954403346676e-01 1.414100831826688420e+01
1.650494655039751990e+01 -3.320134267455182808e+00 1.934686496494570085e-01 -3.320134267455182808e+00 1.784764314851815570e+01 -7.449898491254731969e-02 1.934686496494570085e-01 -7.449898491254731969e-02 1.138656226619921696e+01
