-7.160330330488319461e+00 3.089345399856235463e+00 8.714908287979715729e-01 3.089345399856235463e+00 -5.266577225533954021e+00 9.235254006369099100e-01 8.714908287979715729e-01 9.235254006369099100e-01 -9.544917187544491810e+00
-5.177195322329363414e+00 -1.408607538270230775e+00 -1.275284029380561734e-01 -1.408607538270230775e+00 -7.077394886415971698e+00 -1.620074103807888077e+00 -1.275284029380561734e-01 -1.620074103807888077e+00 -6.834248778312087325e+00
-9.271450857298685122e+00 1.843713582828775399e+00 8.317926316088141148e-01 1.843713582828775399e+00 -1.041775944148417921e+01 2.174696404579431697e+00 8.317926316088141148e-01 2.174696404579431697e+00 -9.007191528612649378e+00
-1.055939100726642366e+01 -1.789849794932559801e+00 1.722455741699939979e+00 -1.789849794932559801e+00 -8.790193736285159432e+00 1.902518720780521866e+00 1.722455741699939979e+00 1.902518720780521866e+00 -1.190411536055164099e+01
-2.251501140924160982e+00 1.065794561749811908e+00 -1.631943460736031470e+00 1.065794561749811908e+00 -3.566907624109477926e+00 3.458337566559830822e+00 -1.631943460736031470e+00 3.458337566559830822e+00 -2.930356430025117920e+00
-1.092260873720667824e+00 5.490777515338501891e-01 -1.423218324480933550e+00 5.490777515338501891e-01 -2.319492279879455499e+00 -3.345081726529621768e-01 -1.423218324480933550e+00 -3.345081726529621768e-01 -3.146316092609906523e+00
-5.760682731893156799e-02 -2.496870370499166825e+00 -3.240651143711131277e-01 -2.496870370499166825e+00 -3.702961895389101254e+00 2.083498743329030220e-02 -3.240651143711131277e-01 2.083498743329030220e-02 -8.590161802779040789e-02
-8.261423345034935029e-01 -1.866125267726550740e+00 1.814275037836640569e+00 -1.866125267726550740e+00 -9.778846396147400366e-01 2.944088452258792454e+00 1.814275037836640569e+00 2.944088452258792454e+00 -2.038840233942589286e+00
-5.627992580134698386e+00 -1.267677154105313786e+00 -2.639127732795033765e+00 -1.267677154105313786e+00 -7.497591296251662207e+00 -3.139975972035182306e+00 -2.639127732795033765e+00 -3.139975972035182306e+00 -8.154147626816009575e-01
1.377643990862975398e+00 -6.923990193039906982e-02 5.985057295696097235e+00 -6.923990193039906982e-02 1.547600862680664102e+00 -7.548522234513940221e-01 5.985057295696097235e+00 -7.548522234513940221e-01 6.436010914211816925e+00
-7.993874745951706551e+00 3.253853835273643913e+00 -1.952146717035769141e+00 3.253853835273643913e+00 -4.075893955130103663e+00 -6.274166749181512515e+00 -1.952146717035769141e+00 -6.274166749181512515e+00 -2.799830789908980044e+00
3.276527437107227048e+00 1.900248135092795554e+00 1.904811741624715449e+00 1.900248135092795554e+00 2.145107509341768193e+00 1.828905629951196987e+00 1.904811741624715449e+00 1.828905629951196987e+00 -3.101474861931904581e+00
4.131379261014256343e+00 -6.253572321004196688e+00 -2.920483573033664793e-01 -6.253572321004196688e+00 1.291656523722279237e+00 -2.853944012781705286e+00 -2.920483573033664793e-01 -2.853944012781705286e+00 1.393938121059130175e+00
-1.114187298326236508e+01 -2.128608871755244270e-01 1.363012527019618503e+00 -2.128608871755244270e-01 -1.054678483252896193e+01 1.764362114094635947e+00 1.363012527019618503e+00 1.764362114094635947e+00 -8.324914572894048348e+00
-4.441039281231091707e+00 -1.770064265270390846e+00 6.362511615141994703e+00 -1.770064265270390846e+00 -5.906320097695584970e+00 -2.919140681960906036e+00 6.362511615141994703e+00 -2.919140681960906036e+00 2.631559416227560622e+00
-1.099087708487605397e+00 2.048502667307709135e+00 -4.205437637170657439e+00 2.048502667307709135e+00 -5.299229912418656596e+00 -9.250211957976235411e-01 -4.205437637170657439e+00 -9.250211957976235411e-01 -3.761761088100082251e+00
-5.085814710122984472e+00 -8.581689862195671396e-04 1.033330383930003427e-01 -8.581689862195671396e-04 -7.119137729428641315e+00 7.467340116278182727e-01 1.033330383930003427e-01 7.467340116278182727e-01 -1.337745371708689035e+01
-5.795133699307216668e-01 -1.053450925257687354e+00 1.622545035984048756e+00 -1.053450925257687354e+00 6.152504578323776840e+00 -5.971529954036908450e+00 1.622545035984048756e+00 -5.971529954036908450e+00 2.807569978006678291e+00
-9.401856929731380319e+00 1.162898451508986408e+00 -6.310473675732329646e+00 1.162898451508986408e+00 -1.096860530733631300e+01 -1.022007558100103797e+00 -6.310473675732329646e+00 -1.022007558100103797e+00 -5.585601329089055156e+00
-1.063154097241499585e+01 -2.128619267520488023e+00 -2.592737411493928779e+00 -2.128619267520488023e+00 -1.056262597638822243e+01 7.449025180290003156e-01 -2.592737411493928779e+00 7.449025180290003156e-01 -8.617365966589021653e+00
-6.247095080759739183e+00 2.612183201307707314e+00 2.522703824159209685e+00 2.612183201307707314e+00 -6.832377196332503289e+00 -3.122800433711221402e+00 2.522703824159209685e+00 -3.122800433711221402e+00 -4.485414781317836885e-02
-5.998243551403135143e-01 1.903284680442739907e+00 4.797580608904163491e+00 1.903284680442739907e+00 -2.079324471833377541e-01 1.374995855278249079e+00 4.797580608904163491e+00 1.374995855278249079e+00 3.537978405833785089e+00
-5.796261175521714826e+00 4.860377309497048159e+00 1.331477702363197846e+00 4.860377309497048159e+00 -5.034364495975051312e+00 -6.782833314791336665e-01 1.331477702363197846e+00 -6.782833314791336665e-01 -3.653097329366325585e+00
-1.546624938091492041e+00 -1.376293379320054244e+00 5.064169924767707442e-01 -1.376293379320054244e+00 7.016692214658409865e-01 1.130652074731484547e+00 5.064169924767707442e-01 1.130652074731484547e+00 -9.178437819491341187e+00
-1.389812711738226403e+00 -5.378349791168812732e-01 6.035849546610345673e-01 -5.378349791168812732e-01 -1.563091546405068755e+00 3.117393735081245842e-01 6.035849546610345673e-01 3.117393735081245842e-01 -1.125649896141659667e+01
-3.161299509264337892e+00 -4.133641607606801105e-01 -2.247536104564721970e+00 -4.133641607606801105e-01 -1.127209172337927612e+00 -2.122277605646329057e+00 -2.247536104564721970e+00 -2.122277605646329057e+00 -4.960902182041833974e+00
-8.318930561578893546e+00 7.761990289026671208e-01 3.142202124273916208e+00 7.761990289026671208e-01 -7.680832217338201318e+00 -1.622462470213423602e+00 3.142202124273916208e+00 -1.622462470213423602e+00 -5.512505946224511177e+00
-9.731337063399527310e+00 -1.230912103074894404e+00 -2.007159783590677815e+00 -1.230912103074894404e+00 -9.854057072565025166e+00 -3.358642461743310381e+00 -2.007159783590677815e+00 -3.358642461743310381e+00 -7.589932372562477880e+00
4.112336040638451706e+00 7.578414596529604585e-01 -3.063120201844694357e+00 7.578414596529604585e-01 -4.287148133318440912e+00 1.887248710158156761e+00 -3.063120201844694357e+00 1.887248710158156761e+00 5.657454384346960019e+00
-4.103673573232565985e+00 -1.305353612835314925e+00 -2.350903050670494654e+00 -1.305353612835314925e+00 -5.189406674135510933e+00 1.894065466022734734e+00 -2.350903050670494654e+00 1.894065466022734734e+00 6.557179374113584203e-01
1.139513173854875161e+00 -1.612496208498405359e+00 4.038928019947925385e+00 -1.612496208498405359e+00 9.059400202796309420e-01 -1.081863176821747929e+00 4.038928019947925385e+00 -1.081863176821747929e+00 1.984487347634212195e+00
-8.787338590873588373e+00 9.522769162537563226e-01 -1.926214077172678563e+00 9.522769162537563226e-01 -1.078112293570577229e+01 6.936231528756940934e-01 -1.926214077172678563e+00 6.936231528756940934e-01 -1.031708301974399511e+01
2.572154093206739933e-01 -9.759655215272707851e-01 -6.140303154331967495e-01 -9.759655215272707851e-01 1.108123266714681865e+00 -3.810534668849747231e+00 -6.140303154331967495e-01 -3.810534668849747231e+00 -7.478017037715046555e+00
-1.238187079099491550e+00 -7.296096576235587550e-02 -3.162425361651687084e+00 -7.296096576235587550e-02 -3.053004726489695564e+00 2.926788999288839399e+00 -3.162425361651687084e+00 2.926788999288839399e+00 -1.328346918442623981e+00
-1.008827638260967774e+01 -2.562946305182069562e+00 4.131548436089588217e-01 -2.562946305182069562e+00 -9.867426934249238002e+00 2.783820726467365336e+00 4.131548436089588217e-01 2.783820726467365336e+00 -8.947789264685367172e+00
-5.325047993060438856e-01 -4.939087945288368253e+00 1.266062957272833023e+00 -4.939087945288368253e+00 1.418140089916591018e+00 -8.614159261639445231e-02 1.266062957272833023e+00 -8.614159261639445231e-02 -4.631859708354842731e+00
-1.284360574866803972e+01 -1.002823546013526190e+00 5.006939382652543236e-01 -1.002823546013526190e+00 -9.533997828480645254e+00 2.734221314238788558e+00 5.006939382652543236e-01 2.734221314238788558e+00 -5.431310102835277931e+00
-7.770305266505692643e+00 -1.482774503725215132e+00 -1.249300944143976633e+00 -1.482774503725215132e+00 -7.413491616290614594e+00 -1.076585070925943688e+00 -1.249300944143976633e+00 -1.076585070925943688e+00 -2.729266104952308591e+00
-2.362312656572160385e+00 5.313171866134970278e-01 -4.689895320417668323e+00 5.313171866134970278e-01 -3.283173205116273419e+00 -1.179586068831603107e+00 -4.689895320417668323e+00 -1.179586068831603107e+00 -4.510487738784655143e+00
-5.547145076449176315e+00 -3.167390858424904643e+00 6.387607842796833246e+00 -3.167390858424904643e+00 -6.298953930996295192e+00 9.771915738106113913e-01 6.387607842796833246e+00 9.771915738106113913e-01 -2.157201876429619247e+00
-4.713283495887177210e+00 1.482981671506251702e-02 4.225829997098197177e-01 1.482981671506251702e-02 -4.314757634490803961e-01 1.024161199168394987e+00 4.225829997098197177e-01 1.024161199168394987e+00 3.432788921544045468e+00
-6.194305964724633462e+00 1.997637911558123536e+00 -3.827528616184174837e-01 1.997637911558123536e+00 -7.363166596063321023e+00 3.934658750833148755e-01 -3.827528616184174837e-01 3.934658750833148755e-01 -5.126131940944389065e+00
-5.599353689804937417e+00 2.796075581124580545e+00 -2.736460835193797791e+00 2.796075581124580545e+00 -6.917310411482250565e+00 6.565739463021826872e-01 -2.736460835193797791e+00 6.565739463021826872e-01 -4.036426642308783563e+00
-4.886291604516433296e+00 -1.177034451750435862e+00 2.786451099078303351e+00 -1.177034451750435862e+00 -3.986633193870919634e+00 -8.608683157981914524e-01 2.786451099078303351e+00 -8.608683157981914524e-01 -2.159220890814153027e+00
-9.526970150877396293e-01 -4.039747757776439130e+00 -1.051715503083881231e-01 -4.039747757776439130e+00 1.612080569972621946e+00 8.732280653365807888e-02 -1.051715503083881231e-01 8.732280653365807888e-02 -6.608236632501008678e+00
-5.710345069877751811e+00 -5.500661293697964860e-01 -5.546347872339721374e-02 -5.500661293697964860e-01 -7.988121383959922106e+00 3.091648097336427425e-01 -5.546347872339721374e-02 3.091648097336427425e-01 -4.990089844990022172e+00
-8.422737681714320246e+00 -3.218038844808760596e-02 -6.413171967984500066e-01 -3.218038844808760596e-02 -6.491649384348634477e+00 1.684802537653351528e+00 -6.413171967984500066e-01 1.684802537653351528e+00 -7.549791057325355048e+00
-2.722404604276508877e+00 5.211253689446532222e-01 -2.805124748925782008e+00 5.211253689446532222e-01 -3.991658656326361410e+00 9.530130153313885397e-03 -2.805124748925782008e+00 9.530130153313885397e-03 -5.118955962778022339e+00
-8.110052689511721979e+00 -9.319983239165368083e-01 3.508409160410684624e+00 -9.319983239165368083e-01 -8.087886027302525704e+00 3.655785699767749808e+00 3.508409160410684624e+00 3.655785699767749808e+00 -1.656239385493879279e+00
-6.627110853083032715e+00 9.525686331423933728e-01 3.548265541890125441e+00 9.525686331423933728e-01 -7.511422933051508544e+00 -1.517339653099009533e+00 3.548265541890125441e+00 -1.517339653099009533e+00 -1.783129267124912820e+00
8.378751892215801078e+00 3.498516635732437763e+00 -3.725430782794128870e+00 3.498516635732437763e+00 -4.515039425366349946e+00 4.366869489861583409e-01 -3.725430782794128870e+00 4.366869489861583409e-01 1.114646948456835496e+01
-3.997496354894201076e+00 2.062808417656210591e-01 3.002922021991486723e+00 2.062808417656210591e-01 -3.293018834534537920e+00 -1.694388926701945630e+00 3.002922021991486723e+00 -1.694388926701945630e+00 -1.986061958666316629e+00
-1.699077338978739693e+00 2.612316390240279951e+00 -1.418026493095583929e+00 2.612316390240279951e+00 -3.314172119047020804e+00 -3.802852024348091664e+00 -1.418026493095583929e+00 -3.802852024348091664e+00 -3.732675330729589569e-01
-6.613185445304972099e-01 -2.919805953113837393e+00 1.050823513809414633e+00 -2.919805953113837393e+00 -3.789354722662625630e-01 3.528489451920460707e-01 1.050823513809414633e+00 3.528489451920460707e-01 -5.475000732310201457e+00
-1.249489525522907307e+01 -1.885501842512790072e+00 -1.974619276399203649e+00 -1.885501842512790072e+00 -9.974834302959688870e+00 -1.906801597382334901e+00 -1.974619276399203649e+00 -1.906801597382334901e+00 -6.644671690078832960e+00
-3.416200390936322773e+00 -2.835646482469879270e+00 2.372155934041560332e+00 -2.835646482469879270e+00 -6.531886315832636569e+00 9.283643194167914281e-01 2.372155934041560332e+00 9.283643194167914281e-01 -7.248380340759910112e+00
-3.111185499041379199e+00 -3.276088402609289130e+00 -8.074673447496975021e-01 -3.276088402609289130e+00 -2.614954193553902240e+00 4.263545798687394806e-01 -8.074673447496975021e-01 4.263545798687394806e-01 6.968042866139609437e+00
-5.548255518952330156e+00 1.053538908238049965e+00 -9.403764892212097548e-01 1.053538908238049965e+00 -4.936122859191403478e+00 -8.425008666884257202e-01 -9.403764892212097548e-01 -8.425008666884257202e-01 -3.403701481139766116e+00
-4.432334883887017796e+00 9.061536919191851558e-01 -2.256984593674040251e+00 9.061536919191851558e-01 -5.089497488499267419e+00 -1.479321214846800459e+00 -2.256984593674040251e+00 -1.479321214846800459e+00 -5.050807596279137002e+00
-9.098652172469110511e+00 -3.212123885893514719e-01 -3.047446872441797794e+00 -3.212123885893514719e-01 -4.693486829234879032e+00 -2.073745475940226957e+00 -3.047446872441797794e+00 -2.073745475940226957e+00 -5.007505557027473131e+00
-2.538712813822107339e+00 2.391497470638462630e+00 3.724599116797468884e-02 2.391497470638462630e+00 -2.576831597938699758e+00 -4.354904077285748354e-01 3.724599116797468884e-02 -4.354904077285748354e-01 -1.980858626354462526e+00
-1.025732921004660270e+01 1.666754049905079693e+00 7.096639299787966815e-01 1.666754049905079693e+00 -8.607499866271215438e+00 2.693825242205149184e+00 7.096639299787966815e-01 2.693825242205149184e+00 -9.516786258481728211e+00
9.813161774190143349e-02 8.166910464450612972e-01 1.262606338864892368e-02 8.166910464450612972e-01 -8.119533932254405229e-02 3.956012104666497109e+00 1.262606338864892368e-02 3.956012104666497109e+00 -6.060196886562610352e+00
5.840813601691647872e-01 -3.604033195412907009e+00 -4.642354735440270552e+00 -3.604033195412907009e+00 1.147667887829960653e+00 -3.708685427600236117e+00 -4.642354735440270552e+00 -3.708685427600236117e+00 4.325465025949019271e+00
-5.182558841535379379e+00 1.743948875556950107e+00 1.143762732195005016e+00 1.743948875556950107e+00 -4.457457605687070057e+00 -4.832250002148337775e-01 1.143762732195005016e+00 -4.832250002148337775e-01 -6.049629630934800772e+00
-4.777446777214643170e+00 -2.888730596408259466e+00 -1.649106516339238881e+00 -2.888730596408259466e+00 -6.241111290486982988e+00 -4.350469419697156503e+00 -1.649106516339238881e+00 -4.350469419697156503e+00 1.588710884956520575e+00
1.476682012357280360e+00 7.760532072995872666e-01 3.821428372715617527e+00 7.760532072995872666e-01 -3.849836512954993406e+00 2.884792383806733973e+00 3.821428372715617527e+00 2.884792383806733973e+00 -7.877205125943624875e-01
-1.144147120545952667e+01 -1.397373279962100145e+00 2.886117669179792067e+00 -1.397373279962100145e+00 -7.552217339587778966e+00 3.313725655804212966e+00 2.886117669179792067e+00 3.313725655804212966e+00 -8.819613460602521826e+00
-8.151646583051766370e+00 -2.141363208763529702e+00 -4.699175406811754385e+00 -2.141363208763529702e+00 -5.895724288011232161e+00 5.103545238553771624e-01 -4.699175406811754385e+00 5.103545238553771624e-01 5.266048624480854645e-01
-6.821439140396253542e+00 4.040203856651583547e-02 9.494051446732471033e-01 4.040203856651583547e-02 -2.426435648607140116e+00 -1.060016187830643775e+00 9.494051446732471033e-01 -1.060016187830643775e+00 4.573005477368577765e+00
4.706088523675370006e+00 -1.346456238297974117e+00 3.524885873889938015e-01 -1.346456238297974117e+00 1.347181398227505156e+00 -1.193406055456680895e-02 3.524885873889938015e-01 -1.193406055456680895e-02 1.697415515192725266e+00
-8.359316079151495771e+00 -5.893423725342123998e-01 2.085581858205981298e+00 -5.893423725342123998e-01 -8.737279871631830730e+00 -3.154281208702404360e+00 2.085581858205981298e+00 -3.154281208702404360e+00 -3.489858475744236799e+00
-1.256603751723437945e+01 -1.667663150493093438e+00 -3.380266423894565109e-01 -1.667663150493093438e+00 -1.147259376033269440e+01 -3.827721909463523975e+00 -3.380266423894565109e-01 -3.827721909463523975e+00 -8.600693425360752542e+00
-8.268450732776310375e+00 2.986691403845359361e+00 2.438373710472826250e+00 2.986691403845359361e+00 -9.251873691781169029e+00 2.793237166415507122e+00 2.438373710472826250e+00 2.793237166415507122e+00 -1.365561316535407244e+01
-2.169716035868661574e+00 2.032354031597816690e-01 -2.932065218421139985e+00 2.032354031597816690e-01 1.590982994203298251e+00 -2.018590786301104778e+00 -2.932065218421139985e+00 -2.018590786301104778e+00 -3.457405018843915823e+00
-6.021533478336868583e+00 8.797723458995572177e-01 4.582385511296877212e+00 8.797723458995572177e-01 -9.215586835105844088e+00 -1.319293869991505774e+00 4.582385511296877212e+00 -1.319293869991505774e+00 -1.777341265352752719e+00
-7.830566999295657027e+00 2.944028770911156556e+00 9.359043084550306979e-01 2.944028770911156556e+00 -8.707676490869570074e+00 9.356472193332296960e-01 9.359043084550306979e-01 9.356472193332296960e-01 -6.861135871635386962e+00
-9.197221588024891759e+00 3.089078921556335011e+00 -3.298169922931255993e+00 3.089078921556335011e+00 -1.014087228585833778e+01 -8.972713284730157723e-02 -3.298169922931255993e+00 -8.972713284730157723e-02 -1.058293488394376602e+01
-1.055489548356873364e+01 -6.591603516090064341e-01 2.285771812190655616e-01 -6.591603516090064341e-01 -7.554354165650672748e+00 3.500921038514786421e+00 2.285771812190655616e-01 3.500921038514786421e+00 -7.944268927910465905e+00
-4.814307707635418154e+00 -3.045280290564174042e-01 -3.617986990119187674e+00 -3.045280290564174042e-01 -5.469374154838058999e+00 2.053056907599405179e+00 -3.617986990119187674e+00 2.053056907599405179e+00 -3.275604217362476644e-01
-8.836767067456758440e+00 3.423303282105678164e-02 -3.810468675731457089e-01 3.423303282105678164e-02 -9.449143601624195199e+00 -1.728027430392034880e+00 -3.810468675731457089e-01 -1.728027430392034880e+00 -1.806107892533192816e+00
2.992354551502545945e+01 -1.028266123929642228e+00 -4.777793647939287958e+00 -1.028266123929642228e+00 2.948266806150687103e+01 4.647251660534800211e-01 -4.777793647939287958e+00 4.647251660534800211e-01 2.856791417650565634e+01
-2.241727207014351464e+00 -9.986990691364636685e-01 -2.354059299351561219e+00 -9.986990691364636685e-01 -3.036304906038255425e+00 2.929743878423701542e+00 -2.354059299351561219e+00 2.929743878423701542e+00 1.354063574945320481e+00
-2.258999028025075795e+00 -5.535618621247864191e-01 -1.354223865730249443e+00 -5.535618621247864191e-01 -6.033235985815091240e+00 3.500966873802885182e+00 -1.354223865730249443e+00 3.500966873802885182e+00 -1.975862137644817995e+00
-1.733014556368799586e-01 7.689595859817088819e-01 -2.011213525786324841e+00 7.689595859817088819e-01 -3.249295398196088591e+00 1.533219587253934035e+00 -2.011213525786324841e+00 1.533219587253934035e+00 -1.558776978878617436e+00
-2.155445536042930765e+00 -1.902296710310741767e+00 -3.417397448366945589e+00 -1.902296710310741767e+00 -1.285579376570361143e+00 3.295476236190898245e+00 -3.417397448366945589e+00 3.295476236190898245e+00 -1.422740219931375727e-01
1.505367985735085679e+00 -2.449509336580662389e+00 7.209474298869833042e+00 -2.449509336580662389e+00 1.573356176683820662e+00 6.689974661685289814e-02 7.209474298869833042e+00 6.689974661685289814e-02 9.335610535054046366e+00
-4.601735199059242554e+00 -1.428281552494748308e+00 -2.603181079867975978e+00 -1.428281552494748308e+00 -2.086023896164447500e+00 -1.166318029700114112e+00 -2.603181079867975978e+00 -1.166318029700114112e+00 -6.895242642288423873e+00
-8.263968814058779699e+00 6.935066360292818644e-01 1.117109083298419403e+00 6.935066360292818644e-01 -7.286182767022681972e+00 -3.719640783557562447e+00 1.117109083298419403e+00 -3.719640783557562447e+00 -8.488808912683907693e+00
8.526124911294304942e-01 1.181379005665932791e+00 9.950415504013029322e-01 1.181379005665932791e+00 1.777682154054778807e-01 3.982001370356409886e+00 9.950415504013029322e-01 3.982001370356409886e+00 -4.611776512251247517e+00
6.716625506582675209e-01 -3.839023860434308322e+00 -1.778722777362939267e+00 -3.839023860434308322e+00 3.086098075172976962e+00 8.710634022810458399e-01 -1.778722777362939267e+00 8.710634022810458399e-01 3.902607436969718790e+00
-7.112882973110544960e+00 1.052525661523111999e+00 2.576034730351657309e+00 1.052525661523111999e+00 -7.673614950103351262e+00 9.655375995462696093e-01 2.576034730351657309e+00 9.655375995462696093e-01 -1.047326748093740711e+01
-7.008527377397151259e-01 -1.250023787148168752e+00 9.310269227139312820e-01 -1.250023787148168752e+00 2.342482851969776902e+00 -4.820223015874107175e-01 9.310269227139312820e-01 -4.820223015874107175e-01 -3.590974772315167485e+00
-3.713254980355256141e+00 2.397139437180937804e+00 3.202851891649360905e-02 2.397139437180937804e+00 3.416024604950023691e-01 -5.571143807622721544e-01 3.202851891649360905e-02 -5.571143807622721544e-01 4.176836157067483235e+00
-2.409747392888042405e+00 3.942763398575696576e-02 -2.159315601486154979e+00 3.942763398575696576e-02 -6.624910849593555362e+00 -2.778649957058454856e+00 -2.159315601486154979e+00 -2.778649957058454856e+00 -3.752570840579399825e+00
-6.152070862128209860e+00 -4.959410871447182401e-01 -1.682678941208298751e+00 -4.959410871447182401e-01 -4.700006145776436384e+00 -5.903266817083531848e+00 -1.682678941208298751e+00 -5.903266817083531848e+00 -2.389755975741221228e+00
-9.653686445164851193e+00 1.926404486570224783e+00 6.108571653960890302e-01 1.926404486570224783e+00 -1.129463375199931718e+01 1.437702383113724780e+00 6.108571653960890302e-01 1.437702383113724780e+00 -9.602590453522056535e+00
-7.235685800551139302e+00 -2.762481884027354617e+00 2.934817353073154944e+00 -2.762481884027354617e+00 -8.243331404793439177e+00 1.002110478419372841e+00 2.934817353073154944e+00 1.002110478419372841e+00 -1.060452757015101533e+01
-8.887822082947847147e-01 -7.934187007403602498e-01 8.626700861194357139e-02 -7.934187007403602498e-01 -1.978839172875110464e+00 -6.597150114445478053e-01 8.626700861194357139e-02 -6.597150114445478053e-01 -9.196350551018904085e+00
-2.438723518129885637e+00 3.198140659699236998e+00 2.675109563905920251e-01 3.198140659699236998e+00 -6.037373184235473644e+00 1.416817897906058832e+00 2.675109563905920251e-01 1.416817897906058832e+00 -4.427669069810029612e+00
