-2.253196627785202022e+00 2.178027504439242090e+00 -1.123531231161927352e-01 2.178027504439242090e+00 -5.215402193366010408e+00 7.214173755721757786e-01 -1.123531231161927352e-01 7.214173755721757786e-01 -7.537732572330223313e+00
-1.667893432153013666e+00 -2.782358741166255367e+00 4.377834886612346210e+00 -2.782358741166255367e+00 -1.640708010504802639e+00 -1.872082167585680690e+00 4.377834886612346210e+00 -1.872082167585680690e+00 -9.187887301950146579e+00
7.211253119080106799e+00 -4.394590595153811119e-01 -1.927983052462955982e+00 -4.394590595153811119e-01 6.028365494298633109e+00 4.986176120579862925e+00 -1.927983052462955982e+00 4.986176120579862925e+00 1.371207401711697360e-01
8.197658220029042653e+00 3.630759375190057092e+00 4.058020936061084605e+00 3.630759375190057092e+00 -5.710716243646127843e+00 4.863979818960792456e-02 4.058020936061084605e+00 4.863979818960792456e-02 3.484566333255483705e+00
6.269997629730403865e+00 2.394351705442621991e+00 1.416898791207694464e+00 2.394351705442621991e+00 -3.912332430044917597e+00 1.087330850392824955e+00 1.416898791207694464e+00 1.087330850392824955e+00 -1.005418007901866417e+01
2.060188985931867123e+01 -6.360421145902252604e+00 2.411353369334930274e+00 -6.360421145902252604e+00 1.146683117989333311e+01 -2.854132184627759639e+00 2.411353369334930274e+00 -2.854132184627759639e+00 6.594309317627876865e+00
-2.320139758336774882e+00 3.852402776011004892e+00 -8.413349109041708962e-01 3.852402776011004892e+00 -1.823070017534231368e+00 3.491774086876035521e-01 -8.413349109041708962e-01 3.491774086876035521e-01 -6.261380139300786851e+00
-3.158372968771456790e+00 -1.907143834066287846e+00 4.835511212679526771e+00 -1.907143834066287846e+00 5.080780842590163715e+00 3.233985873656132881e+00 4.835511212679526771e+00 3.233985873656132881e+00 -3.493125592786242350e+00
4.874642631174891938e-01 1.375392108831136273e+00 -1.882992220770027592e+00 1.375392108831136273e+00 -2.136059152033893849e+00 -6.950215136447397690e-02 -1.882992220770027592e+00 -6.950215136447397690e-02 -3.990295520865338119e+00
-4.339693412750365020e+00 1.594553279491880637e+00 1.974460798279509488e+00 1.594553279491880637e+00 -4.102293450607318093e+00 9.086860397498554009e-01 1.974460798279509488e+00 9.086860397498554009e-01 -7.484438949808823516e+00
-4.715534114729478254e+00 4.687100969055247646e+00 -8.941409118408271128e-01 4.687100969055247646e+00 -5.751462161978799337e+00 -8.048560714800183369e-02 -8.941409118408271128e-01 -8.048560714800183369e-02 -9.101073576349284266e+00
4.353799547765831335e+00 1.112755075720343934e+00 -2.068497508116708961e+00 1.112755075720343934e+00 1.699371616199368606e+00 3.070566359536217149e+00 -2.068497508116708961e+00 3.070566359536217149e+00 -4.364092993148313560e-01
4.459020730653107556e+00 -1.606476874580864855e+00 1.935889097553127103e+00 -1.606476874580864855e+00 -3.428797238137568648e+00 7.488540890652233273e-01 1.935889097553127103e+00 7.488540890652233273e-01 -1.828129412210651061e+00
1.354357890998137526e+00 -4.711790809144117631e+00 2.483251682454411302e+00 -4.711790809144117631e+00 -1.206201744314103097e+00 -6.803607007355617631e-01 2.483251682454411302e+00 -6.803607007355617631e-01 -1.037994986838702083e+01
-2.074496366242098766e+00 2.245169872994428495e+00 7.296470478311336549e-01 2.245169872994428495e+00 6.514583349122200495e+00 3.201154020749521045e+00 7.296470478311336549e-01 3.201154020749521045e+00 -4.194462854259864315e+00
-4.084909483908521821e+00 2.132069671479222883e+00 -3.459007890169725208e+00 2.132069671479222883e+00 -9.456172986371516487e+00 7.937657025635838637e-02 -3.459007890169725208e+00 7.937657025635838637e-02 -1.093773339018287949e+01
-3.424776988178807713e+00 -5.947603002375507764e-01 5.538431442008199923e+00 -5.947603002375507764e-01 -4.823083502810345813e+00 1.694008653365725037e+00 5.538431442008199923e+00 1.694008653365725037e+00 -2.140849810752020410e+00
4.786148942468748224e+00 2.514143706314500903e+00 3.739805837837934632e+00 2.514143706314500903e+00 5.783940103308712999e+00 -7.876875197956750840e-01 3.739805837837934632e+00 -7.876875197956750840e-01 -1.021755543666355903e+00
-6.249834230189024176e+00 -2.537578044969490132e-01 3.732546112226627688e+00 -2.537578044969490132e-01 -4.591451312475086866e+00 1.368966041427593261e+00 3.732546112226627688e+00 1.368966041427593261e+00 -1.068598211445710255e+01
7.062824736038079365e+00 -9.299480207528264541e-01 -9.582117801834547643e-01 -9.299480207528264541e-01 9.089848995882249483e+00 -2.601592987166699622e+00 -9.582117801834547643e-01 -2.601592987166699622e+00 -4.284539755485184287e+00
-1.085477317188252577e+01 1.700806494846680783e+00 1.903671259451727160e-01 1.700806494846680783e+00 -9.782376038009596542e+00 -1.123879670456674029e+00 1.903671259451727160e-01 -1.123879670456674029e+00 -1.042327489585907685e+01
4.935433536609862060e+00 -2.338777755272188896e-01 5.604872717306107477e-01 -2.338777755272188896e-01 7.570164032160367817e+00 4.565110850228747630e+00 5.604872717306107477e-01 4.565110850228747630e+00 1.706440781007674046e+00
-1.045788836643102826e+01 -5.443637224921511475e-01 -3.575860541573795681e-02 -5.443637224921511475e-01 -1.375966001408159656e+01 1.236097751909037701e+00 -3.575860541573795681e-02 1.236097751909037701e+00 -1.425253485013018917e+01
6.608646454141378079e+00 -1.846633943088698215e+00 5.628172716178665880e+00 -1.846633943088698215e+00 8.139591883545992390e-01 1.866184647739959512e+00 5.628172716178665880e+00 1.866184647739959512e+00 -4.847381198423820869e+00
-1.214508450197627099e+00 -4.418767759561508690e+00 -2.626329180556862930e+00 -4.418767759561508690e+00 1.040247900492296829e+01 5.510151554833767840e+00 -2.626329180556862930e+00 5.510151554833767840e+00 -7.395233291633290129e+00
-1.566187902164219103e+00 -2.445919124793137223e-01 -8.300296092534980019e-01 -2.445919124793137223e-01 5.387945520584697334e+00 2.568073017739517905e+00 -8.300296092534980019e-01 2.568073017739517905e+00 -1.388261329562281432e+00
5.898991727335586965e+00 -2.181700708597500427e+00 1.433843142480121902e+00 -2.181700708597500427e+00 5.365849275845134159e+00 8.387901262606752839e-01 1.433843142480121902e+00 8.387901262606752839e-01 -5.333500756171459578e+00
-6.395639618750523780e+00 1.923786866411182572e+00 2.846455225668912625e+00 1.923786866411182572e+00 -4.650918867796555389e+00 9.104503457034470726e-01 2.846455225668912625e+00 9.104503457034470726e-01 -1.202615766932300190e+01
-1.642300890507695144e+01 1.844119519755862635e+00 -1.724236375209572181e+00 1.844119519755862635e+00 -1.422964049960919475e+01 2.556929496733701512e+00 -1.724236375209572181e+00 2.556929496733701512e+00 -1.151254415814324439e+01
-6.319818658200828665e+00 -7.503252433034955649e-02 1.852978508108831524e-01 -7.503252433034955649e-02 -6.497972356308901354e+00 2.974285838767114054e+00 1.852978508108831524e-01 2.974285838767114054e+00 -8.981825157525790360e+00
-8.726891247453123057e+00 -1.661515798364494589e+00 3.580373244420713252e+00 -1.661515798364494589e+00 -3.603114123924954448e+00 3.327483855794660439e+00 3.580373244420713252e+00 3.327483855794660439e+00 -1.292136487112080623e+01
2.157216130768150109e+00 -7.488718264312966832e-01 -1.011338472998908999e+00 -7.488718264312966832e-01 -3.805148796710917214e+00 2.368902784872399803e+00 -1.011338472998908999e+00 2.368902784872399803e+00 -5.928270537969676290e+00
5.196888329995554834e+00 -5.444426604684509119e-01 -2.588707636774283394e-01 -5.444426604684509119e-01 3.479499828748292556e-01 2.435506180786496666e-01 -2.588707636774283394e-01 2.435506180786496666e-01 -1.557979233887757831e+00
3.608795596434549058e+00 -9.526785306437700385e+00 4.890330207807931928e-01 -9.526785306437700385e+00 7.124003172722417787e+00 -1.016857992410858724e+00 4.890330207807931928e-01 -1.016857992410858724e+00 -1.319959737666479427e+01
3.384345413753608867e+00 -3.842321535565997870e+00 -6.405268000401839190e-01 -3.842321535565997870e+00 1.369382444914218055e+01 3.016172541521542794e+00 -6.405268000401839190e-01 3.016172541521542794e+00 -4.915239425564391418e+00
-6.171325695148518697e+00 3.547970191298957854e+00 -1.180584093925283629e+00 3.547970191298957854e+00 2.592718594079240102e+00 -5.045938171607010858e+00 -1.180584093925283629e+00 -5.045938171607010858e+00 -6.390382575514058416e+00
-6.369872239714088558e+00 3.169025793830741566e+00 4.301637744855359990e+00 3.169025793830741566e+00 6.078590388362274943e+00 2.817035049449836404e+00 4.301637744855359990e+00 2.817035049449836404e+00 1.830566784793350721e-01
-5.195099996870906622e+00 1.732272284973142451e+00 -1.681347576263218846e+00 1.732272284973142451e+00 -8.541297568018443087e+00 -6.814651929182481416e-01 -1.681347576263218846e+00 -6.814651929182481416e-01 -3.115521948215758563e+00
2.964434691347634487e+00 -1.364615380798962940e+00 -1.956335380399266466e+00 -1.364615380798962940e+00 -6.814614443198888649e-01 -2.029882880207046991e+00 -1.956335380399266466e+00 -2.029882880207046991e+00 -1.006860961480401606e+01
8.241974798268719482e+00 4.085330534733921382e-01 4.864143190522433602e-01 4.085330534733921382e-01 -5.011534971290547702e+00 1.511991550121612571e+00 4.864143190522433602e-01 1.511991550121612571e+00 3.989880699845086420e-01
5.946835655174492530e+00 2.366755758760612505e+00 -3.444959876623750805e+00 2.366755758760612505e+00 7.752734404350761110e+00 -3.067073227942869185e+00 -3.444959876623750805e+00 -3.067073227942869185e+00 4.739556667377179955e-01
-3.989599389440839694e+00 -2.156759003658166307e+00 -1.297639625118149898e+00 -2.156759003658166307e+00 3.667934975417272536e+00 -1.553293888995890271e+00 -1.297639625118149898e+00 -1.553293888995890271e+00 -5.381925276012179182e+00
-1.666991337183523214e+01 2.362230920872006312e-01 2.898231583091199770e-01 2.362230920872006312e-01 -1.444781698794948888e+01 2.844850601563261083e+00 2.898231583091199770e-01 2.844850601563261083e+00 -1.667277939796830921e+01
-2.278887262226401145e+00 2.244740727716608930e+00 -3.567519682430835282e+00 2.244740727716608930e+00 -4.272381495839129073e+00 -2.451612216547948808e+00 -3.567519682430835282e+00 -2.451612216547948808e+00 -6.588897779748852379e-01
-1.254949386954562662e+01 -1.844913797803562128e+00 1.579655432223361133e+00 -1.844913797803562128e+00 -4.339211412152263136e+00 4.848769599029247424e+00 1.579655432223361133e+00 4.848769599029247424e+00 -1.868946691393581494e+00
-4.988042751842531430e+00 5.595231866455676606e-01 -1.998597464178390737e-01 5.595231866455676606e-01 1.269074900012796991e+00 -7.009735431545222051e-01 -1.998597464178390737e-01 -7.009735431545222051e-01 9.710982972252323042e-02
-7.201618026124447347e+00 -1.341629104119848481e+00 8.419667496400894402e-01 -1.341629104119848481e+00 -4.541940879137038589e-01 1.774200034252089386e+00 8.419667496400894402e-01 1.774200034252089386e+00 -9.163045723197207337e+00
-2.362542595618340346e+00 2.236281157837688438e-01 1.365927083026997240e-03 2.236281157837688438e-01 -1.352142409286562375e+00 1.751116591165069458e+00 1.365927083026997240e-03 1.751116591165069458e+00 -3.780411564035642602e+00
-4.346690475425394773e+00 -1.170970315648430571e+00 2.160566021797635461e+00 -1.170970315648430571e+00 2.222654301169317836e+00 -3.311948719877851222e+00 2.160566021797635461e+00 -3.311948719877851222e+00 4.036222375462054757e+00
5.956463980349103515e+00 -2.749703113159564172e+00 1.068117681925607965e+00 -2.749703113159564172e+00 6.763890619434433482e+00 -2.737011887796711118e+00 1.068117681925607965e+00 -2.737011887796711118e+00 -2.935170959637379617e+00
-8.256941733441733433e+00 1.069926741820324212e+00 1.477783710913827209e+00 1.069926741820324212e+00 -4.813510728153260310e+00 1.732707273134005854e+00 1.477783710913827209e+00 1.732707273134005854e+00 -7.005667899678040378e+00
-2.032364432320704850e+00 -2.229458594497431445e+00 -1.158367631926731534e+00 -2.229458594497431445e+00 -4.998808327249275152e+00 5.336737931718383621e+00 -1.158367631926731534e+00 5.336737931718383621e+00 -6.734237546097280536e+00
-1.900961988678481651e+00 -7.619373871043869650e-01 7.378663148052982734e+00 -7.619373871043869650e-01 -7.316701499311658807e+00 3.016310397816428956e+00 7.378663148052982734e+00 3.016310397816428956e+00 -7.215065582790170851e+00
-1.163377500781568585e+01 4.109237839488767641e+00 7.560786426778658420e-01 4.109237839488767641e+00 -7.005752859949824440e+00 -2.751338867402938870e+00 7.560786426778658420e-01 -2.751338867402938870e+00 -9.161430657649161091e+00
-2.706243404461430746e+00 -1.290846569390946774e+00 -1.388572025663165066e+00 -1.290846569390946774e+00 -6.276434581565844439e+00 7.159139453903915484e-01 -1.388572025663165066e+00 7.159139453903915484e-01 -3.345074371852291506e+00
-1.168456554800320113e+01 2.431689722244123164e+00 -3.596595945746445366e+00 2.431689722244123164e+00 -3.969145172864978477e+00 4.134937503225897260e+00 -3.596595945746445366e+00 4.134937503225897260e+00 -7.124354889478287767e+00
1.196867485060097769e+00 -3.612698903122849803e+00 3.046537117210529999e+00 -3.612698903122849803e+00 -1.683474284457170178e+00 -2.238835871530085342e+00 3.046537117210529999e+00 -2.238835871530085342e+00 -7.182905918541121260e+00
2.666664143926180230e+00 -2.890562595147485037e-01 2.461052015901762924e-01 -2.890562595147485037e-01 4.279821528649904394e+00 5.138026574595210505e+00 2.461052015901762924e-01 5.138026574595210505e+00 -9.521783798216574723e+00
6.368078890774560463e+00 -3.321853242550889096e+00 -2.179402534581411643e+00 -3.321853242550889096e+00 3.675931451142527173e+00 9.978987382614689094e-01 -2.179402534581411643e+00 9.978987382614689094e-01 1.790173661133507774e-02
3.373469701170696222e+00 5.842536212383692140e-01 -1.625634452893618853e+00 5.842536212383692140e-01 3.618037215528553396e+00 4.205117325845150411e+00 -1.625634452893618853e+00 4.205117325845150411e+00 -9.116685209623964781e+00
-5.383988459654363901e+00 1.527290444163858785e-01 1.555365702190463495e-01 1.527290444163858785e-01 1.680111096907778601e+00 1.181504932557235543e+00 1.555365702190463495e-01 1.181504932557235543e+00 -6.286032309739611357e+00
-2.777628668142740676e+00 4.001674354381187015e+00 4.154112894345135532e-01 4.001674354381187015e+00 2.753990509245213048e+00 -5.593480140199975637e-01 4.154112894345135532e-01 -5.593480140199975637e-01 -5.990701293445165554e+00
-1.083880809236122289e+00 2.642539263678797892e-02 -1.652893711733727677e+00 2.642539263678797892e-02 5.405824627221205603e+00 -2.671464066936850568e+00 -1.652893711733727677e+00 -2.671464066936850568e+00 3.425826781153968881e+00
3.656604567004099415e+00 -1.275966501646415674e+00 -3.755477956966665865e+00 -1.275966501646415674e+00 8.037927156237416604e-01 -2.961878355281510888e-01 -3.755477956966665865e+00 -2.961878355281510888e-01 -1.375394166428916209e+00
7.749287120212649427e+00 7.918552838961890883e-01 -3.355453250767634343e-01 7.918552838961890883e-01 -1.206411730547404915e+00 2.055373160650497688e+00 -3.355453250767634343e-01 2.055373160650497688e+00 -9.039415981387664445e+00
-2.202398701123946534e+00 -3.586869995916980525e+00 2.632743681627198740e+00 -3.586869995916980525e+00 4.215201655257934554e+00 -1.041938056261409784e+00 2.632743681627198740e+00 -1.041938056261409784e+00 -9.320033240207644454e+00
-8.638487632501746560e+00 -1.348048143938639365e+00 4.433960685945291247e-01 -1.348048143938639365e+00 -1.354773837403963954e+00 1.250238116423406654e+00 4.433960685945291247e-01 1.250238116423406654e+00 -6.496149753323273046e+00
-1.081614794310969963e+01 -1.079199834325156315e+00 2.756619811688878485e+00 -1.079199834325156315e+00 -5.778101908120511609e+00 6.600301534831769956e+00 2.756619811688878485e+00 6.600301534831769956e+00 -7.593659062974283280e+00
-2.797042256936289606e-01 -1.947835547796699318e+00 2.523524914110049089e-01 -1.947835547796699318e+00 -5.083434310092505015e+00 -1.435726922843569620e+00 2.523524914110049089e-01 -1.435726922843569620e+00 -5.393047154466015236e+00
6.328158340106941893e+00 -8.763355445353910866e-01 -1.959180198159083064e+00 -8.763355445353910866e-01 -4.962765515408339212e+00 1.515214350703566915e+00 -1.959180198159083064e+00 1.515214350703566915e+00 -5.820941433191852532e+00
-2.853292059823524074e+00 1.967284675294521668e+00 -2.287534920394557858e+00 1.967284675294521668e+00 5.701357016684339030e+00 -2.508892368766917347e+00 -2.287534920394557858e+00 -2.508892368766917347e+00 -4.316414594954868456e+00
-4.212028504163507492e+00 -2.234213360063209475e+00 1.782501623063536655e+00 -2.234213360063209475e+00 -1.220022544478779336e+00 7.413053426036192661e+00 1.782501623063536655e+00 7.413053426036192661e+00 -4.312443252346346512e+00
2.195580286906929413e+00 1.950521589933811306e+00 4.814936661301089771e+00 1.950521589933811306e+00 -3.058030787159125463e+00 2.928875924658432162e+00 4.814936661301089771e+00 2.928875924658432162e+00 -4.105696631998712043e+00
6.480514726830830519e-01 -2.675209031839433038e+00 5.700555549581070025e-01 -2.675209031839433038e+00 4.067520205746731676e+00 6.934082147778502403e+00 5.700555549581070025e-01 6.934082147778502403e+00 -5.664776121604010228e+00
-4.501420059895897552e+00 1.134902402458697779e+00 -2.393838395003908825e+00 1.134902402458697779e+00 -4.660162957485543878e+00 -2.992517691333397067e+00 -2.393838395003908825e+00 -2.992517691333397067e+00 -4.211233022551619243e+00
-1.782769931773452665e+00 -7.985400062112147923e-01 -4.601622527576382460e+00 -7.985400062112147923e-01 4.564036235797028773e+00 8.833143552744479043e-01 -4.601622527576382460e+00 8.833143552744479043e-01 -6.474394099998696639e+00
-9.160188204498881603e+00 -2.646004656708015990e+00 1.508853870200797642e+00 -2.646004656708015990e+00 -4.347222428764994540e+00 -1.959508406876857567e+00 1.508853870200797642e+00 -1.959508406876857567e+00 -1.520388914541530134e+01
6.471666811187409607e+00 2.827296607549775853e+00 3.057847710383829742e+00 2.827296607549775853e+00 -8.121013691760047004e-02 6.353957393882707361e-02 3.057847710383829742e+00 6.353957393882707361e-02 -3.605987833811497456e+00
4.503288323667637094e+00 -8.315044986684113626e-01 1.501719616424045611e+00 -8.315044986684113626e-01 1.576993787846718564e-01 9.932015051830539454e-01 1.501719616424045611e+00 9.932015051830539454e-01 -4.586950891993674340e+00
1.017335416377469270e+00 -1.939457702372329617e+00 8.481145764032396173e-01 -1.939457702372329617e+00 -6.409589731142608660e-01 1.130387262130242210e+00 8.481145764032396173e-01 1.130387262130242210e+00 -1.147423177428426477e+01
4.193843683024291558e+00 4.402856006124038046e+00 -1.637551887849071131e+00 4.402856006124038046e+00 9.034666214108083793e+00 -5.468794109055512997e+00 -1.637551887849071131e+00 -5.468794109055512997e+00 1.298017992233658369e+01
-1.256990318185065902e+01 4.754748626964310221e-01 3.135688996298794523e-02 4.754748626964310221e-01 -1.053831416036769753e+01 -1.198269674329874190e+00 3.135688996298794523e-02 -1.198269674329874190e+00 -7.561849853324413395e+00
-2.267987711902840431e+00 -3.245946967406986960e+00 2.582107773321148159e+00 -3.245946967406986960e+00 1.605546747294669604e-02 -2.609836225715364000e-01 2.582107773321148159e+00 -2.609836225715364000e-01 -9.465429728625830208e+00
-5.613734960142837238e+00 9.884897789264740497e-01 -6.837950928231525394e-01 9.884897789264740497e-01 -3.237298188198624249e+00 1.659163326011664497e+00 -6.837950928231525394e-01 1.659163326011664497e+00 -1.191554366087718186e+01
2.790018678848341427e+00 3.104333196468370137e-01 -3.181889568679741931e+00 3.104333196468370137e-01 -1.690478841373754815e+00 4.085330062151384389e+00 -3.181889568679741931e+00 4.085330062151384389e+00 -3.467129739967721669e+00
1.171362291909303188e+00 2.863273229541914766e+00 6.007233405032411433e+00 2.863273229541914766e+00 -5.469360092991710331e+00 2.511838775962702996e+00 6.007233405032411433e+00 2.511838775962702996e+00 -7.587648886879802212e+00
-5.254252878979304597e+00 -1.171648783061699062e+00 -1.047783847478187980e+00 -1.171648783061699062e+00 -3.927337151878958377e+00 2.669466857956975581e+00 -1.047783847478187980e+00 2.669466857956975581e+00 -1.080660929387674996e+00
-2.272755209706895485e+00 -3.287940608819559962e+00 1.462813382699518883e+00 -3.287940608819559962e+00 -2.704846746547418412e+00 -2.302582829545240184e+00 1.462813382699518883e+00 -2.302582829545240184e+00 -2.641177525668422899e+00
-3.873697248500439727e+00 6.112299113346734147e-01 -3.076291365157087565e+00 6.112299113346734147e-01 -1.000098743648987876e+00 1.737558132548171930e+00 -3.076291365157087565e+00 1.737558132548171930e+00 -8.159764776498532157e+00
1.055999447837919103e+00 3.093826889060659280e+00 -1.802720963231049467e+00 3.093826889060659280e+00 4.349292338842450256e+00 1.730877430139663886e+00 -1.802720963231049467e+00 1.730877430139663886e+00 1.043085304083818610e+00
-7.418006562056768338e+00 1.490792873194675128e+00 -1.174909537471855225e+00 1.490792873194675128e+00 -2.058926675847286170e+00 9.343645738712297311e-01 -1.174909537471855225e+00 9.343645738712297311e-01 -1.158821543773269980e+01
2.841343841325300712e+00 2.880479208195496077e-01 2.018213493514813717e+00 2.880479208195496077e-01 -1.806123421248019056e+00 5.530886317795047802e+00 2.018213493514813717e+00 5.530886317795047802e+00 -1.899171129720431117e-01
-4.670877215552826200e+00 -7.082041165291279583e-01 -2.277653779775303367e+00 -7.082041165291279583e-01 1.306743737576913977e+00 3.890843145473589448e+00 -2.277653779775303367e+00 3.890843145473589448e+00 1.198101587560257419e+00
-3.910560639407294481e+00 1.975384830563737371e+00 -2.409590662884830259e+00 1.975384830563737371e+00 -3.750818675566579330e+00 -3.595462903558224621e+00 -2.409590662884830259e+00 -3.595462903558224621e+00 -2.655296942810185357e+00
4.733229212861316704e+00 -2.175337735153135554e+00 -1.941389140525263013e+00 -2.175337735153135554e+00 6.095334522352925610e+00 -5.010188116275691161e-01 -1.941389140525263013e+00 -5.010188116275691161e-01 -5.083880240614686574e-01
-9.343968945863155184e+00 -6.493098906293248707e-02 -1.262462853782346128e+00 -6.493098906293248707e-02 2.142618045471105237e-01 -1.079297810202885621e+00 -1.262462853782346128e+00 -1.079297810202885621e+00 -8.591165485764250320e+00
-5.134821496600144641e+00 -4.885554735850333730e-01 9.949847479723340493e-01 -4.885554735850333730e-01 2.303545789908125307e+00 -7.933433390248292305e-01 9.949847479723340493e-01 -7.933433390248292305e-01 2.958371322550468752e-01
-1.374848855498069256e+01 -1.888700518297239839e+00 -2.266051280321202288e+00 -1.888700518297239839e+00 -9.628565275707067883e+00 2.163151643121079548e+00 -2.266051280321202288e+00 2.163151643121079548e+00 -1.335533067690354336e+01
1.029452912682268106e+01 -6.002646316695091855e+00 1.964710623613240281e-01 -6.002646316695091855e+00 2.851119804322504780e+00 -2.801736401163576584e+00 1.964710623613240281e-01 -2.801736401163576584e+00 -5.069602452046876984e+00
5.006746749421049358e+00 1.502807988849888421e+00 2.602043048193460884e+00 1.502807988849888421e+00 6.153934595906792815e+00 -5.492272330863400498e+00 2.602043048193460884e+00 -5.492272330863400498e+00 3.927784961203058423e+00
