1.779981776787528247e+01 -4.580222753821542092e+00 2.268482783892420418e+00 -4.580222753821542092e+00 8.496663026869969215e+00 2.742205334686934837e+00 2.268482783892420418e+00 2.742205334686934837e+00 3.389165720746064814e+00
6.479180794219979056e+00 7.117523104211118223e+00 -3.945484529709581967e-01 7.117523104211118223e+00 1.065527536871171854e+01 -1.980431622235748312e+00 -3.945484529709581967e-01 -1.980431622235748312e+00 8.767903948773986045e+00
2.261529331595322390e+01 -6.003676599847503681e+00 3.532536350722529583e+00 -6.003676599847503681e+00 1.717297177570993583e+01 2.502797622993177207e+00 3.532536350722529583e+00 2.502797622993177207e+00 2.477940392884186238e+01
-3.280919550947437369e+00 -2.923953454202422364e+00 1.712598328928932157e+00 -2.923953454202422364e+00 1.200239564889377775e+01 -6.257214874998251020e+00 1.712598328928932157e+00 -6.257214874998251020e+00 1.372853541753134010e+01
1.908903015410423265e+01 5.655900024194077780e+00 1.079300375147567603e+00 5.655900024194077780e+00 6.933118228538724281e+00 5.578636127142926782e+00 1.079300375147567603e+00 5.578636127142926782e+00 5.393387687554800358e+00
-2.897543755702243651e+00 -3.313829029969267204e+00 -4.527840349675918752e+00 -3.313829029969267204e+00 -1.200935586689218226e+01 -2.398740931728218673e+00 -4.527840349675918752e+00 -2.398740931728218673e+00 3.483904209101320149e+00
6.357246531946637802e+00 -3.525452686362056554e+00 -1.961432996160779041e-01 -3.525452686362056554e+00 1.266815931426203257e+01 5.774854670089658804e+00 -1.961432996160779041e-01 5.774854670089658804e+00 1.762706877874420286e+01
