1.006562598723092350e+01 1.896116144469781883e-01 -4.435943776544781780e-01 1.896116144469781883e-01 4.101032659688955029e+00 2.086411806067360944e-02 -4.435943776544781780e-01 2.086411806067360944e-02 9.278463148464703991e+00
1.272282967483318039e+01 1.471903000350871960e+00 -3.365526716491213932e+00 1.471903000350871960e+00 4.763232960613193456e-01 -1.979618884873119544e+00 -3.365526716491213932e+00 -1.979618884873119544e+00 5.665603325682905478e+00
-1.153047783205038179e+01 2.401884193092413078e+00 3.276398897246509900e+00 2.401884193092413078e+00 -6.316973349148131689e+00 -2.109994117174544270e-01 3.276398897246509900e+00 -2.109994117174544270e-01 6.401733145030702232e+00
2.728118631096389635e+00 -5.824584967295011184e-01 2.014586309164358990e+00 -5.824584967295011184e-01 -2.734591922796227870e+00 1.727817858833043063e+00 2.014586309164358990e+00 1.727817858833043063e+00 3.341540977173637073e-01
-1.323469988928545149e+01 -5.509129304922676384e-01 -3.475083372693133832e+00 -5.509129304922676384e-01 -3.490497222471283134e+00 6.041053385076934568e+00 -3.475083372693133832e+00 6.041053385076934568e+00 4.165117548418436400e+00
-5.415886204148936400e+00 -7.062285027142789495e-01 -2.829565703700073431e+00 -7.062285027142789495e-01 4.086474607111335366e+00 -6.786304442019565064e-01 -2.829565703700073431e+00 -6.786304442019565064e-01 7.411782302411293877e+00
-1.288569731069797619e+01 -3.196826367634327148e+00 -2.861313151816480271e+00 -3.196826367634327148e+00 -7.160251400781134201e+00 1.740275104108653936e-01 -2.861313151816480271e+00 1.740275104108653936e-01 2.952477355205961107e+00
9.371498341806612231e+00 1.400037161973760824e+00 -2.428674112983487454e+00 1.400037161973760824e+00 1.826521678780670399e+00 -1.516046627636956634e+00 -2.428674112983487454e+00 -1.516046627636956634e+00 8.526696426083612224e+00
