-5.543337023483584147e+00 9.135073853228846019e+00 1.171675592328990101e+00 9.135073853228846019e+00 4.078981318088762187e+00 -2.257898377433614101e+00 1.171675592328990101e+00 -2.257898377433614101e+00 1.315337740825045287e+01
-6.367126647038814369e+00 3.904541715770932342e+00 4.702732045099857316e+00 3.904541715770932342e+00 2.612891988242708408e+00 -8.604713220298431109e-01 4.702732045099857316e+00 -8.604713220298431109e-01 1.030400100694616761e+01
1.016648161555100671e+01 -2.403672190892242266e+00 -4.029188421125248887e+00 -2.403672190892242266e+00 3.740035457316357892e+00 1.248630082034969924e+01 -4.029188421125248887e+00 1.248630082034969924e+01 6.117378734506281113e+00
6.667270275276291791e+00 2.447142904581286693e+00 1.011991366896903699e+01 2.447142904581286693e+00 4.046796563056444640e+00 3.452043883973752614e+00 1.011991366896903699e+01 3.452043883973752614e+00 2.620502432918013014e+01
1.509749200842366790e+01 -9.906007975856985226e+00 1.136101988164755561e+01 -9.906007975856985226e+00 1.513516277155867940e+01 -6.951505609052032186e-01 1.136101988164755561e+01 -6.951505609052032186e-01 9.719786190101753931e+00
3.742645899474001947e+00 6.494020476183289148e+00 7.643087181381930328e+00 6.494020476183289148e+00 1.125871405584667251e+01 1.105260639853870153e+01 7.643087181381930328e+00 1.105260639853870153e+01 2.119408655434837740e+01
-4.661502659217752198e-01 -6.385372817263337275e+00 6.086712260136927455e+00 -6.385372817263337275e+00 -1.137818058819523692e+01 -3.307046839711554664e+00 6.086712260136927455e+00 -3.307046839711554664e+00 -2.267508977238339085e+01
8.967235578619019876e+00 6.787229526495253573e+00 2.419703711927630785e+00 6.787229526495253573e+00 1.154725085254742467e+01 2.699791141296764785e+00 2.419703711927630785e+00 2.699791141296764785e+00 6.416642804013344303e+00
-5.886197846737593053e+00 -6.073894525903917874e+00 -6.072395121821175579e+00 -6.073894525903917874e+00 7.812858717968678590e+00 -6.274919950299389093e+00 -6.072395121821175579e+00 -6.274919950299389093e+00 -5.354786708263376660e+00
-8.661675591387361095e+00 3.406600680753639754e+00 4.779735199975865712e+00 3.406600680753639754e+00 4.229935316280373780e-01 -4.675827913019868776e-01 4.779735199975865712e+00 -4.675827913019868776e-01 -1.308842059106500066e+01
3.170315482659134876e+00 -1.346664681779254469e+00 -5.217865975667651313e+00 -1.346664681779254469e+00 2.042342598891177641e+00 6.011112397645821837e+00 -5.217865975667651313e+00 6.011112397645821837e+00 -7.969237517938484450e-01
3.120472846839138725e+00 5.535698802812624164e-01 -4.755155880885660657e+00 5.535698802812624164e-01 1.822184617368672210e+00 6.396458012270393567e+00 -4.755155880885660657e+00 6.396458012270393567e+00 1.470735469094470105e+01
1.770070707897550477e+01 -9.286620631561256500e-01 -6.569187088894657300e+00 -9.286620631561256500e-01 1.775733462131413631e+01 -9.954708268375071611e+00 -6.569187088894657300e+00 -9.954708268375071611e+00 2.405688362347062181e+01
1.096361498339068596e+01 8.727947940775978353e+00 -3.349845330156175915e-01 8.727947940775978353e+00 2.003686188256668288e+01 -1.433192196352505121e+01 -3.349845330156175915e-01 -1.433192196352505121e+01 1.369116966490906329e+01
9.028142466653960696e+00 -2.764872058601813176e+00 -3.610724990702490089e+00 -2.764872058601813176e+00 5.866181428673658438e+00 8.107948702331555069e+00 -3.610724990702490089e+00 8.107948702331555069e+00 5.095757502347401768e+00
-6.014268710064351708e+00 -1.965519233244479969e+00 1.355940582526478089e+00 -1.965519233244479969e+00 8.522483759190244257e+00 -3.109544353717133003e+00 1.355940582526478089e+00 -3.109544353717133003e+00 3.630494639475312812e+00
2.316381700666146060e+01 -2.036698957941852905e-01 4.698731477527138267e+00 -2.036698957941852905e-01 1.123624345630344301e+01 5.236860417094471032e+00 4.698731477527138267e+00 5.236860417094471032e+00 2.265048054554261014e+01
1.294187105235579516e+01 -7.095447253862788628e+00 -4.371513691959227010e+00 -7.095447253862788628e+00 1.701568806235599496e+01 3.343374631818821108e+00 -4.371513691959227010e+00 3.343374631818821108e+00 5.815770854427554148e+00
1.462199207316859884e+01 1.933541430111434645e+00 -6.681964109303056176e+00 1.933541430111434645e+00 1.615330036833701399e+01 -5.119280814900768029e+00 -6.681964109303056176e+00 -5.119280814900768029e+00 6.172544456528505918e+00
-4.506938750410149352e-01 -1.005453940336919771e+01 -1.428432658521124332e-01 -1.005453940336919771e+01 1.061870717333406766e+01 3.840823805465762408e+00 -1.428432658521124332e-01 3.840823805465762408e+00 3.862780851046556663e+00
1.999617232010239221e+01 1.802146033008378279e-01 8.541663402483271383e+00 1.802146033008378279e-01 1.402591573816878068e+01 6.806193369578596553e+00 8.541663402483271383e+00 6.806193369578596553e+00 3.330442913350521650e+01
-3.810019238964039268e+00 1.403553943424611461e+01 -5.863529626487742341e+00 1.403553943424611461e+01 3.338824201304031902e+00 -9.853882768753759180e-02 -5.863529626487742341e+00 -9.853882768753759180e-02 1.440400662830470679e+01
9.336166557449336878e+00 6.634204698041010317e+00 6.390725555901723531e+00 6.634204698041010317e+00 9.924251297885193779e+00 -7.961498851958520362e+00 6.390725555901723531e+00 -7.961498851958520362e+00 -3.291818474936423655e+00
6.864572237601475280e+00 -6.527524998101288389e+00 1.272716258618575225e+01 -6.527524998101288389e+00 -3.922479173170348776e+00 -7.331723541252870291e+00 1.272716258618575225e+01 -7.331723541252870291e+00 1.081755291694115328e+00
-9.917159686586273892e+00 1.597441078705053696e+00 8.401465697249922426e-01 1.597441078705053696e+00 1.572925862953928267e+01 -2.556235435129056821e+00 8.401465697249922426e-01 -2.556235435129056821e+00 9.314388889794672721e+00
-1.036463535217386678e+01 -2.196659228422642496e+00 -5.376284293853801799e+00 -2.196659228422642496e+00 -7.195332058157305477e-01 -8.429764279748412914e-01 -5.376284293853801799e+00 -8.429764279748412914e-01 2.094874820414421990e+01
-3.938079762695593233e-01 2.679726650286579748e+00 2.365689819883447953e+00 2.679726650286579748e+00 1.176947243686808164e+01 6.151742437926395191e+00 2.365689819883447953e+00 6.151742437926395191e+00 3.906862769226734589e+00
