-2.962290877623157570e+00 7.103307289154994764e-02 2.277158656585793750e+00 7.103307289154994764e-02 9.104411068503868165e+00 1.795866315883064557e-01 2.277158656585793750e+00 1.795866315883064557e-01 2.755899497824592093e-01
-5.777589058906624331e+00 3.153076379251558148e-01 -3.593119011826113041e-01 3.153076379251558148e-01 7.190111485516787582e+00 2.465475281400302698e+00 -3.593119011826113041e-01 2.465475281400302698e+00 2.457252227145528600e+00
1.636048903796571974e+00 1.738442173721742368e+00 9.442438534805976946e-01 1.738442173721742368e+00 9.858002456826469029e+00 1.211736783559189901e+00 9.442438534805976946e-01 1.211736783559189901e+00 9.993241731102072478e+00
-2.173159417875267341e+00 -5.614499768949218761e-02 -1.233293068128509251e+00 -5.614499768949218761e-02 -3.575654274800212362e-01 -4.474172639523936734e-01 -1.233293068128509251e+00 -4.474172639523936734e-01 -1.520829401145482318e-01
2.519884790549592779e+01 5.235546497488544837e+00 3.973297747144350467e+00 5.235546497488544837e+00 2.837891634719867184e+01 5.794325720992244966e-01 3.973297747144350467e+00 5.794325720992244966e-01 2.914782844223583780e+01
1.846835420667834882e+01 3.131878641663804697e+00 -3.026568195989848942e+00 3.131878641663804697e+00 6.335068835563122391e+00 9.552801042054276381e-02 -3.026568195989848942e+00 9.552801042054276381e-02 8.479339195648597283e+00
-5.146464745122197648e+00 -3.636504445566738131e+00 -2.549723873310715927e+00 -3.636504445566738131e+00 -1.606094117291966228e+01 9.240173902428795438e-01 -2.549723873310715927e+00 9.240173902428795438e-01 -3.002240924116588161e+00
1.256978314762747395e+01 -5.595203114152197399e-02 3.470384280054144899e+00 -5.595203114152197399e-02 9.880614811606381664e+00 -6.146807158739775900e+00 3.470384280054144899e+00 -6.146807158739775900e+00 1.727553254905184588e+01
7.683350980078779813e+00 1.275448027318705657e+00 3.358115194870029185e+00 1.275448027318705657e+00 8.617538293956759077e+00 5.767861623788661518e+00 3.358115194870029185e+00 5.767861623788661518e+00 1.375313295183326012e+01
1.477344107307271592e+01 -2.145360441787059091e+00 5.796012470801392702e-01 -2.145360441787059091e+00 -4.020008471321041554e+00 -1.308388744658289804e+00 5.796012470801392702e-01 -1.308388744658289804e+00 -1.022410486751428671e+01
1.110697545906987926e+01 1.521641075786947850e+00 -6.604156861150872970e+00 1.521641075786947850e+00 5.207969409649956027e+00 -2.648225493500176997e-01 -6.604156861150872970e+00 -2.648225493500176997e-01 1.335117804515880735e+01
2.502140045315747585e+01 -2.470800083864638896e+00 -1.583060713525891172e+00 -2.470800083864638896e+00 2.507011788711336564e+01 -4.101798068955081256e+00 -1.583060713525891172e+00 -4.101798068955081256e+00 2.983959714511200900e+01
7.211737821988135622e+00 -8.424639309079700045e-01 2.601815410622104974e+00 -8.424639309079700045e-01 1.110976294146349019e+01 5.068048464124170316e+00 2.601815410622104974e+00 5.068048464124170316e+00 2.657382516635919600e+01
9.461511763510001005e-01 1.460600406629733117e+00 -2.402638655469447049e-01 1.460600406629733117e+00 9.398442673851915785e+00 -1.055907664816975178e+00 -2.402638655469447049e-01 -1.055907664816975178e+00 6.061077173879296787e+00
