-2.674183449469580864e+00 6.446537511381994712e+00 -2.382129402061965440e+00 6.446537511381994712e+00 2.361352278200176347e+00 -6.586656073429519864e+00 -2.382129402061965440e+00 -6.586656073429519864e+00 -9.796535127076253513e-01
-2.949454418945033130e+00 -2.676623340525679517e-01 -2.144663997453351900e+00 -2.676623340525679517e-01 -4.616513744220018367e+00 5.740532305177923345e-01 -2.144663997453351900e+00 5.740532305177923345e-01 -9.693498795508993737e+00
1.444160198927879168e+00 -5.209903407861424363e+00 1.512549026101092320e+00 -5.209903407861424363e+00 1.037605485140934292e+01 -5.593586943266026346e+00 1.512549026101092320e+00 -5.593586943266026346e+00 8.033823864872328357e+00
-6.413753979988161547e+00 4.003466077939277667e+00 -3.175966458020571093e+00 4.003466077939277667e+00 -6.021888332288913404e+00 -1.080275183076595757e+00 -3.175966458020571093e+00 -1.080275183076595757e+00 -5.669958257305771632e+00
2.291096521812237885e+00 1.809353121061114456e+00 1.700035722360443868e+00 1.809353121061114456e+00 1.270419344658044380e+01 -5.485526573583330290e+00 1.700035722360443868e+00 -5.485526573583330290e+00 4.914847316126322418e+00
-1.407700553708608249e+00 5.463279125328315722e+00 -2.065021994047175458e+00 5.463279125328315722e+00 -1.718932020960856066e+00 8.223070960881859293e+00 -2.065021994047175458e+00 8.223070960881859293e+00 -8.002582220557417969e+00
1.413551559988122541e+01 -3.634123377022421830e-01 -2.578616974143818297e+00 -3.634123377022421830e-01 1.673363231322265321e+01 3.964227278278435129e+00 -2.578616974143818297e+00 3.964227278278435129e+00 4.548829881850722678e+00
-2.150014067838399434e+00 -5.137203647802210948e-01 -4.305592717765756916e+00 -5.137203647802210948e-01 -4.110324367107247134e+00 -1.890286040290974912e+00 -4.305592717765756916e+00 -1.890286040290974912e+00 -9.057457076605658131e+00
3.639346310689033359e+00 -2.353448554470033205e+00 2.925801564194895565e+00 -2.353448554470033205e+00 -5.500251870537301357e+00 4.992987234593910806e+00 2.925801564194895565e+00 4.992987234593910806e+00 -7.426705035402565436e+00
-6.083377325758617005e+00 -4.705296630223554821e+00 -3.220821511984223395e+00 -4.705296630223554821e+00 2.850139441438839683e+00 -4.618406237443793749e+00 -3.220821511984223395e+00 -4.618406237443793749e+00 -1.007293641872145074e+01
2.184369560787196107e+01 -6.377609387661807849e-01 -4.097122586082853068e+00 -6.377609387661807849e-01 5.411322883093395042e+00 -1.291082701167605817e+00 -4.097122586082853068e+00 -1.291082701167605817e+00 7.728170013216549172e+00
4.227950578090278633e+00 8.416720557281012205e-01 -8.317849787627668690e+00 8.416720557281012205e-01 1.545511617285335593e+00 -1.069791274741271447e+00 -8.317849787627668690e+00 -1.069791274741271447e+00 9.172185289744081871e+00
7.191941800269471052e+00 -1.021492366827946724e-01 -1.898601317158071788e+00 -1.021492366827946724e-01 -1.607178151591935888e+00 -1.951855076128060015e-02 -1.898601317158071788e+00 -1.951855076128060015e-02 7.047799672699381013e+00
4.960316212409554559e+00 -2.098874812465515660e+00 3.201917624776260851e+00 -2.098874812465515660e+00 -4.182909895577413550e+00 6.366889003246985368e+00 3.201917624776260851e+00 6.366889003246985368e+00 -6.968978328879670947e+00
6.401466928466466477e+00 4.651067711592903109e+00 -2.729438661516039755e+00 4.651067711592903109e+00 4.701462872653043412e+00 4.893141616729564269e+00 -2.729438661516039755e+00 4.893141616729564269e+00 1.471781220784760791e+01
4.741751282278491963e+00 5.950658834619967225e-02 1.783176818387442131e+00 5.950658834619967225e-02 3.517379877105870634e+01 6.337928361736669736e+00 1.783176818387442131e+00 6.337928361736669736e+00 9.478821657784838095e+00
-3.565824963208326537e+00 -8.708157971668130382e-02 2.646161555980485747e-01 -8.708157971668130382e-02 1.642629950337967992e+00 -5.051856833807036318e-02 2.646161555980485747e-01 -5.051856833807036318e-02 -2.455212956906619726e-01
9.549787894426369661e+00 -2.197246516745374745e+00 8.027252656173137213e-01 -2.197246516745374745e+00 4.299095398164753945e+00 3.511815609768866420e+00 8.027252656173137213e-01 3.511815609768866420e+00 -3.625123263280261465e+00
4.231614143403107375e-01 4.782239861092308253e+00 1.065803947668079399e+00 4.782239861092308253e+00 7.735579269037653916e+00 3.943747146245673463e+00 1.065803947668079399e+00 3.943747146245673463e+00 2.251698480988900131e-01
7.726219292741640210e+00 1.742849278521793055e+00 -4.862900119475031424e+00 1.742849278521793055e+00 7.604611726514840520e+00 -4.207863796554154323e-01 -4.862900119475031424e+00 -4.207863796554154323e-01 -4.247205341045824589e+00
7.001849725306270145e+00 -2.310372681333167921e-01 -4.948053572416502566e-01 -2.310372681333167921e-01 4.388654086661672338e+00 3.599313249506556733e+00 -4.948053572416502566e-01 3.599313249506556733e+00 7.512959725185985871e-01
7.084094346731235170e+00 4.029817720265948644e+00 -2.433188676887553248e-01 4.029817720265948644e+00 9.652372211373478450e+00 1.178908092874259461e+00 -2.433188676887553248e-01 1.178908092874259461e+00 4.540546078061384883e+00
9.508446977509967368e+00 -3.109265832780517158e+00 5.379981070813458999e+00 -3.109265832780517158e+00 7.443412057258705694e+00 -1.198523579565700103e+00 5.379981070813458999e+00 -1.198523579565700103e+00 4.037527595515134626e-01
1.186388455828011068e+01 -4.267337032980126343e-01 -2.001838404549253880e+00 -4.267337032980126343e-01 3.173115054411455027e+00 -2.188164738357446737e+00 -2.001838404549253880e+00 -2.188164738357446737e+00 5.921533488623437869e+00
-5.595202511413379654e+00 -5.675528231672749335e+00 -1.180692482555423695e+00 -5.675528231672749335e+00 6.877422585996331605e+00 3.653619798547765640e+00 -1.180692482555423695e+00 3.653619798547765640e+00 -6.251030783396391399e+00
6.181482045758466271e+00 -3.044611245270939293e+00 1.438222570226600272e+00 -3.044611245270939293e+00 -2.462069862563685818e-01 3.346155595407839467e+00 1.438222570226600272e+00 3.346155595407839467e+00 -7.379671009623372413e+00
-7.592311599037844694e+00 -3.897691261111992933e+00 -1.349285961065373796e+00 -3.897691261111992933e+00 5.689117736612927523e+00 -5.549261746977641074e+00 -1.349285961065373796e+00 -5.549261746977641074e+00 -8.324105785577522454e+00
1.581455066022758205e+00 -3.179412731867667041e+00 -3.249627228014893010e+00 -3.179412731867667041e+00 -8.586845655034915481e+00 -8.509657188131589667e-01 -3.249627228014893010e+00 -8.509657188131589667e-01 -1.499626649624389607e+01
1.445144840281286334e-02 -7.987196684801363133e-01 1.172809442373820676e+00 -7.987196684801363133e-01 6.843082905263328186e+00 -4.697884237299065013e+00 1.172809442373820676e+00 -4.697884237299065013e+00 7.341837644387220863e+00
4.134420549956925872e-01 -4.205397867936964573e+00 4.032807508405180208e+00 -4.205397867936964573e+00 -2.546786233186783210e+00 -2.757175307822636867e+00 4.032807508405180208e+00 -2.757175307822636867e+00 -1.432820570395058901e+01
2.990253574692856908e+00 -2.685328407936343531e+00 2.279243347255724750e+00 -2.685328407936343531e+00 -6.236688200714561869e-01 5.730586950567829518e+00 2.279243347255724750e+00 5.730586950567829518e+00 -6.105739507312859082e+00
9.787193739193632780e+00 -1.499921228378954474e+00 -1.181204694005619782e+00 -1.499921228378954474e+00 8.126614315423307033e+00 -3.805784229285174902e+00 -1.181204694005619782e+00 -3.805784229285174902e+00 1.230565720612140446e+01
-3.343227760441236374e-01 3.831994889448099850e-01 -2.891425432352314751e+00 3.831994889448099850e-01 4.694004370716760910e+00 5.522110717880686082e+00 -2.891425432352314751e+00 5.522110717880686082e+00 1.223972780051001852e+00
7.722149602966936754e+00 -1.887953998831792601e+00 1.824521989321961080e+00 -1.887953998831792601e+00 -3.117638359621395683e+00 -1.936308865242541755e+00 1.824521989321961080e+00 -1.936308865242541755e+00 -2.949482157253274117e+00
8.923774377240025757e+00 7.245764204819530319e-01 -3.226762114545393967e-01 7.245764204819530319e-01 1.172044391701231980e+01 3.472291265385765158e+00 -3.226762114545393967e-01 3.472291265385765158e+00 9.880587552026633968e-01
2.050666567194666712e+01 -2.424406081804630464e+00 5.919090710334073968e+00 -2.424406081804630464e+00 2.584259665526447947e+01 -8.545779445544768649e+00 5.919090710334073968e+00 -8.545779445544768649e+00 1.596125023506758289e+01
-3.536963986952273764e+00 8.636324483401180974e-01 -1.906997068186935040e+00 8.636324483401180974e-01 -4.670462577439828067e+00 -2.060104762110330778e+00 -1.906997068186935040e+00 -2.060104762110330778e+00 -8.035068334438658866e+00
7.513429888624733266e+00 -5.655506536898667891e-01 3.626204761405360077e+00 -5.655506536898667891e-01 1.340674133000892354e+01 -3.012128804956421657e+00 3.626204761405360077e+00 -3.012128804956421657e+00 1.627643373544353267e+01
-5.055736414489045316e+00 8.982710977795496099e-01 -1.079566270900447433e+00 8.982710977795496099e-01 3.081097914460749543e+00 3.299286234221739722e+00 -1.079566270900447433e+00 3.299286234221739722e+00 7.675904721192628344e+00
-5.595537978277527635e+00 1.488263467190765743e+00 -8.950701066347840351e-01 1.488263467190765743e+00 -5.814925860379347888e+00 -2.217244943644701483e+00 -8.950701066347840351e-01 -2.217244943644701483e+00 -1.567266984771668170e+01
5.600834977478666765e+00 1.362478930318150816e+00 -2.852513409523414811e+00 1.362478930318150816e+00 1.165444736684718663e+01 -4.771920342429085693e+00 -2.852513409523414811e+00 -4.771920342429085693e+00 -2.969728740205807016e-01
-3.920597959614504635e+00 3.090701466527255636e+00 -2.257897446190216595e+00 3.090701466527255636e+00 1.383788535641448103e+00 -4.851865435273859717e+00 -2.257897446190216595e+00 -4.851865435273859717e+00 -6.963824817115770394e+00
7.028656041384518716e+00 -3.021022147786329271e+00 4.849829283734936602e+00 -3.021022147786329271e+00 7.804213141553385746e+00 -8.271766071619902405e+00 4.849829283734936602e+00 -8.271766071619902405e+00 1.176046820986722885e+01
-5.428615324909833006e+00 1.637583553371280365e+00 5.282852704252780640e+00 1.637583553371280365e+00 6.896949834915053201e-02 -4.615409407349582160e-01 5.282852704252780640e+00 -4.615409407349582160e-01 -1.015931549613417140e+01
-1.035658828439930801e+01 -1.864515617297985539e+00 3.753513155630814335e+00 -1.864515617297985539e+00 -3.828577429388500430e+00 1.214888716807269731e+00 3.753513155630814335e+00 1.214888716807269731e+00 -7.924129489285582473e+00
6.282154316441922681e+00 1.090017718223314169e+00 -1.345634346509359425e+00 1.090017718223314169e+00 1.335864215429901591e+01 -7.654627723201842260e-01 -1.345634346509359425e+00 -7.654627723201842260e-01 2.133890434177745377e+00
5.195812779864868780e+00 7.605197131739668270e-01 3.413901408340077603e-01 7.605197131739668270e-01 2.405783090026027526e+00 3.074261394185868301e+00 3.413901408340077603e-01 3.074261394185868301e+00 -3.343651034817291645e+00
-1.220532258590796504e+00 2.190778473548964378e+00 5.862306415635512025e-01 2.190778473548964378e+00 1.075097466506948152e+01 -5.145394735235522127e-02 5.862306415635512025e-01 -5.145394735235522127e-02 -2.856377631433350661e+00
-3.101398542258271718e+00 -1.717596150523539089e+00 5.079703264458531459e-02 -1.717596150523539089e+00 4.912421979083263501e+00 -7.771986652946453189e-01 5.079703264458531459e-02 -7.771986652946453189e-01 -6.945192223697428169e+00
-3.722440922533825081e-01 -3.040548142244263452e-02 1.610552371579748288e+00 -3.040548142244263452e-02 -8.497157737699021496e+00 9.825449097403023968e-01 1.610552371579748288e+00 9.825449097403023968e-01 -1.321761966261027865e+01
-5.448687792957626286e+00 5.416558116278759050e-01 1.662804595711726341e+00 5.416558116278759050e-01 -6.911132022380926720e+00 -2.412205912209002268e+00 1.662804595711726341e+00 -2.412205912209002268e+00 -4.792743935093029428e+00
-1.154226327029921784e+01 -4.485843158412832765e-01 -2.284809311370527007e-01 -4.485843158412832765e-01 -2.085055733826381985e-01 -2.477535384393106721e+00 -2.284809311370527007e-01 -2.477535384393106721e+00 -1.474725669547060747e+01
-7.102190094781625440e+00 2.334815649984065988e+00 1.400698018194395766e+00 2.334815649984065988e+00 -6.095720634379299341e+00 -1.286887616322114791e+00 1.400698018194395766e+00 -1.286887616322114791e+00 -7.371484765056360189e+00
1.750885549310249090e+00 1.948824990847369154e+00 1.521623076592084622e+00 1.948824990847369154e+00 6.546727008312686280e+00 2.316148933052904813e+00 1.521623076592084622e+00 2.316148933052904813e+00 -7.155851029390699836e+00
-1.137099998499711617e+01 -3.752552077538052089e+00 -3.428217635306178290e-01 -3.752552077538052089e+00 4.123694622782758223e+00 9.144536181214954595e+00 -3.428217635306178290e-01 9.144536181214954595e+00 -7.516196894286931496e+00
-6.680654585391456735e+00 -2.309029614779391171e+00 -7.067802333626258537e-01 -2.309029614779391171e+00 -3.844781577221857205e+00 2.369307452174238104e+00 -7.067802333626258537e-01 2.369307452174238104e+00 -8.738598670502174315e+00
8.474102418611613174e-01 3.907798668060878722e+00 -3.113951125899428796e+00 3.907798668060878722e+00 8.790859374581550867e+00 2.395440481721510029e+00 -3.113951125899428796e+00 2.395440481721510029e+00 -3.473349127285015742e-02
4.914164628306988192e+00 -2.003610628181740350e-01 2.605893001571209844e+00 -2.003610628181740350e-01 1.219181392327194580e+01 3.849387528329080599e+00 2.605893001571209844e+00 3.849387528329080599e+00 3.194789983312406711e+00
-5.999287963953444658e-01 -1.744030351967059689e-01 -1.001599564851893831e+00 -1.744030351967059689e-01 1.102099123664314284e+01 1.341785553484901250e+00 -1.001599564851893831e+00 1.341785553484901250e+00 -2.485586610117035633e+00
8.145947130802419167e+00 -1.557801311342096762e+00 -2.939382786413529569e+00 -1.557801311342096762e+00 1.776198299125771740e+01 -4.176508892516590521e+00 -2.939382786413529569e+00 -4.176508892516590521e+00 6.360505708417482751e+00
3.772898929138048363e+00 4.255981408647261377e-01 4.771283528665478890e+00 4.255981408647261377e-01 1.250575862930977422e+01 -1.162841100154801133e+00 4.771283528665478890e+00 -1.162841100154801133e+00 8.283124238739262069e+00
5.952257254223186855e+00 3.864567159760464055e+00 -1.518740789776953815e+00 3.864567159760464055e+00 7.562287050504886032e+00 5.910143543800614019e+00 -1.518740789776953815e+00 5.910143543800614019e+00 3.488268425628555658e+00
1.187740725333911840e+01 5.711130125954405612e-01 -1.362876181955877987e-02 5.711130125954405612e-01 1.634587886252059619e+01 3.129007812805232103e+00 -1.362876181955877987e-02 3.129007812805232103e+00 9.689159090395513374e+00
-3.387248043725526347e+00 -1.506982607076849279e+00 1.070894439008722054e+00 -1.506982607076849279e+00 -8.446231180494919499e+00 -4.271703348373505627e-01 1.070894439008722054e+00 -4.271703348373505627e-01 -1.574420276650332795e+01
-4.464982841328134278e+00 3.923378643044654002e+00 -9.049304573060867884e-01 3.923378643044654002e+00 -2.834768812421776918e+00 -2.375614115437947316e+00 -9.049304573060867884e-01 -2.375614115437947316e+00 -1.366088058521419413e+01
-1.594457853747674569e+00 -1.146641171183718333e+00 -5.889871814078478707e+00 -1.146641171183718333e+00 -7.023569361312757664e+00 6.618027197280304641e+00 -5.889871814078478707e+00 6.618027197280304641e+00 -2.790390139962593441e+00
8.724116034307458634e+00 -1.469528423210707313e+00 5.746695489932922563e-01 -1.469528423210707313e+00 1.322988574304034515e+01 -1.818804504766027508e+00 5.746695489932922563e-01 -1.818804504766027508e+00 9.375538020785288751e+00
7.151623100329462801e-01 4.381081317606521086e-01 9.691586811595482853e-01 4.381081317606521086e-01 5.884781839891843447e+00 -4.181458582448513983e-01 9.691586811595482853e-01 -4.181458582448513983e-01 -1.172382423160428955e+00
-7.874207841497268490e+00 3.274469774150951640e+00 -9.406109831471047844e-01 3.274469774150951640e+00 -6.276460663976325627e+00 -1.572618997523732798e+00 -9.406109831471047844e-01 -1.572618997523732798e+00 -6.390026535220328263e+00
1.064834767246692060e+01 3.203216979597896419e+00 1.901427038333668884e+00 3.203216979597896419e+00 5.259906933051067490e+00 1.928505563173213089e+00 1.901427038333668884e+00 1.928505563173213089e+00 8.472751181000147014e+00
6.567687021120708346e-01 -3.183446149267580072e+00 -1.623453253982148459e+00 -3.183446149267580072e+00 5.135862829775373228e+00 2.248371591271036252e+00 -1.623453253982148459e+00 2.248371591271036252e+00 8.436767821782021670e+00
-2.116751946984188670e+00 1.097896627910185829e+00 9.130914735899093859e-01 1.097896627910185829e+00 -6.118838506722244830e+00 1.953746976323289752e+00 9.130914735899093859e-01 1.953746976323289752e+00 -9.800366422499022789e+00
7.499498665638498096e+00 -1.352371668560230056e+00 -1.071503173263990583e+00 -1.352371668560230056e+00 1.374443194615795250e+01 9.555289268553153470e-02 -1.071503173263990583e+00 9.555289268553153470e-02 1.522988062089382844e+01
1.117499517542570864e+01 1.056220021716494983e+00 -5.225477053021044149e+00 1.056220021716494983e+00 1.526326776510007122e+01 -1.340108748351197532e+00 -5.225477053021044149e+00 -1.340108748351197532e+00 4.318671687552481764e+00
1.845497338727105685e+01 -7.121019563893525195e+00 -4.723651506536941547e+00 -7.121019563893525195e+00 1.300486966765771513e+01 3.816982719213176889e+00 -4.723651506536941547e+00 3.816982719213176889e+00 -2.089572603056452094e-01
4.749018379242021304e+00 -4.104575905923712575e+00 5.425490053218443576e-01 -4.104575905923712575e+00 -4.598709804873250206e+00 1.100251424823072144e+00 5.425490053218443576e-01 1.100251424823072144e+00 -8.785990739659492732e+00
3.915953217050833324e+00 4.947714293506109140e-01 1.905100272564282715e+00 4.947714293506109140e-01 -1.141891555088321075e+00 -7.807506298801293321e-01 1.905100272564282715e+00 -7.807506298801293321e-01 -1.465874822986751980e+00
-1.115008903263106177e+01 -1.542422717770231877e+00 5.151627561382055909e+00 -1.542422717770231877e+00 -4.618652168601028229e+00 2.210750367703246511e+00 5.151627561382055909e+00 2.210750367703246511e+00 -9.759431870927329555e+00
6.388740799264089887e+00 -4.084085155570726045e+00 5.565081565907055605e+00 -4.084085155570726045e+00 5.591796013847024405e+00 -8.455913235262077166e+00 5.565081565907055605e+00 -8.455913235262077166e+00 6.516155496769777677e+00
4.035704270696182761e+00 2.509037054161920910e+00 -5.302819045732647396e-01 2.509037054161920910e+00 1.134888841878161436e+01 -1.698337624927761969e+00 -5.302819045732647396e-01 -1.698337624927761969e+00 2.746718676987346397e-01
5.819892625591521096e+00 5.270444770075354946e+00 -3.551237710204394826e+00 5.270444770075354946e+00 1.701277509969520096e+01 1.314032208335321528e+00 -3.551237710204394826e+00 1.314032208335321528e+00 5.125404419293523306e-01
4.156641719122854184e+00 5.908695896212203813e+00 -1.262511845111727427e+00 5.908695896212203813e+00 1.134497734448650696e+01 -3.051296634755502613e-01 -1.262511845111727427e+00 -3.051296634755502613e-01 -3.184020300944236936e+00
6.464159549693746065e+00 -1.112132810345795697e+00 8.199310335647523873e-01 -1.112132810345795697e+00 1.697500841076387701e+01 6.512863968276249693e+00 8.199310335647523873e-01 6.512863968276249693e+00 1.500264111719598326e+01
6.898500932936487473e+00 -2.339140433199815294e-01 -1.954293383383604921e+00 -2.339140433199815294e-01 7.505397489986715520e+00 -1.765340824578794376e-01 -1.954293383383604921e+00 -1.765340824578794376e-01 1.020257780016083027e+00
2.364839661074968458e+00 -4.053999642930886438e+00 -3.388988680840899548e+00 -4.053999642930886438e+00 8.484570375489866478e+00 1.290025234609520011e+00 -3.388988680840899548e+00 1.290025234609520011e+00 -3.713086592981064360e+00
-2.288386054500254563e+00 5.771655510696518387e-01 -7.905507581598817390e-01 5.771655510696518387e-01 -6.842808026134781230e-01 -1.743989872453801881e+00 -7.905507581598817390e-01 -1.743989872453801881e+00 9.937905875877393047e-01
5.533690073920578989e+00 -2.660363338242742737e-01 -1.379722214150221893e-01 -2.660363338242742737e-01 4.467285998232510380e+00 9.889178373198200811e-01 -1.379722214150221893e-01 9.889178373198200811e-01 7.417265626429504266e+00
4.159128967786976716e+00 4.701040243877352975e-01 -4.157501630910439339e+00 4.701040243877352975e-01 1.320305163509367219e+01 -1.757977214049062153e+00 -4.157501630910439339e+00 -1.757977214049062153e+00 -6.097942980215855791e+00
9.424696369358555259e+00 3.981973941873615086e+00 5.918324563278634542e+00 3.981973941873615086e+00 9.795224269613107992e+00 3.363314265821395921e+00 5.918324563278634542e+00 3.363314265821395921e+00 6.864215631166012521e+00
7.745090489153928504e-01 3.918288503027092862e+00 -3.061402292886292731e+00 3.918288503027092862e+00 -3.678315058193700526e+00 2.337960727222314627e+00 -3.061402292886292731e+00 2.337960727222314627e+00 3.861449899115526829e+00
5.419609869599918639e+00 -4.242509196315579878e+00 -2.562738427395559349e+00 -4.242509196315579878e+00 -2.312103538668074609e+00 -2.578478003746753178e+00 -2.562738427395559349e+00 -2.578478003746753178e+00 -1.164948627244359436e+01
-1.237808719199185248e+01 9.539334869987473597e-01 4.664750346052284335e+00 9.539334869987473597e-01 -1.037135863153403781e+00 4.010239422922205144e+00 4.664750346052284335e+00 4.010239422922205144e+00 -1.487796121062377352e+01
-6.043533740163484325e+00 -2.041602135797614626e+00 2.614866539824118874e+00 -2.041602135797614626e+00 5.670876318435270846e+00 8.244704552085745375e-01 2.614866539824118874e+00 8.244704552085745375e-01 -2.613134965723965308e+00
7.185346318161966117e+00 -1.057045461468128389e+00 -1.281527625474906396e+00 -1.057045461468128389e+00 1.203924596728587382e+01 -4.172900723655248889e+00 -1.281527625474906396e+00 -4.172900723655248889e+00 9.825396404615290180e+00
-1.515720992747488616e+00 6.183118120730669354e+00 4.155918106546773849e+00 6.183118120730669354e+00 2.122131740053076587e+00 4.000856769925412060e+00 4.155918106546773849e+00 4.000856769925412060e+00 -3.821428186216512479e+00
-3.871025246060160185e+00 2.329901256172008495e+00 2.847050773667816337e+00 2.329901256172008495e+00 6.301948822041203435e+00 2.334193338135634566e+00 2.847050773667816337e+00 2.334193338135634566e+00 -5.160392165450010893e+00
1.019648402021879363e+01 -2.876650014280724754e+00 -1.243001733090454808e+00 -2.876650014280724754e+00 1.269832956547015002e+00 -1.260951909746826249e+00 -1.243001733090454808e+00 -1.260951909746826249e+00 -1.954772670520020128e+00
7.278472497163137156e+00 -8.335448570558494363e-02 -5.298238776557751883e+00 -8.335448570558494363e-02 1.438359661971741410e+01 3.345423378187264429e-01 -5.298238776557751883e+00 3.345423378187264429e-01 1.273633058641590488e+01
-4.021004400658555689e+00 -3.811535587109136647e-01 -3.350247107050178030e+00 -3.811535587109136647e-01 7.279016048519926230e+00 -8.877392707754478973e-01 -3.350247107050178030e+00 -8.877392707754478973e-01 -3.313828132517695479e+00
8.862027449608676832e+00 3.639786950271476584e+00 1.425241711860476324e+00 3.639786950271476584e+00 1.779907434352274009e+01 2.216911891763080344e+00 1.425241711860476324e+00 2.216911891763080344e+00 7.195051348560128623e+00
