-9.896559571358926277e+00 1.473137707939519370e+00 -5.088347651068082511e-01 1.473137707939519370e+00 -1.009386540389716203e+01 -1.602509987879651820e+00 -5.088347651068082511e-01 -1.602509987879651820e+00 -3.406862907654998551e+00
-2.424980840025007467e+01 -1.767588589148049727e-01 -8.113330955294186797e-01 -1.767588589148049727e-01 -2.556259762150984827e+01 -2.619166415280674842e-01 -8.113330955294186797e-01 -2.619166415280674842e-01 -2.104693826153164693e+01
-7.245188888283800921e+00 -1.230973896619069974e+00 -1.075842451378870912e+00 -1.230973896619069974e+00 -1.005908191543415064e+01 -1.154155385507511955e+00 -1.075842451378870912e+00 -1.154155385507511955e+00 6.147677303157226270e-01
-2.722085233431673146e+01 -3.470313364294022596e-01 3.093572657525936465e-01 -3.470313364294022596e-01 -2.591046881449085149e+01 -1.140338287102234255e-01 3.093572657525936465e-01 -1.140338287102234255e-01 -2.273063598941331875e+01
-7.591391785415630977e+00 -1.321081882829804099e+00 -1.122867653003032151e+00 -1.321081882829804099e+00 -1.002331588528283746e+01 -7.049495092630464477e-01 -1.122867653003032151e+00 -7.049495092630464477e-01 -4.583104795892928962e+00
-3.192576425423318209e+00 -3.018326359921400748e+00 4.618630449832650697e+00 -3.018326359921400748e+00 -3.768802218343257238e+00 3.732100797020574956e-01 4.618630449832650697e+00 3.732100797020574956e-01 -7.051177864767147474e-01
-2.613325805556139869e+01 1.775020007862671279e-01 -5.404786824470053652e-01 1.775020007862671279e-01 -2.382219323380293829e+01 7.976154474043384290e-01 -5.404786824470053652e-01 7.976154474043384290e-01 -2.007411092431949839e+01
-2.520041846737213120e+01 -1.729889704007097351e-01 -7.301140848830410535e-02 -1.729889704007097351e-01 -2.559412978828950713e+01 -6.902814588648179539e-01 -7.301140848830410535e-02 -6.902814588648179539e-01 -1.960722717780152635e+01
-7.472106593712720013e+00 -1.125123875998517819e+00 -6.173909996822234403e-01 -1.125123875998517819e+00 -1.297928072756200102e+01 -4.095419481748436286e-01 -6.173909996822234403e-01 -4.095419481748436286e-01 -2.249870422607183507e+00
-2.685727269707159692e+01 -1.057645634646372373e-01 -3.411158213699055919e-01 -1.057645634646372373e-01 -2.651660524832666965e+01 5.522292695114410233e-01 -3.411158213699055919e-01 5.522292695114410233e-01 -2.203900208721606546e+01
-6.476537353584417289e+00 -7.358665421942891527e-01 -7.159507082339962025e-01 -7.358665421942891527e-01 -8.389362475293346222e+00 3.480387195240982612e-01 -7.159507082339962025e-01 3.480387195240982612e-01 1.454191916794754513e-01
-2.238428380110342175e+01 5.861312426335373305e-01 -4.032801999597698805e-01 5.861312426335373305e-01 -2.140763802384881132e+01 9.460552880286164923e-01 -4.032801999597698805e-01 9.460552880286164923e-01 -1.894352602769994931e+01
-2.240041475390924219e+01 -7.930374124063332975e-02 -1.100915734555166337e+00 -7.930374124063332975e-02 -2.395640644417430920e+01 -2.543429454383348554e-01 -1.100915734555166337e+00 -2.543429454383348554e-01 -1.790612480954147401e+01
-2.711619294694432369e+01 -6.105888351956056948e-01 -1.699805849390365053e-01 -6.105888351956056948e-01 -2.491103707987443272e+01 -5.507495239646551660e-02 -1.699805849390365053e-01 -5.507495239646551660e-02 -2.143118865860261479e+01
-3.431395139799177763e+00 -2.083612918986420759e+00 -1.964465154174476647e+00 -2.083612918986420759e+00 -7.605339491388094508e+00 -7.767892124926774056e-01 -1.964465154174476647e+00 -7.767892124926774056e-01 1.711462374837503964e+00
-7.444988602227438967e+00 -2.829754582377761590e-02 1.180806336502620707e-01 -2.829754582377761590e-02 -1.185526673594667457e+01 -1.341885239116320294e+00 1.180806336502620707e-01 -1.341885239116320294e+00 -6.612877739996538828e-01
-1.879744782473683884e+01 -7.875898685130630072e-01 -7.326221870197834329e-01 -7.875898685130630072e-01 -1.796037816883829308e+01 2.281516078906630218e-01 -7.326221870197834329e-01 2.281516078906630218e-01 -8.520151765370432173e+00
-2.144367228084887600e+01 2.976346456814669694e-01 -6.480536640512412072e-01 2.976346456814669694e-01 -2.076776741435131513e+01 -6.305385120838740143e-01 -6.480536640512412072e-01 -6.305385120838740143e-01 -1.606991185348299211e+01
-2.427780675135896971e+01 -9.062358577078185595e-01 -2.587707125116018858e-01 -9.062358577078185595e-01 -2.188126736670545114e+01 5.244808172386493661e-01 -2.587707125116018858e-01 5.244808172386493661e-01 -1.771354521876395438e+01
-2.182520013401148873e+00 -1.814760361778910980e-01 -1.888538557483560032e+00 -1.814760361778910980e-01 -7.108328541639973963e+00 5.382069307037820050e-01 -1.888538557483560032e+00 5.382069307037820050e-01 -4.290932514158147804e-01
-1.459450792553600529e+01 2.634656226557821612e-01 1.155365178876395449e+00 2.634656226557821612e-01 -1.784939893833420754e+01 2.214120068714768019e-01 1.155365178876395449e+00 2.214120068714768019e-01 -7.227157208092880758e+00
-4.840551986582858568e+00 2.690203482773110832e-01 -2.055861089474174452e+00 2.690203482773110832e-01 -1.132984474212457648e+01 -1.576510619728811680e+00 -2.055861089474174452e+00 -1.576510619728811680e+00 -1.136384315392940270e+00
-5.935113965614351450e+00 6.129725439475985027e+00 6.375930368923271585e-01 6.129725439475985027e+00 -7.760862466224012657e+00 -1.027930381066213705e+00 6.375930368923271585e-01 -1.027930381066213705e+00 -8.087258254756200415e+00
-2.243345349532899036e+01 3.468097511917550002e-01 -6.388774037965856412e-01 3.468097511917550002e-01 -2.186581040710886725e+01 -5.342782430474851685e-01 -6.388774037965856412e-01 -5.342782430474851685e-01 -1.797549590319607660e+01
-6.890193104378495192e+00 1.330515984476992486e+00 -3.938554818502296162e-01 1.330515984476992486e+00 -9.701114042340465815e+00 7.637218627010536887e-01 -3.938554818502296162e-01 7.637218627010536887e-01 4.606524400285204046e-01
-1.044506915570091721e+01 6.692778773713338181e-01 -5.739870181932697074e-02 6.692778773713338181e-01 -1.437539616364162320e+01 1.227728317054331164e+00 -5.739870181932697074e-02 1.227728317054331164e+00 -8.437863712316701736e+00
-1.494715945800373902e+01 7.816404155265530007e-02 -1.015137527752374647e+00 7.816404155265530007e-02 -1.759275278599440284e+01 -2.694803799991855875e-02 -1.015137527752374647e+00 -2.694803799991855875e-02 -1.127339523162354951e+01
-2.571410676735710510e+01 6.203964595043191810e-02 -8.498784937314574073e-01 6.203964595043191810e-02 -2.362988482713857863e+01 9.515100318255336198e-01 -8.498784937314574073e-01 9.515100318255336198e-01 -2.056760256489602057e+01
-9.515850535335308891e+00 -1.559505785481214435e+00 -2.558521112359380401e-01 -1.559505785481214435e+00 -8.031750665145469981e+00 4.216146320313803875e-01 -2.558521112359380401e-01 4.216146320313803875e-01 -3.472582582076218838e+00
-9.227427257609704725e+00 -4.254635653124051453e-01 1.121964780970870379e+00 -4.254635653124051453e-01 -8.946758794888934219e+00 -2.575778604454042497e+00 1.121964780970870379e+00 -2.575778604454042497e+00 -7.559787781422832031e-01
-2.662034575367923495e+01 -6.731059404997428164e-01 -1.281047190419119797e-01 -6.731059404997428164e-01 -2.441469575700196160e+01 2.737521180314522184e-01 -1.281047190419119797e-01 2.737521180314522184e-01 -2.092872789657497989e+01
-7.344079250567866701e+00 9.381657343393958737e-01 -8.847794856607111846e-01 9.381657343393958737e-01 -5.091461308931727103e+00 -2.735496903342520714e+00 -8.847794856607111846e-01 -2.735496903342520714e+00 -8.349934091487402066e-01
-9.903782241336383407e+00 -3.034058951366745305e+00 1.820039261595090219e+00 -3.034058951366745305e+00 -7.293207117685517993e+00 -9.933778376070799554e-02 1.820039261595090219e+00 -9.933778376070799554e-02 -7.183898999324438428e-01
-2.682891753546547164e+01 1.781715678586097973e-01 -5.779054109649642834e-01 1.781715678586097973e-01 -2.488121364863606999e+01 8.966308419889520431e-01 -5.779054109649642834e-01 8.966308419889520431e-01 -2.194774826799181611e+01
-7.472132438191477100e+00 -1.497049185342555377e+00 -1.186858582405351470e+00 -1.497049185342555377e+00 -1.175607188578493734e+01 2.578193511840294883e-01 -1.186858582405351470e+00 2.578193511840294883e-01 -2.177841860311438449e+00
-2.045018122768470903e+01 5.576213384944560536e-01 -6.426137299989238549e-01 5.576213384944560536e-01 -1.954082569405474956e+01 6.117975169191595119e-01 -6.426137299989238549e-01 6.117975169191595119e-01 -1.611844724009239727e+01
-1.962451199353194342e+00 9.065938423652961653e-01 -2.637193472866784738e+00 9.065938423652961653e-01 1.223841793931610633e+00 -4.224452366831214500e-01 -2.637193472866784738e+00 -4.224452366831214500e-01 -3.693311318008044353e+00
-4.961207471263092472e+00 1.779150299561221393e+00 -9.729152222094137326e-01 1.779150299561221393e+00 -5.541230426396191788e+00 -1.560300920746504394e+00 -9.729152222094137326e-01 -1.560300920746504394e+00 1.161450760057340936e+00
-2.653827401366262251e+01 -1.045623560870521385e-01 -9.140265397907089417e-02 -1.045623560870521385e-01 -2.689555910375548820e+01 -4.457883344862976216e-01 -9.140265397907089417e-02 -4.457883344862976216e-01 -2.196749730596368266e+01
-1.072674540583369485e+01 -1.524138858274498132e+00 -7.228665874965881644e-01 -1.524138858274498132e+00 -1.486407154059910773e+01 1.105311712197867058e+00 -7.228665874965881644e-01 1.105311712197867058e+00 -1.134157926291691254e+01
-2.623921438628162406e+01 -1.396073555540504052e-01 -5.714112108737401385e-01 -1.396073555540504052e-01 -2.618076714639659741e+01 4.693877564987551376e-01 -5.714112108737401385e-01 4.693877564987551376e-01 -2.118815898474399972e+01
-2.731719580858779750e+01 -5.923276174346242540e-01 -1.107087675366500712e-01 -5.923276174346242540e-01 -2.528278653523694430e+01 -8.255632654320525440e-03 -1.107087675366500712e-01 -8.255632654320525440e-03 -2.174760422902330603e+01
-8.469903008053362825e+00 7.208592536293237929e-01 -2.961609495946540438e+00 7.208592536293237929e-01 -1.388580385592005051e+01 -6.065102996749168751e-01 -2.961609495946540438e+00 -6.065102996749168751e-01 -5.015626538484131203e+00
-2.457732926795776507e+01 -1.829905027917491656e-01 -8.665881269570203660e-01 -1.829905027917491656e-01 -2.583832441322757845e+01 -2.488063787827093643e-01 -8.665881269570203660e-01 -2.488063787827093643e-01 -2.138888498797106763e+01
-2.637313534943036686e+01 -3.029084020092314908e-02 -2.322289964490480141e-01 -3.029084020092314908e-02 -2.625411343496575967e+01 4.725940878221586705e-01 -2.322289964490480141e-01 4.725940878221586705e-01 -2.209988034742713836e+01
-8.069929124599227066e+00 1.542098550057637629e+00 -1.567070601878245706e-01 1.542098550057637629e+00 -6.454123208372657849e+00 -1.884066959729813417e+00 -1.567070601878245706e-01 -1.884066959729813417e+00 2.018894933716301576e+00
-2.262748568963032625e+01 -9.172602858314041208e-02 -8.847583976596720690e-02 -9.172602858314041208e-02 -2.331217934495533584e+01 -7.618787885760045508e-01 -8.847583976596720690e-02 -7.618787885760045508e-01 -1.544184438370766088e+01
-1.004851113360293802e+01 -8.587678180847655440e-01 -1.171933420707854667e+00 -8.587678180847655440e-01 -1.067404775370026471e+01 -4.820009499968850308e-01 -1.171933420707854667e+00 -4.820009499968850308e-01 -2.232019829988747706e+00
-2.722085233431673146e+01 -3.470313364294022596e-01 3.093572657525936465e-01 -3.470313364294022596e-01 -2.591046881449085149e+01 -1.140338287102234255e-01 3.093572657525936465e-01 -1.140338287102234255e-01 -2.273063598941331875e+01
-1.087833027849505818e+01 -5.161316061147664530e-02 1.918063819447785034e-01 -5.161316061147664530e-02 -1.200843671899146869e+01 -8.673477893308856324e-01 1.918063819447785034e-01 -8.673477893308856324e-01 -3.980272409876066675e+00
-1.047986577084890847e+01 -3.334919181212561590e+00 1.538804215726599756e+00 -3.334919181212561590e+00 -7.931596474971936317e+00 -8.999040728403625566e-01 1.538804215726599756e+00 -8.999040728403625566e-01 -1.646697658284261623e+00
-8.774330860684688815e+00 5.612755943635214795e-01 7.561609907863717783e-01 5.612755943635214795e-01 -1.389696657610961950e+01 1.638160391180046860e+00 7.561609907863717783e-01 1.638160391180046860e+00 -9.256582838115482659e+00
-1.133919877010344557e+01 9.144811121062251802e-01 6.198645747267748085e-01 9.144811121062251802e-01 -1.219720064903240875e+01 -1.782428127056481237e+00 6.198645747267748085e-01 -1.782428127056481237e+00 -5.657825161740421827e+00
-2.088800652984326689e+01 1.473600489766333788e-01 -1.190624122960245668e+00 1.473600489766333788e-01 -2.282568598685745798e+01 2.140336352739287684e-01 -1.190624122960245668e+00 2.140336352739287684e-01 -1.826738930612336631e+01
-9.147337447397974941e+00 -2.196476679671783838e+00 -1.378667680330443179e+00 -2.196476679671783838e+00 -8.775904420539655248e+00 1.118405513851009170e+00 -1.378667680330443179e+00 1.118405513851009170e+00 -2.349153309004958334e+00
-2.243345349532899036e+01 3.468097511917550002e-01 -6.388774037965856412e-01 3.468097511917550002e-01 -2.186581040710886725e+01 -5.342782430474851685e-01 -6.388774037965856412e-01 -5.342782430474851685e-01 -1.797549590319607660e+01
-2.204547948602431973e+00 -4.804490748069284271e-03 1.025185969374116546e+00 -4.804490748069284271e-03 -8.616025897827778834e+00 4.218794832989721799e-01 1.025185969374116546e+00 4.218794832989721799e-01 1.204553623968703135e+00
-2.513226315887036222e+01 -1.869571090188647533e-01 1.138525247971846760e-01 -1.869571090188647533e-01 -2.593069698001995249e+01 -3.467123848174417655e-01 1.138525247971846760e-01 -3.467123848174417655e-01 -1.970027684989115357e+01
-2.003783430999679283e+01 1.416354969319590373e-01 -1.159623670691230179e+00 1.416354969319590373e-01 -2.201069327149500410e+01 2.396558515136134881e-01 -1.159623670691230179e+00 2.396558515136134881e-01 -1.699219171087873193e+01
-2.385422768752896516e+01 -1.107890557883278310e-01 -9.051877612993890487e-01 -1.107890557883278310e-01 -2.516261314964605944e+01 -2.423871362093539261e-01 -9.051877612993890487e-01 -2.423871362093539261e-01 -2.042390374985781776e+01
-2.985113672419467346e+00 -9.103476352758597123e-01 -1.199319580671006913e-01 -9.103476352758597123e-01 -2.840791701961050464e+00 -2.010109093299962346e+00 -1.199319580671006913e-01 -2.010109093299962346e+00 3.420908935401551609e+00
-2.864357106043696533e+00 2.272784615356756577e-01 -3.636943345934676941e+00 2.272784615356756577e-01 -1.871843691939614196e+00 2.525903120707948979e+00 -3.636943345934676941e+00 2.525903120707948979e+00 1.292444343521861772e+00
-8.059602610354239971e+00 2.930066871705789278e-01 2.732512326984047668e+00 2.930066871705789278e-01 -1.262241379809238850e+01 1.222471636459158795e+00 2.732512326984047668e+00 1.222471636459158795e+00 -5.706170443047301255e+00
-5.851038524773569449e+00 1.060452306983768578e+00 -3.204919558399199619e-01 1.060452306983768578e+00 -1.136463084169317383e+01 1.388271848099578154e-01 -3.204919558399199619e-01 1.388271848099578154e-01 -2.175846765835029117e+00
-2.731719580858779750e+01 -5.923276174346242540e-01 -1.107087675366500712e-01 -5.923276174346242540e-01 -2.528278653523694430e+01 -8.255632654320525440e-03 -1.107087675366500712e-01 -8.255632654320525440e-03 -2.174760422902330603e+01
-2.466087035286568607e+01 -4.466865570852037726e-01 -6.962923280262006687e-01 -4.466865570852037726e-01 -2.367726458319273775e+01 2.364908716604183780e-01 -6.962923280262006687e-01 2.364908716604183780e-01 -1.921361935530863363e+01
-2.713975899862014884e+01 -1.189771901328624953e-01 5.770866451267576969e-02 -1.189771901328624953e-01 -2.755651487077159345e+01 -4.783313295992250302e-01 5.770866451267576969e-02 -4.783313295992250302e-01 -2.241927355155075929e+01
-2.500428743946953603e+01 1.693659555360824964e-01 -4.886873242636329828e-01 1.693659555360824964e-01 -2.318399457347829085e+01 1.071369440528196604e+00 -4.886873242636329828e-01 1.071369440528196604e+00 -1.996384634273596959e+01
-2.640632208215385646e+01 -3.956480667749002200e-01 6.603523792724156349e-01 -3.956480667749002200e-01 -2.700008715142857341e+01 -5.288146234002343293e-01 6.603523792724156349e-01 -5.288146234002343293e-01 -1.974664229250623393e+01
-2.279066662810705424e+01 -3.694340506932192181e-01 7.585265976051828174e-01 -3.694340506932192181e-01 -2.455497769078405312e+01 -2.859002246086747023e-01 7.585265976051828174e-01 -2.859002246086747023e-01 -1.292618696713033266e+01
-2.678149556332683545e+01 -1.746003624955645706e-01 1.755814481587585074e-02 -1.746003624955645706e-01 -2.712090735538799180e+01 -6.037979355154484695e-01 1.755814481587585074e-02 -6.037979355154484695e-01 -2.182020565473551343e+01
-2.888666204738556065e+00 6.492743019470247345e-01 1.477607660770269504e+00 6.492743019470247345e-01 -1.276860935467102331e-01 -2.015658247819249738e+00 1.477607660770269504e+00 -2.015658247819249738e+00 2.016201417234871340e-01
-4.664252261563619939e+00 1.212808225299317089e+00 6.110438657978999044e-02 1.212808225299317089e+00 -3.507038512292024901e+00 -6.804630897920284083e-01 6.110438657978999044e-02 -6.804630897920284083e-01 -3.485107503966879516e+00
-2.526084019000369452e+01 -1.267601043325015664e-01 -1.416545193589234704e-02 -1.267601043325015664e-01 -2.595878398270731324e+01 -4.038181475259201014e-01 -1.416545193589234704e-02 -4.038181475259201014e-01 -1.940209257938610676e+01
2.789780758759730639e-01 5.529171838554919338e-02 -3.227404166288743576e-02 5.529171838554919338e-02 2.604381314610266340e+00 1.453512882930665939e-01 -3.227404166288743576e-02 1.453512882930665939e-01 -3.667540211342210199e+00
-1.187624053560050008e+01 8.068839743675003673e-01 -1.197068359324072073e+00 8.068839743675003673e-01 -1.318659890434462056e+01 7.622243158483746894e-01 -1.197068359324072073e+00 7.622243158483746894e-01 -5.113825990323105586e+00
-2.331182321672440771e+00 -9.617118212659149235e-01 -8.967232949835755029e-01 -9.617118212659149235e-01 -7.031789040234047050e+00 1.611718553139465993e+00 -8.967232949835755029e-01 1.611718553139465993e+00 1.572168747297636671e+00
-1.784717903236005299e+01 6.698484419462726047e-02 -1.269021587204197887e+00 6.698484419462726047e-02 -1.774950381925001963e+01 -1.952437255194323096e-01 -1.269021587204197887e+00 -1.952437255194323096e-01 -1.416372239327282578e+01
-2.085975564940855165e+01 4.434809132047923819e-01 -6.789557589848380648e-01 4.434809132047923819e-01 -2.154216514849655084e+01 -2.592806393323396907e-01 -6.789557589848380648e-01 -2.592806393323396907e-01 -1.713440630540424081e+01
-2.640149585737797011e+00 -2.870344366700220196e+00 1.963961097634424058e-01 -2.870344366700220196e+00 -7.240445121164643005e+00 -5.392195242864651350e-01 1.963961097634424058e-01 -5.392195242864651350e-01 6.184504916288363630e-01
-2.087976139757054383e+01 3.089402807879360058e-01 -8.709351906157246637e-01 3.089402807879360058e-01 -2.053417406527520228e+01 -3.393105476014360855e-01 -8.709351906157246637e-01 -3.393105476014360855e-01 -1.694045271542245246e+01
-1.686468748219465752e+01 7.044763970312505341e-01 -4.194610647296701522e-01 7.044763970312505341e-01 -1.746536648254613766e+01 -1.161091624096325658e-01 -4.194610647296701522e-01 -1.161091624096325658e-01 -1.277955751003439033e+01
-6.270924669514484684e+00 1.644803222668257625e+00 -1.069898773180876450e+00 1.644803222668257625e+00 -4.965314406794576918e+00 -2.482453715405256833e+00 -1.069898773180876450e+00 -2.482453715405256833e+00 1.398275563706621871e-01
-3.537573367940404001e+00 2.119682619864869277e+00 3.349383928321136406e+00 2.119682619864869277e+00 -5.451101417408088068e+00 -9.636045456098381035e-01 3.349383928321136406e+00 -9.636045456098381035e-01 2.246259798431564647e+00
-2.447239261510181052e+01 -2.036985959363277546e-02 -1.528547906032632075e-01 -2.036985959363277546e-02 -2.456119731039733978e+01 -5.174432139151575738e-01 -1.528547906032632075e-01 -5.174432139151575738e-01 -1.982266043521773113e+01
-2.607209983724005298e+01 -1.259553432331347589e-01 -3.718830574848668857e-01 -1.259553432331347589e-01 -2.551700985697029367e+01 6.042521703792201881e-01 -3.718830574848668857e-01 6.042521703792201881e-01 -2.069211407452590734e+01
-2.457733167306925992e+01 -1.829905027917491656e-01 -8.665881269570203660e-01 -1.829905027917491656e-01 -2.583832441322757845e+01 -2.488063787827093643e-01 -8.665881269570203660e-01 -2.488063787827093643e-01 -2.138888498797106763e+01
-2.280338920602851616e+01 5.546231368715680565e-01 -4.987810182652434032e-01 5.546231368715680565e-01 -2.176695114272662224e+01 7.705844339650346209e-01 -4.987810182652434032e-01 7.705844339650346209e-01 -1.926792310132790931e+01
-1.980830540688008057e+01 -8.843789126530821054e-01 -7.117995496148534773e-01 -8.843789126530821054e-01 -1.955290170919870718e+01 4.642241773872029520e-01 -7.117995496148534773e-01 4.642241773872029520e-01 -1.337058447214377566e+01
-2.433632982631514707e+01 8.566825972322227312e-01 -1.709554333273645421e-01 8.566825972322227312e-01 -2.172981845280401103e+01 8.311933942609062154e-01 -1.709554333273645421e-01 8.311933942609062154e-01 -2.045830784069204000e+01
-2.229947568943063629e+01 5.214850200110469208e-02 8.907631788830072672e-01 5.214850200110469208e-02 -2.299192834493226556e+01 -1.053909345410430021e+00 8.907631788830072672e-01 -1.053909345410430021e+00 -1.369222056226613660e+01
-1.996280958968245756e+01 -2.358209313004075158e-01 -5.734499671178023839e-01 -2.358209313004075158e-01 -2.185254649630188695e+01 4.291508352365952517e-01 -5.734499671178023839e-01 4.291508352365952517e-01 -1.646369760919413849e+01
-3.223474728874267115e+00 2.405275040033896694e+00 -1.816592735806767722e+00 2.405275040033896694e+00 -2.057582502239006850e+00 -8.111887888398715551e-01 -1.816592735806767722e+00 -8.111887888398715551e-01 -5.594460094360270475e+00
-7.330285222837713555e+00 1.004168041749842866e+00 1.070141854582431051e+00 1.004168041749842866e+00 -9.165294144405212506e+00 1.085329547421624241e+00 1.070141854582431051e+00 1.085329547421624241e+00 -6.710154176523318581e-01
-1.933445683239416368e+01 1.671808779757673280e+00 -2.367090639000305752e-01 1.671808779757673280e+00 -1.542951594489044709e+01 1.039616453645518135e+00 -2.367090639000305752e-01 1.039616453645518135e+00 -1.622534244406590886e+01
-9.383875112399934437e+00 1.313485169932317786e+00 8.572309405967332152e-01 1.313485169932317786e+00 -7.988263630339995203e+00 9.330700829148278475e-01 8.572309405967332152e-01 9.330700829148278475e-01 -1.828289450572544883e+00
-1.484987748273742447e+01 -3.879925859624228091e-01 9.026287226714196921e-01 -3.879925859624228091e-01 -1.711879472670673152e+01 1.857330514265926658e+00 9.026287226714196921e-01 1.857330514265926658e+00 -9.851478574663127930e+00
-1.366578799634464936e+01 -1.620046884566167869e-02 -1.647009192362880237e+00 -1.620046884566167869e-02 -1.588518990094768846e+01 6.896718259055664157e-01 -1.647009192362880237e+00 6.896718259055664157e-01 -9.236268639361039590e+00
-8.118917788125886048e+00 4.221968905700181351e-01 -3.073866113486680707e+00 4.221968905700181351e-01 -1.386539334293530601e+01 -8.335203734912089990e-01 -3.073866113486680707e+00 -8.335203734912089990e-01 -4.823728710846502565e+00
