1.412805899997140457e+01 -1.494874978350424044e+00 5.091099115152838195e+00 -1.494874978350424044e+00 1.562440486836534248e+01 2.032283187155028426e+00 5.091099115152838195e+00 2.032283187155028426e+00 1.796956535116802200e+01
-1.105972220936926931e+01 -1.166237929878034318e+00 -1.760672525067370930e+00 -1.166237929878034318e+00 -3.162554205079832759e+00 2.362091620966408345e-01 -1.760672525067370930e+00 2.362091620966408345e-01 -1.001370453601908350e+00
-5.791089545152334761e-01 -8.839985064831310524e+00 -5.075949196798021923e+00 -8.839985064831310524e+00 7.426477245608033684e+00 1.954683139723780716e+00 -5.075949196798021923e+00 1.954683139723780716e+00 1.201269842328949400e+00
2.259561011996724744e+01 9.238869984521130618e+00 1.284755643030483396e+00 9.238869984521130618e+00 2.813934997636339119e+01 -6.418483044933139148e+00 1.284755643030483396e+00 -6.418483044933139148e+00 3.166382576657500181e+01
1.135506255761725392e+01 -2.402745576715896281e+00 8.547930467174842395e-01 -2.402745576715896281e+00 2.598600387232466780e+00 4.268986389284759042e+00 8.547930467174842395e-01 4.268986389284759042e+00 1.035018302004927904e+01
-1.842900632002349770e+00 -3.197763378044962135e+00 -3.385657377858827477e+00 -3.197763378044962135e+00 -8.428469758634790310e+00 5.170396983613303021e+00 -3.385657377858827477e+00 5.170396983613303021e+00 -5.962672783194417070e-01
-3.676067794160250202e+00 2.008107168031114664e+00 4.737347552890037505e+00 2.008107168031114664e+00 4.189087873584258048e+00 -7.310879137857440035e+00 4.737347552890037505e+00 -7.310879137857440035e+00 1.896941143381005546e+01
-4.770049993998617843e+00 -6.882244505160577397e+00 6.730987651352028145e+00 -6.882244505160577397e+00 5.860531794362448643e+00 -3.151594153701947398e+00 6.730987651352028145e+00 -3.151594153701947398e+00 -4.405519457107206271e+00
1.545540549763823357e+01 1.359002225858813695e+00 -1.150709787602620082e+01 1.359002225858813695e+00 9.939926599327736367e-01 1.236461523987814726e+00 -1.150709787602620082e+01 1.236461523987814726e+00 1.330773577159332888e+01
