-1.793025761645717964e+01 -1.087160964892529558e+00 -1.871803320002567717e-01 -1.087160964892529558e+00 -1.821174465954744903e+01 -9.073988621442840019e-01 -1.871803320002567717e-01 -9.073988621442840019e-01 -1.403088854751086778e+01
-2.128088768987060320e+01 -5.161265109014824271e-01 -2.621821156331234359e-01 -5.161265109014824271e-01 -2.129787887998203999e+01 -4.796815802701389631e-01 -2.621821156331234359e-01 -4.796815802701389631e-01 -1.748066889142699409e+01
-3.611844386782145921e+00 -1.888460570475757327e+00 -1.837735451437115586e+00 -1.888460570475757327e+00 -3.294946986804667244e+00 -2.201524845095258254e+00 -1.837735451437115586e+00 -2.201524845095258254e+00 -2.611348195594604960e+00
-3.829143618396272153e+00 -1.472294477065111185e+00 -1.519637921501176825e+00 -1.472294477065111185e+00 -3.665731063129580747e+00 -2.845831998354575454e+00 -1.519637921501176825e+00 -2.845831998354575454e+00 -2.475277853470301270e+00
-3.759632774776781261e+00 1.383560245075909467e+00 4.607585251726090125e-01 1.383560245075909467e+00 -4.694222661037017019e+00 -1.025851143680966082e+00 4.607585251726090125e-01 -1.025851143680966082e+00 -2.844930407268382755e+00
-4.791598774346790712e+00 -1.138578433417440250e+00 -1.418088139934347902e+00 -1.138578433417440250e+00 -4.092744592858689856e+00 -2.710420606090640838e+00 -1.418088139934347902e+00 -2.710420606090640838e+00 -3.075963927994149749e+00
-3.601899089760192130e+00 4.738955143739234654e-01 1.169373271950778337e+00 4.738955143739234654e-01 -4.124363453356848730e+00 -9.415841982986848935e-01 1.169373271950778337e+00 -9.415841982986848935e-01 -2.261048895036011253e+00
-2.115134082239710267e+01 -5.407540535213090083e-01 -2.268522637049539270e-01 -5.407540535213090083e-01 -2.124530913665945775e+01 -4.165318397455970434e-01 -2.268522637049539270e-01 -4.165318397455970434e-01 -1.748652560278754109e+01
-1.969293203661145952e+01 -5.710405695963660655e-01 -1.286641817724508419e-01 -5.710405695963660655e-01 -1.997215019012835668e+01 -5.448148154531602394e-01 -1.286641817724508419e-01 -5.448148154531602394e-01 -1.587816421311381987e+01
-2.057380547995190057e+01 -7.071413274367854829e-01 -2.704728379106530189e-01 -7.071413274367854829e-01 -2.066552528999195459e+01 -5.770379398792507830e-01 -2.704728379106530189e-01 -5.770379398792507830e-01 -1.685131602511345505e+01
-3.309427059481037769e+00 -1.778448190276611163e+00 -2.114212586575344943e+00 -1.778448190276611163e+00 -2.872091851300782483e+00 -1.292727836072514735e+00 -2.114212586575344943e+00 -1.292727836072514735e+00 -2.529948259545282241e+00
-1.824844885186571730e+01 -2.338816086675175598e-01 2.753267100107456913e-02 -2.338816086675175598e-01 -1.832328569576660371e+01 2.988775804265917380e-01 2.753267100107456913e-02 2.988775804265917380e-01 -1.475950160200033778e+01
