4.682121042010138012e+00 -6.508402043184603747e-02 9.610294867448028189e-01 -6.508402043184603747e-02 -3.832794674314040861e+00 -1.765736208765839033e+00 9.610294867448028189e-01 -1.765736208765839033e+00 -3.642072705160135371e+00
2.090945802517373409e+01 -5.978714805848052150e-01 2.170699862055994078e+00 -5.978714805848052150e-01 1.691718572675938148e+01 -7.501300894120075391e-01 2.170699862055994078e+00 -7.501300894120075391e-01 2.107298080431280951e+01
1.650978128397268563e+01 -2.648541386669328812e+00 2.369170261849504744e+00 -2.648541386669328812e+00 1.634094939471097874e+01 1.576144159691918789e+00 2.369170261849504744e+00 1.576144159691918789e+00 1.705706932551186483e+01
-4.746920861362861621e-01 9.456810247579282291e-02 1.686394027433840481e+00 9.456810247579282291e-02 -2.215806281175564330e+00 -2.749337855774665940e+00 1.686394027433840481e+00 -2.749337855774665940e+00 2.459119242679973283e+00
1.865196942294047844e+01 -1.181650140515531966e+00 4.835748931519603389e-01 -1.181650140515531966e+00 1.339704442942123030e+01 1.226783012069326162e+00 4.835748931519603389e-01 1.226783012069326162e+00 1.560804479430444758e+01
2.698391630127218832e+01 -3.875667717192217143e-01 -9.460694347439618790e-01 -3.875667717192217143e-01 1.990656288855980449e+01 8.275237730949792647e-01 -9.460694347439618790e-01 8.275237730949792647e-01 2.341895549761056827e+01
1.639113319740254937e+01 -3.165120479581544077e-01 -5.309195068684002816e-01 -3.165120479581544077e-01 1.275005815193709324e+01 -2.330782111621142738e-01 -5.309195068684002816e-01 -2.330782111621142738e-01 1.947829766121461503e+01
1.569013142804027439e+01 1.306456130009060246e+00 1.344453185156992303e+00 1.306456130009060246e+00 1.768832860797390083e+01 -2.266256701004870866e+00 1.344453185156992303e+00 -2.266256701004870866e+00 1.763573191284303832e+01
1.048607777132077601e+01 -1.919024732480028583e-01 -3.158301310394824868e-01 -1.919024732480028583e-01 8.438258247614354168e-01 2.555763241825862675e+00 -3.158301310394824868e-01 2.555763241825862675e+00 1.682641214577781597e+00
-5.751792909340368576e-01 1.129326843092228749e+00 2.529179759571308139e+00 1.129326843092228749e+00 -2.014726882620001103e+00 1.181348136102175372e+00 2.529179759571308139e+00 1.181348136102175372e+00 5.598064011205051038e+00
2.440107817494157130e-02 1.100358251344287996e+00 1.022579661496312298e+00 1.100358251344287996e+00 5.763798354387064116e+00 3.688801195970215385e+00 1.022579661496312298e+00 3.688801195970215385e+00 1.303235069338306928e+01
