-4.613726434403845333e-01 -2.571495287839565824e-01 4.462360232003973470e-01 -2.571495287839565824e-01 -9.212990564592463127e-02 3.097846265586835512e-01 4.462360232003973470e-01 3.097846265586835512e-01 -8.275883529394895133e-01
-1.173751059584968814e+01 -4.002422108829943592e-02 1.352333323562101008e-01 -4.002422108829943592e-02 -1.156615634389816272e+01 1.196005756972880807e+00 1.352333323562101008e-01 1.196005756972880807e+00 -7.403839693489437934e+00
-5.110008266153714729e+00 -1.046356939887213046e-02 -2.482946037898542679e-01 -1.046356939887213046e-02 -5.091730150701350155e+00 -7.210629895661736510e-01 -2.482946037898542679e-01 -7.210629895661736510e-01 5.247061365127668742e-01
-1.941161458606570855e+00 1.816766394864110373e-02 2.186187053068357200e-01 1.816766394864110373e-02 -1.945830927452573356e+00 6.439281999314563354e-01 2.186187053068357200e-01 6.439281999314563354e-01 4.109577295801067898e+00
-5.726793243221974805e+00 5.512746743743680150e-02 9.000998383516889412e-02 5.512746743743680150e-02 -5.712722138254239468e+00 -2.822254431809423925e-01 9.000998383516889412e-02 -2.822254431809423925e-01 -9.567321450077799216e-01
-1.200588355411511543e+01 -8.180918841044428069e-02 -1.246660427440738461e+00 -8.180918841044428069e-02 -1.200705216053000690e+01 -1.127209172884178434e+00 -1.246660427440738461e+00 -1.127209172884178434e+00 -7.017034027388386441e+00
-6.186365028465662164e+00 -4.363727386859664881e-01 -1.900531439030985204e-01 -4.363727386859664881e-01 -5.348287486876175834e+00 1.746726946379731249e+00 -1.900531439030985204e-01 1.746726946379731249e+00 -1.755764978524344988e+00
-1.288183084529203981e+01 2.111136494036851274e-01 1.356611953378724422e+00 2.111136494036851274e-01 -1.243040911032562512e+01 2.008100829515127472e+00 1.356611953378724422e+00 2.008100829515127472e+00 -7.852752758504020214e+00
-4.476254763710487694e+00 -1.452555369384297967e-01 2.454755572923236207e-01 -1.452555369384297967e-01 -4.099398700604385937e+00 -7.033626372718206898e-01 2.454755572923236207e-01 -7.033626372718206898e-01 -3.311943402575849404e+00
-4.446396120916669581e+00 -1.310406069968575338e+00 -1.423616232221024624e+00 -1.310406069968575338e+00 -3.673785064753077201e+00 7.863076062312516212e-01 -1.423616232221024624e+00 7.863076062312516212e-01 -4.145641137243229579e+00
-8.749825822712420376e+00 -4.113859263680084699e-01 -2.936401287019633211e-01 -4.113859263680084699e-01 -8.413474960035117078e+00 6.070642495773568292e-01 -2.936401287019633211e-01 6.070642495773568292e-01 -2.978140068183043443e+00
-1.529873167139892631e+00 -7.439777991427251047e-01 -1.734682572354201424e-01 -7.439777991427251047e-01 -2.011877139720614771e+00 1.177903031197475192e+00 -1.734682572354201424e-01 1.177903031197475192e+00 -3.674401246857649794e-01
3.850893187061859457e+00 2.442585169658581523e-01 -9.599729010149520292e-01 2.442585169658581523e-01 4.219733700900698103e+00 1.152978003173665389e+00 -9.599729010149520292e-01 1.152978003173665389e+00 3.832324167852763530e+00
-3.427143656186816489e+00 -4.477268394750216762e-01 2.355396951984020770e+00 -4.477268394750216762e-01 -4.619512085569398074e+00 -4.445406442830667770e-01 2.355396951984020770e+00 -4.445406442830667770e-01 1.130103930596213724e+00
-9.392709778343009575e+00 -2.973597873297924576e-01 1.953899142710183501e+00 -2.973597873297924576e-01 -9.205548093276544108e+00 1.543331451358754824e+00 1.953899142710183501e+00 1.543331451358754824e+00 -3.758445802826946291e+00
-3.255136882726081371e+00 3.516851742927299546e-02 -5.795099952970220736e-01 3.516851742927299546e-02 -3.201505757483083858e+00 1.472804159386851719e+00 -5.795099952970220736e-01 1.472804159386851719e+00 1.748359755824530293e+00
-2.351674698797576291e+00 -1.325812455708154369e-01 -7.127619317568444357e-01 -1.325812455708154369e-01 -2.059620108969892893e+00 -2.366441321574728640e+00 -7.127619317568444357e-01 -2.366441321574728640e+00 5.019392215444495875e+00
4.098412943856279966e+00 -1.924050399855947247e-03 7.513311094382538191e-02 -1.924050399855947247e-03 4.097322883556484108e+00 1.950244736801483303e-02 7.513311094382538191e-02 1.950244736801483303e-02 -4.078528740456547896e-01
-3.883585891855956707e+00 3.074733843209583387e-02 4.622772825658528761e-01 3.074733843209583387e-02 -4.782494724292433830e+00 2.813892938577225777e+00 4.622772825658528761e-01 2.813892938577225777e+00 1.120997533336892005e+00
4.185429810465836065e-01 9.148386753704330909e-02 1.251641624510147488e-01 9.148386753704330909e-02 9.719340109781767767e-01 2.835429679200962116e+00 1.251641624510147488e-01 2.835429679200962116e+00 6.289143301946635845e+00
-6.551905089641270941e+00 -1.064839439056298499e-02 1.204386178015374398e+00 -1.064839439056298499e-02 -6.531946789883030569e+00 -8.502844101111826924e-02 1.204386178015374398e+00 -8.502844101111826924e-02 -8.581870503401746175e-01
-4.469074420211100573e+00 1.387959365248717380e-01 1.929622591223891348e+00 1.387959365248717380e-01 -4.377757331396220586e+00 6.724029219673952618e-01 1.929622591223891348e+00 6.724029219673952618e-01 1.617623548678251977e+00
-3.764077589360117937e+00 -1.881319936988345709e-01 1.065037257841229684e-01 -1.881319936988345709e-01 -4.149088434911055501e+00 2.582870595005437586e-01 1.065037257841229684e-01 2.582870595005437586e-01 1.369716242495874425e+00
-7.304617567440876869e+00 -1.127877868051421206e-01 -2.229584005500528654e-01 -1.127877868051421206e-01 -7.415128889533264989e+00 -2.693897153965824742e+00 -2.229584005500528654e-01 -2.693897153965824742e+00 -1.317309805850262805e+00
-9.777625501564825683e+00 7.138459220465881438e-02 -8.330850317929241466e-01 7.138459220465881438e-02 -9.675630596252778659e+00 5.085029717755388257e-01 -8.330850317929241466e-01 5.085029717755388257e-01 -4.990882282301061679e+00
-3.066154669525969378e+00 -1.372999296386733827e-02 -3.559681695482765362e-01 -1.372999296386733827e-02 -3.162618639617653216e+00 -5.678539029203216737e-01 -3.559681695482765362e-01 -5.678539029203216737e-01 -1.402074710391826073e+00
-6.370005945925074187e+00 -7.283841707555877010e-02 1.160422045380787637e+00 -7.283841707555877010e-02 -6.309750253198902037e+00 1.328945907203819221e+00 1.160422045380787637e+00 1.328945907203819221e+00 -1.346751473705991797e+00
2.169986346389634946e+00 3.350705725521110345e-01 4.011670016777199033e-01 3.350705725521110345e-01 2.501060119195515075e+00 -9.869177032851836895e-01 4.011670016777199033e-01 -9.869177032851836895e-01 -4.303005279792887272e+00
3.967116312698455993e-01 6.807009681281631086e-02 2.726470311278496664e-02 6.807009681281631086e-02 5.985476069268644839e-01 -8.814665802099918013e-01 2.726470311278496664e-02 -8.814665802099918013e-01 -8.328425058417966653e+00
1.370284155412728966e+00 2.976760206615514659e-01 6.103509841477413600e-01 2.976760206615514659e-01 2.251055187973163285e+00 -1.330623910204359106e+00 6.103509841477413600e-01 -1.330623910204359106e+00 -5.296887204341833133e+00
3.401258301171478760e+00 -4.381502073566953537e-02 -4.359113550599154618e-01 -4.381502073566953537e-02 3.381833379643751414e+00 -3.249425117602871005e-01 -4.359113550599154618e-01 -3.249425117602871005e-01 -1.713093191362828227e+00
-1.376826416973618183e+00 -1.602919961961867812e-01 4.990815554879792337e+00 -1.602919961961867812e-01 -2.276708987517804594e+00 1.280928704430808418e+00 4.990815554879792337e+00 1.280928704430808418e+00 4.604526564780998754e+00
-5.975197791062613284e+00 -1.194387353010503139e-01 -8.777345746311792096e-01 -1.194387353010503139e-01 -6.255937016792345595e+00 -4.615343442307436317e-01 -8.777345746311792096e-01 -4.615343442307436317e-01 -4.198611628903360371e-01
-1.621225273824142388e+00 4.806207309217984669e-01 1.254272766019282503e+00 4.806207309217984669e-01 -1.221195840085279816e+00 -7.931785948870520575e-02 1.254272766019282503e+00 -7.931785948870520575e-02 4.179949505491316941e+00
-3.798872106877873467e+00 -4.557676597702499388e-02 -2.285512209140020623e+00 -4.557676597702499388e-02 -3.746543095545553648e+00 -1.989702381419865995e+00 -2.285512209140020623e+00 -1.989702381419865995e+00 -2.391085327809041594e+00
-7.064694771766377279e+00 6.415341535883783974e-02 4.915356168025216688e-01 6.415341535883783974e-02 -7.140620270032741246e+00 -5.747568729575818214e-01 4.915356168025216688e-01 -5.747568729575818214e-01 -1.620359035183246865e+00
-2.429229810276158474e+00 -1.141373908951045374e-01 5.790130188483012807e-02 -1.141373908951045374e-01 -2.474606244362293150e+00 -6.719824703802569354e-01 5.790130188483012807e-02 -6.719824703802569354e-01 3.477935239503686216e+00
-6.088879243390592499e+00 -5.348181622199404961e-01 1.876534282718760049e-01 -5.348181622199404961e-01 -6.431464809490376133e+00 -2.029608286324780797e-01 1.876534282718760049e-01 -2.029608286324780797e-01 -5.240101658971183518e-01
-7.413498289363779747e+00 4.612955883786695188e-01 4.659096657395926377e-01 4.612955883786695188e-01 -7.736519179925561929e+00 9.219228679332372445e-02 4.659096657395926377e-01 9.219228679332372445e-02 -4.342143187014603889e+00
-1.075911029054116597e+01 -1.932846085429366706e-03 2.126130693972303198e-01 -1.932846085429366706e-03 -1.075708503228599788e+01 -7.212444453326430360e-02 2.126130693972303198e-01 -7.212444453326430360e-02 -5.118098339425633192e+00
3.027761761908254634e+00 -2.603066882419843853e-02 -1.454684510806908859e+00 -2.603066882419843853e-02 2.783836812530922522e+00 1.339463717602621534e-02 -1.454684510806908859e+00 1.339463717602621534e-02 3.704786880872092070e+00
-2.019427162712258195e+00 -3.741262685539786109e-02 1.146823325845269581e+00 -3.741262685539786109e-02 -2.101957206366479092e+00 3.222400935416601664e-01 1.146823325845269581e+00 3.222400935416601664e-01 -1.072660283076823262e+00
-2.441262866010631694e+00 -5.070406399969858979e-01 1.489548344192326290e+00 -5.070406399969858979e-01 -1.343039947979868476e+00 2.477842380099014363e+00 1.489548344192326290e+00 2.477842380099014363e+00 3.738588890072262139e+00
-9.611741115371764010e+00 -1.567173186832201137e-01 4.919497568958387523e-01 -1.567173186832201137e-01 -9.439494022790169581e+00 1.684186264255569165e+00 4.919497568958387523e-01 1.684186264255569165e+00 -6.360480345284878823e+00
-2.513747869171974347e+00 -2.462657212353636799e-02 1.077468297098836403e-01 -2.462657212353636799e-02 -2.503343198216473997e+00 -8.228375717454237959e-03 1.077468297098836403e-01 -8.228375717454237959e-03 3.397433875039439499e+00
-2.490227558603194780e+00 8.774486704182512531e-01 -1.049270098874394846e-01 8.774486704182512531e-01 -2.513742744569587018e+00 1.004974450107400274e+00 -1.049270098874394846e-01 1.004974450107400274e+00 -9.310557148412442530e+00
-2.556769122736670230e+00 -1.459315169384728730e-02 -3.206468925843876105e-01 -1.459315169384728730e-02 -2.556522580049668480e+00 -5.365095175653267212e-01 -3.206468925843876105e-01 -5.365095175653267212e-01 3.350156179205083795e+00
-9.271956395917488436e+00 1.604750252339084970e-02 -3.482265673936559697e-02 1.604750252339084970e-02 -9.265335212115115127e+00 2.101611439483528840e-02 -3.482265673936559697e-02 2.101611439483528840e-02 -7.202499284575695881e+00
-3.036502183631502927e+00 -2.017721410441210630e-02 -4.737443706423337675e-01 -2.017721410441210630e-02 -3.004237631383600338e+00 3.734695510181422207e-01 -4.737443706423337675e-01 3.734695510181422207e-01 -1.014935233560980699e+00
-3.467220770262513518e-01 -2.781876924457645228e-01 2.348709809682345551e+00 -2.781876924457645228e-01 -1.320864022198919630e+00 -1.507451005789457898e+00 2.348709809682345551e+00 -1.507451005789457898e+00 6.082466251201971374e+00
-5.448644444801942655e+00 -9.610073701409747871e-02 -9.421967708362766203e-01 -9.610073701409747871e-02 -5.318923187359169802e+00 1.187258562730977851e-01 -9.421967708362766203e-01 1.187258562730977851e-01 4.571718540260086838e-01
9.699187400299467965e-02 -5.279979577138267481e-03 -1.406882567103458492e-01 -5.279979577138267481e-03 2.417843017127890848e-01 -1.566726754168414337e-01 -1.406882567103458492e-01 -1.566726754168414337e-01 -7.410528275036875279e+00
-1.151153618030783221e+01 -6.140795372078236558e-02 9.604974373071364369e-01 -6.140795372078236558e-02 -1.144959399988343485e+01 -1.189189920301004122e+00 9.604974373071364369e-01 -1.189189920301004122e+00 -7.433736463605917777e+00
-1.276829135129669557e-01 1.230437098084681408e-01 9.542360917547650923e-01 1.230437098084681408e-01 -8.897820882869283965e-02 1.170366283005799035e+00 9.542360917547650923e-01 1.170366283005799035e+00 5.476622928750696673e+00
-2.057360692367177002e+00 -4.495864374417806175e-01 2.892160163370925408e-01 -4.495864374417806175e-01 -1.790414859011271176e+00 -5.595380568509329411e-01 2.892160163370925408e-01 -5.595380568509329411e-01 -5.762870660887514873e+00
-8.150862194035699559e-01 -1.782723680721311488e-01 6.975193554616070379e-01 -1.782723680721311488e-01 -1.095934550790486961e+00 6.525312265142225732e-01 6.975193554616070379e-01 6.525312265142225732e-01 -1.161807140258919624e+01
-7.616279603167455114e-01 -2.309517679329848305e-01 2.230238007629048169e-01 -2.309517679329848305e-01 -1.801021006283230586e+00 -9.390509041817228786e-01 2.230238007629048169e-01 -9.390509041817228786e-01 3.279593488919238631e+00
-3.425563571677054053e+00 1.871764104705695153e-01 -2.231049622414258138e-01 1.871764104705695153e-01 -3.098928953368643047e+00 2.941940444523724274e+00 -2.231049622414258138e-01 2.941940444523724274e+00 2.770301476737277557e+00
-4.447791380582140075e-01 4.172320082875136810e-02 -2.345474993815253525e-02 4.172320082875136810e-02 -3.964068718469715424e-01 1.594415305081767209e-01 -2.345474993815253525e-02 1.594415305081767209e-01 -9.464868137877084919e+00
1.706406576606118941e+00 4.539884038669772526e-02 1.102967016048008952e+00 4.539884038669772526e-02 1.833906885315076396e+00 -7.051425597044811422e-01 1.102967016048008952e+00 -7.051425597044811422e-01 2.053212837795617141e+00
-5.966657669828076216e+00 2.384714618354613277e-02 -7.933536790698306751e-01 2.384714618354613277e-02 -6.014652066414326370e+00 3.736769308085139407e-01 -7.933536790698306751e-01 3.736769308085139407e-01 -6.225883500741341336e+00
1.132808201782009405e+01 1.363087315366432210e-03 -4.271061129581519844e-01 1.363087315366432210e-03 1.157099097807094168e+01 -1.189785990765690249e+00 -4.271061129581519844e-01 -1.189785990765690249e+00 1.113170430503545205e+01
8.257398014847884937e+00 2.212984918099932669e-02 -2.020296359398529307e-01 2.212984918099932669e-02 8.237219442210699683e+00 -1.692699441004200944e-01 -2.020296359398529307e-01 -1.692699441004200944e-01 6.172122828110330417e+00
6.608474494224670925e-01 1.596990331005686825e-01 -2.360194812449591673e-01 1.596990331005686825e-01 1.789843235323578030e+00 1.962930990547324228e+00 -2.360194812449591673e-01 1.962930990547324228e+00 1.319612800242169426e+00
6.339991130435966848e-01 6.832787712190812289e-03 -1.226129169363107813e-01 6.832787712190812289e-03 6.888633690577395940e-01 4.009831005630796197e-01 -1.226129169363107813e-01 4.009831005630796197e-01 -6.974998612602113290e+00
-4.392536672301711853e+00 2.698508111215038863e-01 1.273089984064890379e+00 2.698508111215038863e-01 -4.370604101859584922e+00 -1.659035187315579390e-02 1.273089984064890379e+00 -1.659035187315579390e-02 -6.078585064132942861e+00
-1.158797535933067735e+01 -5.596065463926714646e-03 8.423597419398881625e-02 -5.596065463926714646e-03 -1.158295170433143184e+01 1.157373790430783062e-03 8.423597419398881625e-02 1.157373790430783062e-03 -6.261969637839643887e+00
3.066053012644683218e+00 1.380547274084673211e-02 -6.218958459089946045e-01 1.380547274084673211e-02 3.046394338962150172e+00 -3.355306621292135083e-01 -6.218958459089946045e-01 -3.355306621292135083e-01 -2.258577924597201747e+00
3.652018417409402584e+00 1.229990127684464224e-01 -4.532113752680165530e-02 1.229990127684464224e-01 3.817431386613527433e+00 2.842296482276959191e-01 -4.532113752680165530e-02 2.842296482276959191e-01 4.097788619540017940e+00
-6.652963340958893745e+00 -2.064939810771167783e-01 -6.373557568501045933e-01 -2.064939810771167783e-01 -6.622668767588947958e+00 1.305053611576732497e-01 -6.373557568501045933e-01 1.305053611576732497e-01 -6.316252211860764465e-01
-5.723477357035553936e+00 -2.036920395056347755e-02 1.780751803952523027e-01 -2.036920395056347755e-02 -5.699934752445400044e+00 -6.165337781308138920e-01 1.780751803952523027e-01 -6.165337781308138920e-01 -5.933366370081195385e+00
3.375961186373167777e+00 3.210457071685845348e-02 -2.659691110277223602e-01 3.210457071685845348e-02 3.415273819658332766e+00 -1.272453981233093168e-01 -2.659691110277223602e-01 -1.272453981233093168e-01 4.155173744364126343e+00
-7.600518716289072607e+00 -1.997643276790102285e-02 1.033381769633193309e-01 -1.997643276790102285e-02 -7.597507710295818839e+00 2.821934372120717405e-01 1.033381769633193309e-01 2.821934372120717405e-01 -4.531137815835140081e+00
-4.338656314647623802e+00 9.205481595819221818e-02 2.948701463967666192e-01 9.205481595819221818e-02 -3.989355432954911684e+00 4.824489619160549081e-01 2.948701463967666192e-01 4.824489619160549081e-01 -9.847795419420446450e+00
-5.300387209532462229e+00 -1.147671929574342435e-02 3.313196770811266401e-01 -1.147671929574342435e-02 -5.266261417141938850e+00 -3.832508510289954484e-02 3.313196770811266401e-01 -3.832508510289954484e-02 1.962206311581368018e-02
-5.965598863792096473e+00 2.396181809341862146e-01 1.586951649273429021e+00 2.396181809341862146e-01 -5.610771594411908758e+00 -3.320456396702456958e-01 1.586951649273429021e+00 -3.320456396702456958e-01 -3.349378369298131375e+00
-7.272039436205185226e+00 -5.603814430315705308e-02 4.370129889637875548e-02 -5.603814430315705308e-02 -7.343228876162516627e+00 -1.488342459582930044e-01 4.370129889637875548e-02 -1.488342459582930044e-01 -1.059389657499810511e+00
-6.529419553490453332e+00 2.990671207433382231e-02 1.772334489873703900e+00 2.990671207433382231e-02 -5.370437878548265154e+00 -3.537169305999835700e+00 1.772334489873703900e+00 -3.537169305999835700e+00 1.176869285998336512e+00
-7.140096511079904396e+00 2.938302382642515864e-01 -2.077533281422305755e+00 2.938302382642515864e-01 -7.453890454485198269e+00 1.408291961738322495e+00 -2.077533281422305755e+00 1.408291961738322495e+00 -4.683474715802117494e+00
3.817660253685962068e+00 -1.395279934134728006e-01 -3.413027950818465217e-01 -1.395279934134728006e-01 3.641027361975807342e+00 -2.817416987458383759e-01 -3.413027950818465217e-01 -2.817416987458383759e-01 -8.660572449807175666e-01
-6.558948487523134085e-01 -5.451462219828830807e-02 -3.023481419366475312e-02 -5.451462219828830807e-02 -5.863936580986351954e-01 -1.072677275459702040e+00 -3.023481419366475312e-02 -1.072677275459702040e+00 -9.539269417643613025e+00
-2.748965717897978944e+00 4.572409097985524577e-03 -3.865003489467997433e-01 4.572409097985524577e-03 -2.637881082059505555e+00 -2.462693253414741934e-01 -3.865003489467997433e-01 -2.462693253414741934e-01 2.968943086429856937e+00
-4.174220704947650518e+00 -4.037369237576368675e-02 5.522269001918312936e-01 -4.037369237576368675e-02 -4.101933127694176839e+00 6.127602524920932048e-01 5.522269001918312936e-01 6.127602524920932048e-01 1.670358876475857013e+00
-4.586618700537201221e+00 -1.085068113323015048e-03 -1.398728203277943560e-01 -1.085068113323015048e-03 -4.511033290301587506e+00 7.822152506546110606e-01 -1.398728203277943560e-01 7.822152506546110606e-01 1.271288295325186279e+00
-1.185963794677285499e+01 -1.684990662845677750e-02 -5.005618464240544491e-02 -1.684990662845677750e-02 -1.197836105605297163e+01 -1.615393828583509828e-01 -5.005618464240544491e-02 -1.615393828583509828e-01 -6.291491079769101269e+00
-6.979612175660165896e+00 1.079675046623566198e-01 -4.082156959630376947e-01 1.079675046623566198e-01 -5.780863249228433531e+00 1.726329323764314250e+00 -4.082156959630376947e-01 1.726329323764314250e+00 -3.084740540934924891e+00
-2.904478222489350059e-01 6.298972318280321447e-02 -5.741250949111577073e-01 6.298972318280321447e-02 -2.193915410651919584e-01 1.430145948359351216e-01 -5.741250949111577073e-01 1.430145948359351216e-01 -8.850405644765375612e+00
-9.968096349041238868e-01 -6.375913046653285815e-03 -2.240485037961681969e-01 -6.375913046653285815e-03 -1.017638243994627878e+00 -2.264365346038038351e-01 -2.240485037961681969e-01 -2.264365346038038351e-01 -1.092862623995882565e+01
5.450643223399347370e+00 9.417943210934925924e-02 -3.615388980989239220e-01 9.417943210934925924e-02 5.558673355723311005e+00 1.368722941499661339e+00 -3.615388980989239220e-01 1.368722941499661339e+00 2.324468939966075620e+00
-8.060937131575311554e+00 -2.011407912143854670e-01 1.624070716635762190e+00 -2.011407912143854670e-01 -8.085212769616189732e+00 9.803362225719600698e-01 1.624070716635762190e+00 9.803362225719600698e-01 -5.462649743401112978e+00
-2.966720417734575177e-01 2.193757812516202582e-02 5.829372753132527896e-01 2.193757812516202582e-02 -3.184832703476407345e-01 8.977783825174613375e-01 5.829372753132527896e-01 8.977783825174613375e-01 -1.000402454290158616e+01
5.358132875651521188e-01 -9.865153202074916639e-02 -3.449606427740583570e-01 -9.865153202074916639e-02 5.764484018516807806e-01 -7.408038977648995216e-02 -3.449606427740583570e-01 -7.408038977648995216e-02 -8.217119975379342023e+00
-3.552599604216162277e+00 -2.081655585285078214e-01 -5.820553801964857277e-01 -2.081655585285078214e-01 -3.732045278911236164e+00 3.715097036309324974e-01 -5.820553801964857277e-01 3.715097036309324974e-01 2.140614775563062511e-01
5.031847706021390643e+00 -2.849060210372739710e-01 -2.857667896740717639e-01 -2.849060210372739710e-01 4.932785132728261246e+00 2.177814632288418810e-03 -2.857667896740717639e-01 2.177814632288418810e-03 5.950020513338906802e+00
3.841301806917948980e+00 9.503361800998415265e-02 -2.726080328823964893e-01 9.503361800998415265e-02 4.163594470307621975e+00 -1.885996917474906942e-01 -2.726080328823964893e-01 -1.885996917474906942e-01 5.268625707333374208e+00
-6.012524540214893243e+00 -1.171775729976524544e-01 9.470439459827036943e-01 -1.171775729976524544e-01 -6.115151629165381131e+00 3.657995128126664830e-01 9.470439459827036943e-01 3.657995128126664830e-01 -6.315705882821884387e+00
-3.430274067678127925e-01 2.268533884440512849e-01 -1.135533929746633364e+00 2.268533884440512849e-01 -4.279694544126304567e-01 6.390437510770325957e-01 -1.135533929746633364e+00 6.390437510770325957e-01 5.874019220249065754e+00
-6.150025116341439890e+00 -1.834170554842691134e-02 -2.948833430485860996e-01 -1.834170554842691134e-02 -6.188586338540447152e+00 -6.349065849925404625e-02 -2.948833430485860996e-01 -6.349065849925404625e-02 -9.544966345770863891e-02
8.785645019604073624e+00 2.778724284240855491e-01 5.750178417512551432e-01 2.778724284240855491e-01 9.067309963950652474e+00 -1.517782382224190707e+00 5.750178417512551432e-01 -1.517782382224190707e+00 6.986530649135627158e+00
-4.445526359821538875e+00 -6.598230275294632297e-02 -5.452382567593067053e-01 -6.598230275294632297e-02 -4.474483140723425123e+00 -1.141077492165592649e-01 -5.452382567593067053e-01 -1.141077492165592649e-01 -3.308385605971897458e+00
