-7.212886027669283884e+00 -1.994913567962506962e+00 -3.618792337278502913e+00 -1.994913567962506962e+00 -6.648587257687109009e+00 2.516480315240114396e-01 -3.618792337278502913e+00 2.516480315240114396e-01 -2.042140005649232926e+00
2.713171270521106493e+01 -1.965474389178458736e-01 -1.592668403608308969e+00 -1.965474389178458736e-01 4.290927888317749250e+01 -1.311008772459413274e+00 -1.592668403608308969e+00 -1.311008772459413274e+00 2.703801705618285922e+01
1.741572144934367117e+01 -8.793635627125269139e-01 1.097159667192060262e+00 -8.793635627125269139e-01 3.921335828561169734e+01 1.255802806436270291e+00 1.097159667192060262e+00 1.255802806436270291e+00 1.216447839724965796e+01
1.271853304136971374e+01 -2.657257606814436013e-01 -5.621899270244233193e+00 -2.657257606814436013e-01 2.937996635860377026e+01 3.189897332798256713e+00 -5.621899270244233193e+00 3.189897332798256713e+00 1.106205197358653258e+01
1.124684776831202271e+01 7.554830451422466453e+00 -4.969135047891779955e+00 7.554830451422466453e+00 9.946588718608399660e+00 -5.510728513817325869e+00 -4.969135047891779955e+00 -5.510728513817325869e+00 -1.733860399155263021e+00
2.038979998710198416e+01 -5.598134359532461746e-01 1.048629661030365368e+00 -5.598134359532461746e-01 2.586337552823145103e+01 3.244387482336595685e+00 1.048629661030365368e+00 3.244387482336595685e+00 2.014986185786797535e+01
1.869763714447825009e+01 3.661041488951929157e+00 9.165075827132884712e+00 3.661041488951929157e+00 4.378866420668557247e+00 6.601810674208882901e+00 9.165075827132884712e+00 6.601810674208882901e+00 1.184976034532329159e+01
2.630991066920455523e+01 5.026424440149800610e+00 -1.263877728928431088e+00 5.026424440149800610e+00 4.330307048861929786e+01 -5.777424423674466958e+00 -1.263877728928431088e+00 -5.777424423674466958e+00 2.085943811291490135e+01
-6.464627234871486827e+00 -2.614632793466412863e+00 7.697991462021563924e-01 -2.614632793466412863e+00 -1.080111398649201782e+01 7.462198811915845553e-01 7.697991462021563924e-01 7.462198811915845553e-01 -8.072687484052895046e-01
2.647207127488841039e+01 2.836325633863339579e+00 3.129930297251289684e+00 2.836325633863339579e+00 9.432036100509840537e+00 -6.112809155233589475e-01 3.129930297251289684e+00 -6.112809155233589475e-01 7.112748105752827676e+00
1.227158140475476955e+01 -4.787001805275031607e+00 -6.015169815448948576e+00 -4.787001805275031607e+00 4.716210613392308737e+00 1.068211107589890130e+00 -6.015169815448948576e+00 1.068211107589890130e+00 2.647248885285093944e+00
-3.978580200911953302e+00 -3.026987023081095796e+00 -8.755789227573535172e+00 -3.026987023081095796e+00 -1.316554108632069031e+01 4.070030459174940773e+00 -8.755789227573535172e+00 4.070030459174940773e+00 -1.254325829107406065e+01
3.965333635500208675e+00 8.845076763306176204e+00 -4.098435237132018294e+00 8.845076763306176204e+00 5.089401466472449620e+00 1.778014190263169425e+00 -4.098435237132018294e+00 1.778014190263169425e+00 1.186794635234639905e+01
1.718636741657619282e+01 1.978214365431743449e+00 1.692671419004269762e+00 1.978214365431743449e+00 4.078409445249492649e+01 -9.252495542553001329e+00 1.692671419004269762e+00 -9.252495542553001329e+00 2.388659041948292838e+01
1.760656030575689712e+01 7.845911890754065254e+00 -3.737675226215587898e+00 7.845911890754065254e+00 1.263050919032393615e+01 -3.520553725924767452e+00 -3.737675226215587898e+00 -3.520553725924767452e+00 1.579087641300161771e+01
2.404607341330114423e+01 7.569760236820645138e-01 5.767640448605191317e-01 7.569760236820645138e-01 4.346272328779382832e+01 -3.464524474152813394e+00 5.767640448605191317e-01 -3.464524474152813394e+00 2.550904517988028886e+01
2.419561402299064135e+00 -3.412619911975202314e+00 1.959122047960989876e+00 -3.412619911975202314e+00 4.899277048135856738e+00 -8.819421182136874648e+00 1.959122047960989876e+00 -8.819421182136874648e+00 7.965344445163590414e+00
3.845238953448882313e+01 -3.327879571858590957e+00 4.186703811326741409e+00 -3.327879571858590957e+00 4.591529867063017178e+01 -2.826554210040391979e+00 4.186703811326741409e+00 -2.826554210040391979e+00 2.606160320088559956e+01
7.290849451600835973e-01 2.892378844246410896e+00 1.247963368018033758e+00 2.892378844246410896e+00 1.287686172545006791e+01 -3.760439289656743456e-01 1.247963368018033758e+00 -3.760439289656743456e-01 2.556625705735182219e+00
9.457302448820147589e+00 3.578957557917736398e+00 -3.117381723430712182e+00 3.578957557917736398e+00 -2.807852063064118386e+00 -4.174520677106818844e-01 -3.117381723430712182e+00 -4.174520677106818844e-01 -8.063565568429686081e+00
2.468946966170959101e+01 -4.686125020657239126e+00 5.364011235773428865e+00 -4.686125020657239126e+00 4.891027038216163447e+01 1.085079293596286476e+01 5.364011235773428865e+00 1.085079293596286476e+01 2.707997973411475101e+01
5.004099159522786167e+00 -1.920818080091277746e+00 -3.801024030352315730e-01 -1.920818080091277746e+00 7.024369584057840399e+00 3.670132815520335878e+00 -3.801024030352315730e-01 3.670132815520335878e+00 -4.805549772937564690e+00
-3.397862880626919768e+00 4.902834965789014454e+00 3.706336608483570494e+00 4.902834965789014454e+00 9.834481618695519956e+00 4.396850412364361027e+00 3.706336608483570494e+00 4.396850412364361027e+00 7.503146772485956184e+00
1.698777901660295697e+01 -1.993212829426708632e+00 -6.407135424611949404e+00 -1.993212829426708632e+00 -1.061703383935556744e+00 3.936571584983743932e+00 -6.407135424611949404e+00 3.936571584983743932e+00 2.142995111369549566e+00
4.005366284451184478e-01 -2.181190172206257938e-01 -1.624788948471463268e+00 -2.181190172206257938e-01 7.939571840510911471e+00 -6.664561530253542143e-01 -1.624788948471463268e+00 -6.664561530253542143e-01 -1.251851881989271398e+01
2.575450959782979865e+01 -1.847242440962073573e+00 2.498331769337447383e+00 -1.847242440962073573e+00 3.781630687748013031e+01 -4.933884410040824342e+00 2.498331769337447383e+00 -4.933884410040824342e+00 3.193204435625481707e+01
-3.441610140005882279e+00 -1.770845919751324660e+00 2.554415470964703339e+00 -1.770845919751324660e+00 -6.142796574276947474e+00 5.392688073196524101e+00 2.554415470964703339e+00 5.392688073196524101e+00 1.055101725325053863e+01
1.064080608018257479e+01 2.377285286724767133e+00 1.140279721613873809e+00 2.377285286724767133e+00 4.058331469019846871e+00 6.377829186465535649e+00 1.140279721613873809e+00 6.377829186465535649e+00 -2.104881980988932977e+00
3.711916348618557038e+01 -2.180884723784532131e+00 -1.458740745492874913e+00 -2.180884723784532131e+00 3.827548414058882287e+01 3.970886849378972183e+00 -1.458740745492874913e+00 3.970886849378972183e+00 3.003945613768019030e+01
1.578522718864299001e+01 4.276335013146988828e+00 -3.125838888473458255e+00 4.276335013146988828e+00 6.060282881840437064e+00 -1.079562393611606552e+01 -3.125838888473458255e+00 -1.079562393611606552e+01 2.191957201033809088e+00
1.889902628644614557e+00 -6.303656851330805999e+00 -2.202255537358401849e+00 -6.303656851330805999e+00 2.947869473555625230e+00 4.463177655105003971e+00 -2.202255537358401849e+00 4.463177655105003971e+00 -7.041194566636398200e+00
-1.926570975927216933e+00 -4.418731982376085110e-01 8.803476836169076281e-01 -4.418731982376085110e-01 -6.252029014201602175e-01 -7.409956669121680051e+00 8.803476836169076281e-01 -7.409956669121680051e+00 -7.437855588492463532e+00
9.459285290873674867e+00 3.650735520264209555e+00 3.146983529722519046e-01 3.650735520264209555e+00 2.181855442211986684e+01 -6.685309835872405237e+00 3.146983529722519046e-01 -6.685309835872405237e+00 5.146838576537822618e+00
1.736692459637652064e+01 3.112082099393303491e-01 -8.806006062262716760e-01 3.112082099393303491e-01 1.501976528695920088e+01 -8.024177342737571550e+00 -8.806006062262716760e-01 -8.024177342737571550e+00 5.068215074989137037e+00
-3.106495080100610262e-01 7.750122132405962816e+00 8.587398659720230754e+00 7.750122132405962816e+00 -3.270617583060225098e+00 7.340759548059248019e+00 8.587398659720230754e+00 7.340759548059248019e+00 3.590803063962480834e+00
1.252674704181481324e+01 -1.519580064346472525e+00 -9.849252801757112374e-01 -1.519580064346472525e+00 1.681565999162689806e+01 3.805844085429609613e+00 -9.849252801757112374e-01 3.805844085429609613e+00 2.858996489638881755e+01
3.726076717723575626e+01 -3.274778192886141914e-01 5.590863512543923441e+00 -3.274778192886141914e-01 3.262726578766024232e+01 -6.945791522747261082e-01 5.590863512543923441e+00 -6.945791522747261082e-01 2.625534021169271526e+01
3.326463716093788037e+01 -2.720352056488505088e+00 8.331524592256215556e+00 -2.720352056488505088e+00 4.528192330904121832e+01 -3.333232773275457195e+00 8.331524592256215556e+00 -3.333232773275457195e+00 2.595121339608643396e+01
4.185941444272621936e+01 -2.346179006025356450e+00 -6.941932001018572329e+00 -2.346179006025356450e+00 3.476315383480098831e+01 -5.810341477251195208e+00 -6.941932001018572329e+00 -5.810341477251195208e+00 3.797838893621762679e+01
3.225946055955489555e+01 1.630379241372289956e+00 -2.326821382477826550e+00 1.630379241372289956e+00 2.984704257573946862e+01 -2.571140929300215205e+00 -2.326821382477826550e+00 -2.571140929300215205e+00 1.493369248184094467e+01
9.177588915782562751e+00 3.699585445106302606e-01 4.361126567849100688e+00 3.699585445106302606e-01 1.489393533845158402e+01 1.000897219957270545e+00 4.361126567849100688e+00 1.000897219957270545e+00 5.084756466357703175e+00
2.804406885510223102e+00 9.581210517322801934e+00 -2.280400356744509249e+00 9.581210517322801934e+00 1.439497272619031953e+01 -5.088674936121267756e+00 -2.280400356744509249e+00 -5.088674936121267756e+00 -6.617561570923593095e+00
2.949356384882330318e+01 4.101638114237544208e+00 -1.072983130897530835e+00 4.101638114237544208e+00 4.115729317496902695e+01 3.803017962563052912e+00 -1.072983130897530835e+00 3.803017962563052912e+00 2.098329267300098167e+01
-6.488811886584733735e+00 -6.075581996956292974e-01 7.562765024442336115e-01 -6.075581996956292974e-01 3.778633565850343601e+00 8.211704901889479657e+00 7.562765024442336115e-01 8.211704901889479657e+00 -1.587109052587449831e+00
2.209328653515419916e+01 2.486135378579774180e+00 8.558197382161127464e+00 2.486135378579774180e+00 1.709084158449385171e+01 -2.178822957950949490e+00 8.558197382161127464e+00 -2.178822957950949490e+00 1.290318367208449502e+01
-7.712391991417710813e+00 3.864669898184508234e+00 2.410992337692582588e+00 3.864669898184508234e+00 1.140405712923223902e+01 -3.119336567268819138e+00 2.410992337692582588e+00 -3.119336567268819138e+00 -5.175774729830450172e-01
2.443533131192556596e+01 4.099576814762598609e+00 4.701344871287574279e+00 4.099576814762598609e+00 3.887845890495274404e+01 7.035156702791552696e+00 4.701344871287574279e+00 7.035156702791552696e+00 3.177465582741160688e+01
1.342805233175345947e+01 4.066588967516276298e+00 2.747114431630302445e+00 4.066588967516276298e+00 4.048804181933503799e+01 8.967403053389317868e-01 2.747114431630302445e+00 8.967403053389317868e-01 2.476888381998784183e+01
-7.207723803224422854e-01 -1.613346571520251960e+00 4.400831329500241473e+00 -1.613346571520251960e+00 1.634005863531976388e+01 -6.519551144094207551e+00 4.400831329500241473e+00 -6.519551144094207551e+00 -1.161044078072340086e-01
4.353056117991568330e-01 -2.003861095706100492e+00 -2.772206123188452942e+00 -2.003861095706100492e+00 2.508129745641866748e+01 -1.545558714896053898e+00 -2.772206123188452942e+00 -1.545558714896053898e+00 -7.442573459112550083e+00
5.726697978378942899e+00 -2.547347267888984135e+00 -5.179213045268444837e-01 -2.547347267888984135e+00 1.546190232554759802e+01 4.621728540175373823e+00 -5.179213045268444837e-01 4.621728540175373823e+00 2.823101548666089311e+00
1.567485323376169326e+01 1.095558482462498873e+00 -2.149289903279527625e+00 1.095558482462498873e+00 4.073458155793116475e+01 -1.343360491780432042e+00 -2.149289903279527625e+00 -1.343360491780432042e+00 2.101961425555870733e+01
2.154636049515586649e+01 9.643101306844936715e+00 -3.697304000017705317e+00 9.643101306844936715e+00 1.034172810921243091e+01 2.787727862954090252e+00 -3.697304000017705317e+00 2.787727862954090252e+00 -6.934527098732535144e+00
2.149427123881358526e+01 9.343164936558585598e-01 -1.095240857199323958e+00 9.343164936558585598e-01 3.944672331153294209e+01 -1.694449472958159841e+00 -1.095240857199323958e+00 -1.694449472958159841e+00 1.812719658456109073e+01
-7.663624428334546046e+00 -2.468599130741914838e+00 -4.645615905536842893e-02 -2.468599130741914838e+00 7.301175519909898881e+00 -3.951268942045735866e-01 -4.645615905536842893e-02 -3.951268942045735866e-01 -1.027692707710615139e+01
-6.039752081482496315e+00 -3.934676564592031855e+00 4.660432329328459744e+00 -3.934676564592031855e+00 -1.389165259409720132e+00 -2.489702878954403342e+00 4.660432329328459744e+00 -2.489702878954403342e+00 1.747078202958108673e+00
8.646005062185350143e-01 -4.815017063622916704e-01 -2.883601418294619911e+00 -4.815017063622916704e-01 3.844773787678826160e+00 4.589552287726076152e+00 -2.883601418294619911e+00 4.589552287726076152e+00 4.082232221724913401e+00
-6.923898723469963379e+00 2.213537791624615725e+00 -3.254720309092471897e+00 2.213537791624615725e+00 5.125909137402024918e-01 8.200661819645670647e+00 -3.254720309092471897e+00 8.200661819645670647e+00 6.851307955379982495e+00
-2.046537248378132445e-01 -4.589970640640092192e+00 -2.304596695896155845e-01 -4.589970640640092192e+00 5.318691421834083499e+00 -2.059529477016461829e+00 -2.304596695896155845e-01 -2.059529477016461829e+00 5.650850983023598673e+00
2.746203468008392790e+01 -1.382049581883325118e+01 1.375402009877441856e+01 -1.382049581883325118e+01 3.512834089014427974e+01 -3.984336963513491536e+00 1.375402009877441856e+01 -3.984336963513491536e+00 1.514257700329158318e+01
2.641899427617039464e+01 1.588823491860686499e+00 -1.036257424024538687e-01 1.588823491860686499e+00 3.963002980527659247e+01 -5.784292578121080775e-01 -1.036257424024538687e-01 -5.784292578121080775e-01 2.416362308848747276e+01
5.539878157902766276e+00 6.002255168298823662e+00 -2.027393696315477278e+00 6.002255168298823662e+00 1.000676208016504987e+01 -2.423799190624955191e+00 -2.027393696315477278e+00 -2.423799190624955191e+00 3.187057706746515784e+00
1.103335094393656846e+01 2.274424376656652758e+00 -5.012732143834190524e+00 2.274424376656652758e+00 2.818359870930245847e+01 3.971051667486681147e+00 -5.012732143834190524e+00 3.971051667486681147e+00 -8.641631157749536385e-01
1.073976521095473657e+01 4.559373839223118452e+00 -5.618568304775481970e+00 4.559373839223118452e+00 8.782511238782017671e+00 1.811229636080760264e+00 -5.618568304775481970e+00 1.811229636080760264e+00 -3.878456220853452763e+00
3.961479408830632098e-01 1.548075130934673638e+00 6.039014674947825512e+00 1.548075130934673638e+00 5.507086025333704171e+00 1.179121818275968003e+01 6.039014674947825512e+00 1.179121818275968003e+01 -3.715857049972505433e+00
-9.509937358000520646e+00 2.785165418492642431e+00 -2.791170534128358138e+00 2.785165418492642431e+00 2.661378886185613801e+00 -1.195771806803360038e+00 -2.791170534128358138e+00 -1.195771806803360038e+00 -8.664373796379114978e+00
3.610738328088826421e+01 -6.894537497457986497e+00 -1.156440346236085404e+01 -6.894537497457986497e+00 2.054408794894353107e+01 6.548547261206299375e+00 -1.156440346236085404e+01 6.548547261206299375e+00 1.726172515655017747e+01
1.249127558500061141e+01 -3.764236762532183755e-01 2.899261036030612360e+00 -3.764236762532183755e-01 1.778372122287410706e+00 3.180100464056146325e+00 2.899261036030612360e+00 3.180100464056146325e+00 9.757741715277974848e+00
-2.206580318259338647e+00 -2.911897597459290665e+00 -3.786319981966045578e+00 -2.911897597459290665e+00 2.462461744837399102e+00 6.213855050250310263e+00 -3.786319981966045578e+00 6.213855050250310263e+00 -3.855882117646912910e+00
-8.343274535656556523e+00 -1.210117403128143643e+00 3.217415577419180939e-01 -1.210117403128143643e+00 2.803223800482904426e+00 -7.710789097424886052e-01 3.217415577419180939e-01 -7.710789097424886052e-01 3.724944360757604933e+00
4.048119875350312213e+01 1.668249100654430883e+00 1.589513046708448174e+00 1.668249100654430883e+00 3.841802572722825460e+01 6.691134713662745259e-01 1.589513046708448174e+00 6.691134713662745259e-01 3.209294372262583295e+01
1.298053706788472716e+01 -5.905834709058606080e+00 -1.468598876871233250e-01 -5.905834709058606080e+00 1.757223144158494677e+01 -3.943957401446177791e+00 -1.468598876871233250e-01 -3.943957401446177791e+00 1.700882143960226145e+01
1.980968093119911444e+01 -1.870015433422781426e+00 -6.769787384840895150e-01 -1.870015433422781426e+00 3.342108218357721228e+01 3.383747344520027234e+00 -6.769787384840895150e-01 3.383747344520027234e+00 2.134749785758108231e+01
1.674709682404431987e+01 -2.603696690586387950e-03 -7.238853182239313178e-01 -2.603696690586387950e-03 4.363505134520017492e+01 1.294965009214632257e-01 -7.238853182239313178e-01 1.294965009214632257e-01 2.370483943791709436e+01
1.111735794063552696e+01 3.194596494670565168e+00 2.461468614181976822e+00 3.194596494670565168e+00 2.182631945431565157e+01 3.985084303691085239e+00 2.461468614181976822e+00 3.985084303691085239e+00 5.706637815814030290e+00
-5.115980214365845491e+00 5.167455113231386399e+00 9.704436568989573075e+00 5.167455113231386399e+00 -9.273309817197281646e+00 4.413360508355308909e+00 9.704436568989573075e+00 4.413360508355308909e+00 -7.290618210686329093e+00
5.318143327838915191e+00 -3.424511257244285289e+00 -3.117508534556198696e-01 -3.424511257244285289e+00 9.008263512875915424e+00 -5.938968424072583296e+00 -3.117508534556198696e-01 -5.938968424072583296e+00 2.898551875733374583e+00
6.081321563823420817e+00 8.847122462920982144e+00 -1.220957557029302976e+00 8.847122462920982144e+00 1.818734468541412852e+01 -3.963836271549190382e+00 -1.220957557029302976e+00 -3.963836271549190382e+00 1.592839129262316966e+00
1.058529696612365001e+01 -3.233923437711572202e+00 2.292015992482312914e+00 -3.233923437711572202e+00 1.290428210244642138e+01 -2.414723353267224315e+00 2.292015992482312914e+00 -2.414723353267224315e+00 5.529293745505156288e+00
3.829687070728851239e+01 5.132747950676729509e+00 -6.261181667160963249e-01 5.132747950676729509e+00 4.889262672815466715e+01 -2.132514977770517905e+00 -6.261181667160963249e-01 -2.132514977770517905e+00 2.221845327894899214e+01
2.848068518348394917e+01 -6.204646480940301245e+00 7.352871783806219641e-01 -6.204646480940301245e+00 4.049956781659191307e+01 -5.541139478265734830e+00 7.352871783806219641e-01 -5.541139478265734830e+00 2.173710948792057351e+01
4.668148501986317811e+00 -9.823642875290704291e-02 -3.141359546912178002e-01 -9.823642875290704291e-02 1.663935695035304030e-01 -1.025816719992013626e+00 -3.141359546912178002e-01 -1.025816719992013626e+00 4.778550535646808761e+00
3.660979661637200167e+01 3.892026651529478798e+00 2.258195339695566517e+00 3.892026651529478798e+00 3.828978950861296227e+01 -3.104136283624312931e+00 2.258195339695566517e+00 -3.104136283624312931e+00 2.354220316532464352e+01
-2.549387380183918417e+00 -5.427355891688786516e-01 -1.108113129749065617e+00 -5.427355891688786516e-01 8.061840661506897376e+00 3.016064551750203826e+00 -1.108113129749065617e+00 3.016064551750203826e+00 5.494859364052077311e+00
5.757788963041987174e+00 4.234563035662769481e-01 4.926431222457725134e+00 4.234563035662769481e-01 -8.170311494388833751e+00 -5.772220239864275015e+00 4.926431222457725134e+00 -5.772220239864275015e+00 -5.617318323589487461e-01
-9.698137276303320231e-01 -3.434291217358001802e+00 2.758617641035253865e+00 -3.434291217358001802e+00 9.007863668271113289e-01 -1.535136639115053159e+00 2.758617641035253865e+00 -1.535136639115053159e+00 3.928101700283966213e+00
5.089096314544411825e+01 3.275219700964521419e+00 9.619155404902091533e+00 3.275219700964521419e+00 3.472984125590790683e+01 -1.851367357189784402e+00 9.619155404902091533e+00 -1.851367357189784402e+00 2.626685935788911763e+01
1.900620890327106594e+01 -2.884543586874738885e+00 -2.133142061840806569e+00 -2.884543586874738885e+00 3.653825169241372350e+01 1.349531585887406626e+00 -2.133142061840806569e+00 1.349531585887406626e+00 1.804428562393058044e+01
-4.039631846923390057e+00 -7.504169755735599912e-02 1.043392522775096865e+01 -7.504169755735599912e-02 -5.156572425948888316e+00 -7.043653705498759132e-01 1.043392522775096865e+01 -7.043653705498759132e-01 9.224928144159870058e+00
