-7.324327077244550566e+00 2.069224527233997080e+00 1.854228367339248340e+00 2.069224527233997080e+00 -7.137810117873098825e+00 5.735071073092611327e-01 1.854228367339248340e+00 5.735071073092611327e-01 -6.068591468966894276e+00
1.885808278900396262e+00 4.974352552784330750e-02 -6.070057868761500330e-01 4.974352552784330750e-02 -6.585230330776515650e+00 -1.810556129215210364e+00 -6.070057868761500330e-01 -1.810556129215210364e+00 -2.055830339365111392e+00
-3.180755892858699418e+00 -2.580804812452856201e+00 -2.485075439539334297e-01 -2.580804812452856201e+00 -6.078789029862496918e+00 1.678518366587269606e+00 -2.485075439539334297e-01 1.678518366587269606e+00 1.586824772779376680e+01
6.425770232581059282e+00 2.308367867727632472e+00 -5.171377874120934415e+00 2.308367867727632472e+00 7.839608532434175103e+00 -1.820926676760287466e-01 -5.171377874120934415e+00 -1.820926676760287466e-01 5.619264441269136157e+00
1.730647961713449146e+00 3.528503311230254624e+00 1.521405995736979655e+00 3.528503311230254624e+00 8.152977287412044305e+00 2.099740503570116434e+00 1.521405995736979655e+00 2.099740503570116434e+00 4.481960577879305241e+00
-7.718179174454343539e+00 2.870611908160329573e-02 -6.202288676780167709e-01 2.870611908160329573e-02 -1.137472376223103687e+01 1.312619907752802725e-02 -6.202288676780167709e-01 1.312619907752802725e-02 -1.126287584610033043e+01
-1.839555135848665257e+00 -1.190836284311736826e+00 -3.039516458488305872e+00 -1.190836284311736826e+00 -7.015782533546802924e+00 -2.786264387951979393e-01 -3.039516458488305872e+00 -2.786264387951979393e-01 -3.170260765484374854e+00
-9.533448766304803978e-01 -8.337829587325403802e-01 5.364576777894181081e-01 -8.337829587325403802e-01 -3.213883390100295223e+00 -2.106136544799455557e+00 5.364576777894181081e-01 -2.106136544799455557e+00 -2.480016450771359571e-01
3.989447886973943813e+00 1.397863314631751508e-01 -2.263277191030329760e+00 1.397863314631751508e-01 4.668327374849403633e+00 1.397716079833003722e+00 -2.263277191030329760e+00 1.397716079833003722e+00 -4.313878757557132460e+00
-4.269838501584252377e+00 2.180200064922920067e+00 -3.237826257034762900e+00 2.180200064922920067e+00 -9.080953690119256905e+00 -1.092283706042715741e+00 -3.237826257034762900e+00 -1.092283706042715741e+00 -7.587346843672530206e+00
-1.072564524373942563e+00 4.639700262046118517e+00 -5.706979629127039155e-01 4.639700262046118517e+00 1.538954899299672263e+01 1.963741068710925797e+00 -5.706979629127039155e-01 1.963741068710925797e+00 -1.397556791329516601e+00
5.463378580125792805e-01 3.497016351624191888e+00 2.982428549249037109e-01 3.497016351624191888e+00 1.001445843435167937e+01 -1.124030936581117857e+00 2.982428549249037109e-01 -1.124030936581117857e+00 5.540870659600058978e+00
-1.060096707987404940e+01 1.947911746907025732e+00 -9.431334292103685790e-01 1.947911746907025732e+00 -1.091979350692357897e+01 -1.084011843886602655e+00 -9.431334292103685790e-01 -1.084011843886602655e+00 -4.658323140945148211e+00
-3.057437378109138404e+00 2.492869309790571641e+00 -1.508981000673453865e-01 2.492869309790571641e+00 -7.468316943060727020e+00 2.075068292129385927e+00 -1.508981000673453865e-01 2.075068292129385927e+00 -6.006026407811527967e+00
-5.040781604196535426e+00 2.159813826374310658e-02 2.090100238464052129e+00 2.159813826374310658e-02 9.913028847917072506e-01 4.470900723118324649e+00 2.090100238464052129e+00 4.470900723118324649e+00 1.883340889264874862e+00
-1.833489347785116630e+00 -3.306055083297705366e-01 1.903927958396801623e+00 -3.306055083297705366e-01 -4.565154451110772449e+00 -2.127395345192140574e+00 1.903927958396801623e+00 -2.127395345192140574e+00 -2.376578415226666685e+00
-7.134971162361882335e+00 2.344222918503329645e+00 2.344945292770353795e+00 2.344222918503329645e+00 -7.019495491007738508e+00 -1.393711015752269855e+00 2.344945292770353795e+00 -1.393711015752269855e+00 -8.125654179680125822e+00
-6.159981516074200414e+00 5.520892303399300705e-01 -3.913486101823038688e+00 5.520892303399300705e-01 -5.895737724429340965e+00 1.508373939282879217e+00 -3.913486101823038688e+00 1.508373939282879217e+00 -4.643653421004859005e+00
2.494875106644393270e+00 1.024380171653484384e+00 7.158670409226587372e-01 1.024380171653484384e+00 -3.928469322919259099e+00 1.794902034395733592e+00 7.158670409226587372e-01 1.794902034395733592e+00 1.403836896920089217e+01
-3.713474728869709640e+00 3.089363860482485236e-01 6.345060672178179928e-01 3.089363860482485236e-01 -7.702668103163590629e+00 -5.355497665704448407e-01 6.345060672178179928e-01 -5.355497665704448407e-01 8.926131224928770536e+00
-2.175353372559564846e+00 -2.566969029514199363e+00 -2.731748135675998945e+00 -2.566969029514199363e+00 -6.155279604253678372e+00 -1.213208615870282170e+00 -2.731748135675998945e+00 -1.213208615870282170e+00 -3.753078291427774937e-01
1.029001789006956519e-01 -3.584074798398115380e+00 -1.653322881440071335e+00 -3.584074798398115380e+00 -5.694722007125692098e-01 3.323996216418367400e+00 -1.653322881440071335e+00 3.323996216418367400e+00 -3.035530074587585947e+00
1.387008361396782297e+00 -3.755451481935351499e+00 5.622731486582676075e-01 -3.755451481935351499e+00 -3.606937504347010215e+00 2.442892732130891975e+00 5.622731486582676075e-01 2.442892732130891975e+00 -3.175154600051860676e+00
-8.090356249882969308e+00 -1.477587278972882501e-01 -1.799341080020908645e+00 -1.477587278972882501e-01 -6.831328897540819511e+00 1.003830801961266284e+00 -1.799341080020908645e+00 1.003830801961266284e+00 -4.590100603483487696e+00
8.658950493806985449e+00 4.849137653760643651e+00 -1.824496613420066193e+00 4.849137653760643651e+00 4.274954930100887118e+00 1.409831445176370046e+00 -1.824496613420066193e+00 1.409831445176370046e+00 2.275289242503609533e+00
-1.975172668189164593e+00 -9.459464336179964628e-01 3.100049886710501745e+00 -9.459464336179964628e-01 4.848902677719292065e+00 1.639066602063167233e-01 3.100049886710501745e+00 1.639066602063167233e-01 2.627517675401117581e-01
-7.791600287007054426e+00 2.726103483667547067e+00 -1.331506755353889737e+00 2.726103483667547067e+00 4.608998694558899878e+00 -4.504908200642256055e+00 -1.331506755353889737e+00 -4.504908200642256055e+00 -3.119480600785893731e+00
-2.096764091673109842e+00 -4.784581404183305686e-01 5.506519389705902823e-01 -4.784581404183305686e-01 -9.965166006680264976e-01 -6.347198420239652528e-01 5.506519389705902823e-01 -6.347198420239652528e-01 7.450381720908935135e-01
-1.061400082102726472e+01 -2.040267270059257509e-01 3.960670763980033149e-01 -2.040267270059257509e-01 -3.149492092498885398e+00 2.630221368392870573e+00 3.960670763980033149e-01 2.630221368392870573e+00 -6.855759355656606324e+00
1.582960480625216215e+00 2.965924550275239047e-01 1.009906024518042233e+00 2.965924550275239047e-01 -3.955402196290935368e+00 -1.622171803739978380e+00 1.009906024518042233e+00 -1.622171803739978380e+00 3.844298596203873153e+00
-8.882147153758573666e+00 -2.147742026740199428e+00 4.798285894746086300e-02 -2.147742026740199428e+00 -9.920368767942258970e+00 9.743630915630422384e-01 4.798285894746086300e-02 9.743630915630422384e-01 -2.405505734121260897e+00
-1.111812429856455253e+01 -3.546365813590750982e+00 6.893209421668266002e-01 -3.546365813590750982e+00 -5.295901115477445131e+00 5.022566388764072798e+00 6.893209421668266002e-01 5.022566388764072798e+00 -6.481215644278250920e+00
-1.058283465602675655e+01 -4.874504992016437388e-01 -1.678027094754809490e+00 -4.874504992016437388e-01 -5.938288142881607001e+00 2.106343687083338967e+00 -1.678027094754809490e+00 2.106343687083338967e+00 -1.049362911756363381e+01
-5.936087564924072524e+00 -1.507647582859747315e+00 1.331687148426745848e+00 -1.507647582859747315e+00 -1.137768996917388797e+01 -6.042641517761778713e-01 1.331687148426745848e+00 -6.042641517761778713e-01 -9.598096944665869046e+00
-1.279762468152729760e+00 4.500622677758644996e-01 -1.627500625209288065e+00 4.500622677758644996e-01 -3.774119691438504454e+00 5.230771095539140880e+00 -1.627500625209288065e+00 5.230771095539140880e+00 -6.770331312433192084e-01
-7.566473951837632050e+00 7.640876505548613862e-01 -1.933425830435464121e+00 7.640876505548613862e-01 -7.306790288386085130e+00 -3.889011555472884574e+00 -1.933425830435464121e+00 -3.889011555472884574e+00 5.462742838253984434e-01
-9.251146500591060473e+00 3.278100634285451842e-01 3.380905260868969364e-01 3.278100634285451842e-01 -6.096090575022945046e+00 -1.303736837092572376e+00 3.380905260868969364e-01 -1.303736837092572376e+00 -2.227846088639929167e+00
-1.430903025615708257e+00 -1.029585897865410216e+00 -2.977238521047585351e+00 -1.029585897865410216e+00 -6.913718318377831018e+00 -5.737422971283443474e-01 -2.977238521047585351e+00 -5.737422971283443474e-01 -1.960284276382105340e+00
-1.294981112748278917e+01 2.156037335940472477e-01 -2.549060756042820675e+00 2.156037335940472477e-01 -8.378841462670154172e+00 2.240396984172898787e+00 -2.549060756042820675e+00 2.240396984172898787e+00 -1.257391409934507465e+01
1.150282628534351481e+00 2.106384823153695685e+00 -4.635637905901886846e+00 2.106384823153695685e+00 -2.041685620522971867e+00 2.319247701844882048e+00 -4.635637905901886846e+00 2.319247701844882048e+00 3.909819663443785953e-01
-7.941106588815566525e+00 1.315932056953527995e+00 7.045497595472942631e-01 1.315932056953527995e+00 -2.633314261671301892e+00 4.422064731301449392e+00 7.045497595472942631e-01 4.422064731301449392e+00 -6.902605926009405479e+00
-8.121686243330729083e-01 -1.628245271291965945e+00 2.691586678036910651e+00 -1.628245271291965945e+00 4.762329728648899696e+00 -1.818536265749326253e+00 2.691586678036910651e+00 -1.818536265749326253e+00 4.070791653040463642e-01
1.908677150299443959e+00 -6.264016169323108230e+00 -5.122427917897489635e+00 -6.264016169323108230e+00 -2.166157655007987959e+00 4.769511259235538203e-01 -5.122427917897489635e+00 4.769511259235538203e-01 1.173506831970814623e+00
-1.084202552501632866e+01 -1.123062210702863606e+00 -1.673255875108931923e+00 -1.123062210702863606e+00 -1.566777890402780038e+00 7.004632248754145106e-03 -1.673255875108931923e+00 7.004632248754145106e-03 -3.867309043446101491e+00
1.476263849239389359e+00 -2.409736996564447953e+00 6.521366075566484843e-01 -2.409736996564447953e+00 4.372912923215212189e+00 3.352143767667042695e+00 6.521366075566484843e-01 3.352143767667042695e+00 6.779914075933680451e+00
9.647240637504033600e+00 3.250083388722973865e+00 -6.642787005427777114e-01 3.250083388722973865e+00 3.827107827520186412e+00 2.135933959308694341e+00 -6.642787005427777114e-01 2.135933959308694341e+00 1.383187383377261437e+00
-5.003912446211690179e-01 7.134183592127428808e-01 -4.917746686270548229e-01 7.134183592127428808e-01 -1.719491478940502471e+00 1.413008749499303218e-01 -4.917746686270548229e-01 1.413008749499303218e-01 -6.446287852022930309e+00
2.815819348710316472e+00 -3.715111209759092592e+00 2.187761301192060692e+00 -3.715111209759092592e+00 -5.532057153068987709e-01 -3.999745507174560455e+00 2.187761301192060692e+00 -3.999745507174560455e+00 1.239734775654148535e+01
3.573757404810345761e+00 1.487476959164450441e-01 -7.424731558282610111e-01 1.487476959164450441e-01 -6.750669542937277612e+00 7.636197483511255601e-01 -7.424731558282610111e-01 7.636197483511255601e-01 2.154731323569031787e+01
-6.612217607788557494e+00 2.415732505435484789e+00 -6.357729006592656162e-01 2.415732505435484789e+00 -1.322903033636344539e+00 -2.991316162740417894e+00 -6.357729006592656162e-01 -2.991316162740417894e+00 -2.698019796236005519e+00
-9.962070284692314814e-01 7.631571936649730326e-01 -1.194981542117935724e+00 7.631571936649730326e-01 4.725605778049993821e-01 5.070268817814559403e-01 -1.194981542117935724e+00 5.070268817814559403e-01 -5.098674464825572628e+00
-6.101030412777604717e+00 -1.993139217887613390e-01 2.057821165096912264e+00 -1.993139217887613390e-01 -1.127876636369004437e+01 -8.067271879748889596e-01 2.057821165096912264e+00 -8.067271879748889596e-01 -8.948185301053628748e+00
-2.901323525771871914e+00 5.774965982932817044e-01 -5.956474058184180187e-01 5.774965982932817044e-01 -7.904580139600523303e+00 1.239932366022831189e+00 -5.956474058184180187e-01 1.239932366022831189e+00 -6.931849924874418534e+00
-8.360601081039135352e+00 2.747741184062843622e+00 6.128836441049987371e-01 2.747741184062843622e+00 -7.337131745758887824e+00 -1.600902166176024100e+00 6.128836441049987371e-01 -1.600902166176024100e+00 -1.043565550544828469e+01
-2.687906045696201840e+00 -5.370837173413739452e-01 -1.524707831652012846e+00 -5.370837173413739452e-01 -5.240078167053978220e+00 2.608451085149240956e-01 -1.524707831652012846e+00 2.608451085149240956e-01 -3.714019627204868890e+00
-8.879907324019487902e+00 -5.451884909876607566e-01 -5.882217864779291094e-01 -5.451884909876607566e-01 -1.199527703183183469e+01 3.035668641795263412e+00 -5.882217864779291094e-01 3.035668641795263412e+00 -1.061472425547337828e+01
7.141468704525754774e+00 2.921290283757596917e+00 -2.453662167162226737e+00 2.921290283757596917e+00 7.231413913641691060e-01 4.468373971793953459e+00 -2.453662167162226737e+00 4.468373971793953459e+00 1.247947595641980989e+00
6.982410951569361757e+00 -2.419041908958958320e+00 -2.003889270238671028e+00 -2.419041908958958320e+00 8.855603166429949269e+00 2.758819192491553940e-01 -2.003889270238671028e+00 2.758819192491553940e-01 7.195027210677503726e-01
-7.045658342338492197e+00 1.710085432299814912e+00 2.255344892820808411e+00 1.710085432299814912e+00 -1.466030569303075737e+00 -8.252088193073954248e-01 2.255344892820808411e+00 -8.252088193073954248e-01 -6.871491773757785637e+00
-9.417087375968369756e+00 3.179593987886404349e+00 1.055780079759507606e+00 3.179593987886404349e+00 -3.032805046306455754e+00 1.230538746342356493e+00 1.055780079759507606e+00 1.230538746342356493e+00 -9.137140881792387148e+00
-6.890139022653932521e+00 3.982373752135096590e-01 2.148341961980875681e+00 3.982373752135096590e-01 -3.252158471488819202e+00 1.558260562344418565e+00 2.148341961980875681e+00 1.558260562344418565e+00 -4.062229769142772895e+00
-4.302561639613858624e+00 3.762054172837860921e+00 1.038674300975286346e+00 3.762054172837860921e+00 -2.153151757564927049e+00 -2.511383269352915448e+00 1.038674300975286346e+00 -2.511383269352915448e+00 -2.470705461324193219e+00
-2.932252084334827646e+00 1.906574042003054359e+00 -1.488882823657721621e+00 1.906574042003054359e+00 -6.433754194995839448e+00 1.295894601816430569e+00 -1.488882823657721621e+00 1.295894601816430569e+00 -7.744049423118029907e+00
-2.888107489705256103e+00 -5.813053264334131498e-01 -5.032647181581466622e-01 -5.813053264334131498e-01 -6.740300403352022407e+00 -1.360143436915986381e+00 -5.032647181581466622e-01 -1.360143436915986381e+00 5.474597839582575176e+00
-9.555272862765750830e+00 3.139578973016733165e+00 4.679468225311047003e-01 3.139578973016733165e+00 -1.335282466182689420e+00 4.565835552847060663e-01 4.679468225311047003e-01 4.565835552847060663e-01 -1.198506794914861295e+01
4.683042276528708747e+00 3.867720526295866712e+00 -1.641180883502317167e+00 3.867720526295866712e+00 -2.177670746059606088e+00 2.539942426450136015e+00 -1.641180883502317167e+00 2.539942426450136015e+00 -5.871475748598812494e+00
-5.850952766700451946e+00 -6.107038750517574943e-01 -4.028559394891392031e+00 -6.107038750517574943e-01 -1.141707891965932831e+01 2.058480322195323620e+00 -4.028559394891392031e+00 2.058480322195323620e+00 -1.019864772975151901e+01
-3.955019719411235535e+00 2.396326129155234685e+00 2.887624862402467851e+00 2.396326129155234685e+00 2.522049408603624254e+00 3.284176831959140785e-01 2.887624862402467851e+00 3.284176831959140785e-01 6.745520935303308541e-01
4.489617127134308383e+00 -1.650688238128602270e-01 -9.427324726991043180e-01 -1.650688238128602270e-01 -9.206659806268990831e-01 1.345808517378918490e+00 -9.427324726991043180e-01 1.345808517378918490e+00 1.227154010834187225e+01
5.841059507072654533e+00 2.082316268578126017e+00 -2.482856541942087547e-01 2.082316268578126017e+00 2.151122402529067390e+00 5.809493568650977435e-01 -2.482856541942087547e-01 5.809493568650977435e-01 -1.471316415128621491e-01
1.246077985978607972e+00 -7.122717963919057704e-02 9.576050761200342043e-01 -7.122717963919057704e-02 7.838751081074477156e+00 -5.226473025408272299e+00 9.576050761200342043e-01 -5.226473025408272299e+00 1.681499353671197738e+01
4.745801129461148626e+00 2.045098148878185640e+00 5.504913040158697868e+00 2.045098148878185640e+00 1.089342172090703897e+01 -7.625563776174469233e+00 5.504913040158697868e+00 -7.625563776174469233e+00 7.534701293361365515e+00
-1.762711073984246646e+00 -1.063840662892609812e+00 -3.811523502127202701e+00 -1.063840662892609812e+00 4.317601343038776740e+00 -3.962976199747391348e+00 -3.811523502127202701e+00 -3.962976199747391348e+00 9.650251753365108875e-01
5.669821126441480175e+00 3.163128473479502656e+00 -3.256999817838981959e-01 3.163128473479502656e+00 1.172643772263663386e+01 1.046363564231592491e+00 -3.256999817838981959e-01 1.046363564231592491e+00 2.053152300090374638e+00
-5.512483579766901398e-01 4.731156073229452752e-01 -8.486005194346784020e-01 4.731156073229452752e-01 2.283135904796634641e+00 -9.051280308499134453e-01 -8.486005194346784020e-01 -9.051280308499134453e-01 -1.310341110486251681e+00
-1.797782779201884396e-01 -2.393799121585040712e+00 -3.499846429426705985e+00 -2.393799121585040712e+00 1.388698761466547138e+00 3.383972114953279320e+00 -3.499846429426705985e+00 3.383972114953279320e+00 -4.393574807951945438e+00
-3.558143978629695336e+00 -2.691698294779544032e+00 -3.888272228638848027e+00 -2.691698294779544032e+00 2.086314095475445107e+00 -8.430831504312565894e-01 -3.888272228638848027e+00 -8.430831504312565894e-01 2.494193498370265605e+00
-7.035804602865312063e+00 3.898565572508828625e-01 -6.513175673598707860e-01 3.898565572508828625e-01 -4.731901304847213829e+00 2.606640198256637841e+00 -6.513175673598707860e-01 2.606640198256637841e+00 -9.380972935792539769e-01
-3.246999380106596611e+00 -9.536666588969681113e-01 -3.716176896360342319e+00 -9.536666588969681113e-01 -1.960210090649287862e+00 2.125339240128927720e+00 -3.716176896360342319e+00 2.125339240128927720e+00 -7.928417950317316887e-01
7.269317530966104890e+00 2.093025537952686310e+00 1.859835930052846920e-01 2.093025537952686310e+00 -3.119208010967956524e-01 2.668307859487031752e+00 1.859835930052846920e-01 2.668307859487031752e+00 -1.373389070130744960e+00
7.610192207207458814e+00 -6.360368984951744742e-02 2.955686584787319493e+00 -6.360368984951744742e-02 5.665675307735377864e+00 -1.460812330851483321e+00 2.955686584787319493e+00 -1.460812330851483321e+00 1.001233761687284396e+00
-9.977597952993026098e+00 -3.451493478849452679e+00 1.063199437518435042e-01 -3.451493478849452679e+00 -6.704079728727965204e+00 -8.439071099432212675e-01 1.063199437518435042e-01 -8.439071099432212675e-01 -1.140014096008939681e+01
-1.220793380805532635e+01 1.365260734098138640e+00 -8.967698731797112410e-01 1.365260734098138640e+00 -1.118604491302294868e+01 -1.693756264075547691e+00 -8.967698731797112410e-01 -1.693756264075547691e+00 -6.510913302335704422e+00
-3.818942260970131564e+00 8.473809608507349989e-01 -5.756667418495481359e-01 8.473809608507349989e-01 -4.064595616994072458e+00 -2.040106749462641034e+00 -5.756667418495481359e-01 -2.040106749462641034e+00 7.161974822429357346e+00
-8.672752302984765294e+00 2.943777292009944979e+00 1.554487103711887697e+00 2.943777292009944979e+00 -1.050949250600039875e+01 2.289869669057576829e+00 1.554487103711887697e+00 2.289869669057576829e+00 -1.142848026955017993e+01
-9.489713208493582020e-01 -1.767699746330831934e+00 -3.502874700597607971e-01 -1.767699746330831934e+00 -1.602305772585795651e+00 1.607337854756597517e+00 -3.502874700597607971e-01 1.607337854756597517e+00 -2.873578608286639469e+00
-9.725851972750243490e+00 2.570937378291327402e+00 1.466700936165683533e+00 2.570937378291327402e+00 -9.424137634275380648e+00 2.895586626472092195e+00 1.466700936165683533e+00 2.895586626472092195e+00 -1.168437255158309540e+01
-5.528811969072208177e-01 -8.621200356090660266e-01 9.785314869539663007e-01 -8.621200356090660266e-01 -3.133265690544142501e+00 -2.433144699744477890e+00 9.785314869539663007e-01 -2.433144699744477890e+00 -1.192480697896942665e+00
4.482529240749418165e+00 3.073271005723486882e-01 -6.471948879746461381e-02 3.073271005723486882e-01 2.194525432665050957e+01 3.213419707332924702e+00 -6.471948879746461381e-02 3.213419707332924702e+00 1.342020647959984458e+01
6.262656886798779965e+00 -1.937401402933907280e+00 -5.418748142340148455e-01 -1.937401402933907280e+00 -3.477285813489342736e+00 3.013321037242123523e+00 -5.418748142340148455e-01 3.013321037242123523e+00 1.004178737905226804e+01
-9.091860869381754640e+00 2.848600475644267327e+00 -2.362700772726126441e+00 2.848600475644267327e+00 -1.065988729916766131e-01 -7.287211369488852952e+00 -2.362700772726126441e+00 -7.287211369488852952e+00 -5.767541028977954731e+00
7.713441325735786336e+00 -2.444977616600098602e-01 -9.681502143963943707e-01 -2.444977616600098602e-01 1.566463480021569543e+00 -2.219473692910099771e+00 -9.681502143963943707e-01 -2.219473692910099771e+00 1.899032514172634079e+00
-2.717349255068961078e+00 -5.434198102916615314e-01 2.471970260245667461e+00 -5.434198102916615314e-01 -7.972380866251923770e+00 3.464647046116133278e-01 2.471970260245667461e+00 3.464647046116133278e-01 -4.409163950791146647e+00
-8.486059559840260391e+00 -2.227454795056879711e+00 -3.163995386521828990e-01 -2.227454795056879711e+00 -8.214616355211541432e+00 1.286885976352315719e+00 -3.163995386521828990e-01 1.286885976352315719e+00 -2.396230102481575752e+00
-1.364749728745163315e+00 -2.367182577993589110e+00 6.951845733011011164e-02 -2.367182577993589110e+00 -8.481526533338924478e-01 -9.712475968749735289e-01 6.951845733011011164e-02 -9.712475968749735289e-01 -7.428302483577954085e+00
-5.661874363108974961e+00 1.845200482566838884e+00 -2.516456829592983002e+00 1.845200482566838884e+00 -6.017948503757095224e+00 2.007134907882374364e+00 -2.516456829592983002e+00 2.007134907882374364e+00 -8.962002526669598623e+00
4.366846755289989446e+00 -2.628364772325561205e+00 2.166521692359812068e+00 -2.628364772325561205e+00 -1.373050119123133905e+00 9.443029374493510097e-01 2.166521692359812068e+00 9.443029374493510097e-01 -3.886274640910215794e+00
-7.118282861413804063e+00 -6.973046538171379094e-02 -2.102614965855860163e+00 -6.973046538171379094e-02 -4.394440235207770051e+00 4.039647335174993970e+00 -2.102614965855860163e+00 4.039647335174993970e+00 -6.147636167871513457e+00
-1.097239577753720852e+01 4.546825022000144934e-01 2.763170462247793502e+00 4.546825022000144934e-01 -5.639384474430348071e+00 2.185644583424947718e-02 2.763170462247793502e+00 2.185644583424947718e-02 -9.802001909716965500e+00
-3.475220596123199446e+00 -3.223869194911361813e-01 -4.606774645308257199e+00 -3.223869194911361813e-01 4.083752369374183400e-01 2.121513451381857873e-01 -4.606774645308257199e+00 2.121513451381857873e-01 5.014778006713727088e-01
