9.251466515459989992e+00 6.373583986039854654e-01 3.056089318012856992e+00 6.373583986039854654e-01 -5.828691836711827001e+00 -6.096851750009740556e+00 3.056089318012856992e+00 -6.096851750009740556e+00 -1.237360686409740396e+01
-6.737283492051181710e+00 -1.080913195769279511e+01 1.735628189523261700e+00 -1.080913195769279511e+01 1.959948196575188817e+01 -7.184309464497434794e-01 1.735628189523261700e+00 -7.184309464497434794e-01 -8.181231691132326844e+00
3.206189463250750937e-01 -1.817132257057502809e+00 -3.785541456930767268e+00 -1.817132257057502809e+00 7.477665075644551074e+00 7.947719525530160922e+00 -3.785541456930767268e+00 7.947719525530160922e+00 3.907850935462472641e+00
-3.584117181774572725e+00 -9.957203033607626708e+00 8.071919969215686663e+00 -9.957203033607626708e+00 -2.883595449807364819e+00 4.328588177983077934e+00 8.071919969215686663e+00 4.328588177983077934e+00 -3.025007112052212066e-01
9.880817814893298134e+00 -4.155177498282497162e+00 1.547987892033305890e+00 -4.155177498282497162e+00 1.467860040257644805e+01 2.048140538065553518e+00 1.547987892033305890e+00 2.048140538065553518e+00 4.941567148594619430e-01
9.135427361041486449e+00 -6.564389665155371034e+00 -1.227226216049859042e+00 -6.564389665155371034e+00 -6.069675703235522413e+00 -1.132891729695093908e+01 -1.227226216049859042e+00 -1.132891729695093908e+01 2.968289411695375080e+00
1.221704457330161908e+01 1.895185484777143214e+00 3.004452859226195205e+00 1.895185484777143214e+00 -1.746696499527687019e+00 9.994990964302386871e+00 3.004452859226195205e+00 9.994990964302386871e+00 2.687614350169599486e+00
2.204539719919394347e+00 -8.772297655012916806e+00 -1.030716582905961864e+01 -8.772297655012916806e+00 1.399643068813720248e+01 -1.598470028275835286e+00 -1.030716582905961864e+01 -1.598470028275835286e+00 -2.489643368823203584e+00
2.778830984949759397e+01 8.774974723190396730e+00 5.210443542676287620e+00 8.774974723190396730e+00 1.678529799044595094e+01 -3.722533722567461290e+00 5.210443542676287620e+00 -3.722533722567461290e+00 3.237953950505497858e+01
-4.202913476145806904e+00 5.245360905211967406e+00 -8.545538052182082289e-01 5.245360905211967406e+00 6.722767829082354929e+00 3.782270159251715391e+00 -8.545538052182082289e-01 3.782270159251715391e+00 -4.713572591206829365e+00
-5.793391892968122875e-02 -2.127238678193963395e+00 5.997259583031459229e+00 -2.127238678193963395e+00 -5.785495671029639908e+00 3.594534072054875740e+00 5.997259583031459229e+00 3.594534072054875740e+00 4.555285950553704666e+00
5.747470720325638105e+00 -6.645232742044844265e+00 -2.646229830799003313e+00 -6.645232742044844265e+00 -2.367405616408717606e+00 6.893093138367464512e+00 -2.646229830799003313e+00 6.893093138367464512e+00 -7.714924707499515311e-01
5.066920728909182436e+00 -3.162664630297604251e+00 -7.681715261884217938e+00 -3.162664630297604251e+00 -3.391638072710983831e+00 7.635523222525336884e+00 -7.681715261884217938e+00 7.635523222525336884e+00 2.071225871771163440e+01
7.747673328185547881e+00 -1.497599144799197113e+01 -3.241347448265767373e+00 -1.497599144799197113e+01 2.911085498072882061e+01 7.328341125431975023e+00 -3.241347448265767373e+00 7.328341125431975023e+00 -7.939632600916115557e+00
