9.792115890879001583e+00 1.171625109818020594e+00 -3.681032337296246570e+00 1.171625109818020594e+00 7.004864623598463957e+00 -9.099262146437228083e+00 -3.681032337296246570e+00 -9.099262146437228083e+00 7.559970824454767424e+00
1.622544980301298168e+01 9.387440283124824925e-01 -2.175557132225634238e-01 9.387440283124824925e-01 1.521894384687218249e+01 -2.938976294905903508e+00 -2.175557132225634238e-01 -2.938976294905903508e+00 2.097211611846691426e+01
2.149398389071437165e+01 4.418762644588738908e+00 2.689112237839039299e+00 4.418762644588738908e+00 1.380743797134767270e+01 -1.856736239995469218e+00 2.689112237839039299e+00 -1.856736239995469218e+00 2.173855224851512702e+01
1.556445828297851008e+01 5.044066252082950896e+00 1.537004556194903282e+00 5.044066252082950896e+00 1.495950973681003404e+01 -2.320591863727091919e+00 1.537004556194903282e+00 -2.320591863727091919e+00 2.226111075871518352e+01
1.185514008189852930e+01 2.981345001775732584e+00 -6.500933342713337559e+00 2.981345001775732584e+00 2.629696201141274869e+01 -2.986103996987326870e+00 -6.500933342713337559e+00 -2.986103996987326870e+00 3.539148277104288098e+01
1.489229116684124499e+01 -5.262767830433817018e+00 -5.259009278333228288e+00 -5.262767830433817018e+00 2.615614433926466020e+01 5.450311484155358599e+00 -5.259009278333228288e+00 5.450311484155358599e+00 3.401413228776216613e+01
-6.854013676132981736e-01 -7.714901432623604727e+00 -1.079910188107668034e+00 -7.714901432623604727e+00 1.460920131250692400e+01 -1.707501131943683248e+00 -1.079910188107668034e+00 -1.707501131943683248e+00 -7.818014579135839526e+00
-7.789551119772098353e+00 3.940978764051384364e-01 -2.433385034971855543e+00 3.940978764051384364e-01 7.856420424942074376e+00 -3.938901798430892942e+00 -2.433385034971855543e+00 -3.938901798430892942e+00 -1.194305446285116901e+01
2.461501496116842880e+00 -3.578784951292488525e+00 -5.648782222224427940e+00 -3.578784951292488525e+00 2.089883753118021659e+00 -6.727774955536657941e+00 -5.648782222224427940e+00 -6.727774955536657941e+00 3.576802655541775344e+00
1.491389562805937530e+01 4.009249396222871020e+00 -1.046940067283163955e+01 4.009249396222871020e+00 1.938198017930559658e+01 -1.432497420485427941e+00 -1.046940067283163955e+01 -1.432497420485427941e+00 9.924817121215752991e+00
