-9.536300974831020127e+00 -3.296123386521343956e+00 2.452115676254911225e+00 -3.296123386521343956e+00 4.537773262341447400e-01 -1.361538875723556363e-01 2.452115676254911225e+00 -1.361538875723556363e-01 4.537655035472234033e+00
-1.424754981898644068e+01 -1.139314225232996192e+00 4.248956789700031322e+00 -1.139314225232996192e+00 -1.160442387062848191e+01 2.343836016863962257e+00 4.248956789700031322e+00 2.343836016863962257e+00 5.867002273128473888e+00
7.708960178496669258e+00 1.921040411893611299e+00 1.679265277799723899e+00 1.921040411893611299e+00 1.299741674740319297e+01 -1.613619406652702093e+00 1.679265277799723899e+00 -1.613619406652702093e+00 2.284606947938818067e+01
-4.519873896126950008e+00 -5.738134902260831789e-03 -3.414987353490538613e+00 -5.738134902260831789e-03 -2.727162323080185580e+00 -2.129454012378072747e+00 -3.414987353490538613e+00 -2.129454012378072747e+00 1.676766579196744100e+00
-3.430836255851395400e+00 3.653594293799747206e+00 -1.277494932877376810e+00 3.653594293799747206e+00 -1.167536877423941855e+00 -4.079358348013233382e+00 -1.277494932877376810e+00 -4.079358348013233382e+00 -6.730382712952923008e+00
-1.723751265834077273e+01 -2.157418134796848186e+00 -2.129674441935627716e+00 -2.157418134796848186e+00 -1.134113588148302831e+01 1.234564865254335952e+00 -2.129674441935627716e+00 1.234564865254335952e+00 -6.869461578367269006e+00
-2.694139860409631826e+00 -1.751195674150837878e+00 -8.323022427957644798e-01 -1.751195674150837878e+00 2.258015269369209932e+00 -9.096495552751887592e-01 -8.323022427957644798e-01 -9.096495552751887592e-01 5.544103358707113571e+00
-4.608446890214896285e+00 -5.476802456561979504e+00 3.176722948809578728e+00 -5.476802456561979504e+00 7.880375929181624883e+00 -2.692608062962746462e+00 3.176722948809578728e+00 -2.692608062962746462e+00 1.053328027037418124e+01
-1.228332836044586607e+01 -8.290241932241453338e-01 -2.123857035255263259e+00 -8.290241932241453338e-01 2.622466685747057102e+00 5.727585871903044357e+00 -2.123857035255263259e+00 5.727585871903044357e+00 5.041334532296740001e+00
1.771882268941033090e+01 2.008495706396005609e+00 -7.761304793402338476e+00 2.008495706396005609e+00 1.790889639882773565e+01 -3.991088637568303898e+00 -7.761304793402338476e+00 -3.991088637568303898e+00 2.626261433999289707e+01
1.692559730335745272e+01 8.008854326164701609e-01 3.260214947056386148e+00 8.008854326164701609e-01 2.495587726617046442e+01 8.452346176750349382e-01 3.260214947056386148e+00 8.452346176750349382e-01 3.398405388154677809e+01
-1.501832749722657390e+01 -1.406573744644914026e+00 4.554353706035148441e+00 -1.406573744644914026e+00 -1.218234286847385484e+01 3.236519426724029369e-01 4.554353706035148441e+00 3.236519426724029369e-01 1.272292449730274555e+01
-7.883211674819817105e+00 -2.258645094152106569e+00 -1.895422297198838812e+00 -2.258645094152106569e+00 -6.495260406139363951e+00 6.820782085786250004e-01 -1.895422297198838812e+00 6.820782085786250004e-01 5.362584290842624668e+00
-7.345715714411475084e+00 -7.240506170473892666e+00 8.490166606933977622e-01 -7.240506170473892666e+00 2.088521603727790943e+00 4.956651819556123217e-01 8.490166606933977622e-01 4.956651819556123217e-01 -4.136985514192662805e+00
1.428693356936107506e+01 -2.661647354942936694e+00 3.691381515942926850e+00 -2.661647354942936694e+00 2.081839376862843238e+01 -9.955312478003887078e-01 3.691381515942926850e+00 -9.955312478003887078e-01 8.356221994832994326e+00
-1.699383989294774011e+01 1.817664412042904187e+00 9.235291792299815672e-01 1.817664412042904187e+00 -8.767660677913129419e+00 4.163002082038286922e+00 9.235291792299815672e-01 4.163002082038286922e+00 -6.987959017807473527e-01
1.506059031607254362e+01 2.303823693806896777e+00 -8.044911935827071758e+00 2.303823693806896777e+00 2.130707525641544109e+01 3.128534438454720679e+00 -8.044911935827071758e+00 3.128534438454720679e+00 2.711159869267230249e+01
-3.728864425838005481e+00 -1.030588006510980703e+00 -1.273622249350714553e+00 -1.030588006510980703e+00 7.841254399852423340e+00 5.039824187860080684e+00 -1.273622249350714553e+00 5.039824187860080684e+00 4.342012313203407636e+00
-6.923016502182027798e-01 -1.204438357933943049e+00 -8.734394874683567567e-01 -1.204438357933943049e+00 1.882119354427375058e+01 -4.677297759709050595e+00 -8.734394874683567567e-01 -4.677297759709050595e+00 3.532308503772609853e+00
1.839362491652947185e+01 -1.448192727995285090e+00 -8.103790316247630798e+00 -1.448192727995285090e+00 2.796254771162391961e+01 5.528691740494135587e+00 -8.103790316247630798e+00 5.528691740494135587e+00 3.905963833183707834e+01
2.376086786023956510e+00 7.250230585234931802e+00 -3.356252961497819598e+00 7.250230585234931802e+00 1.087073246199689258e+01 -4.772813695931595213e+00 -3.356252961497819598e+00 -4.772813695931595213e+00 1.409514861666385244e+01
1.670476112202683439e+01 1.011553642281617016e+01 -1.515816722782018733e+00 1.011553642281617016e+01 3.290729192478749354e+01 5.042320892225685469e+00 -1.515816722782018733e+00 5.042320892225685469e+00 2.815362979261313114e+01
-1.921496247790336120e+00 3.472963122926161716e+00 -1.648025786525111613e-01 3.472963122926161716e+00 8.235520247783954417e+00 1.040715146216679798e+01 -1.648025786525111613e-01 1.040715146216679798e+01 1.208295512473878341e+00
-5.959504672573601169e+00 2.711851995246546743e+00 -1.596470606873857001e+00 2.711851995246546743e+00 7.933567234193388273e+00 -2.680325665872725249e+00 -1.596470606873857001e+00 -2.680325665872725249e+00 5.502895048588108295e+00
-4.846038347221350295e-01 2.929571936740338334e+00 -9.031139503204604901e-01 2.929571936740338334e+00 4.719162806730222925e+00 -3.766385825909938312e+00 -9.031139503204604901e-01 -3.766385825909938312e+00 -3.588117590058349737e+00
-6.712037445000310854e+00 7.070226365171897065e+00 4.611296126832172604e+00 7.070226365171897065e+00 2.524394482207647172e+00 -3.899456981107424225e-01 4.611296126832172604e+00 -3.899456981107424225e-01 4.286682631434819868e+00
-1.847729051615782936e+01 1.303924990348902302e+00 -8.877749550796801836e-01 1.303924990348902302e+00 -7.517346009644159111e+00 3.273361077474551184e+00 -8.877749550796801836e-01 3.273361077474551184e+00 -4.982363628310597647e+00
2.123608733046202701e+01 -2.876494145084289022e-01 -8.819029370723577843e-01 -2.876494145084289022e-01 1.474971301606535157e+01 -9.756378599697711484e-01 -8.819029370723577843e-01 -9.756378599697711484e-01 3.419896228176720143e+01
-1.762690638297404577e+00 7.093513729560425141e+00 -1.137133702826798265e+00 7.093513729560425141e+00 1.559783565934524319e+01 2.180800954601488151e+00 -1.137133702826798265e+00 2.180800954601488151e+00 2.588916580542406365e+00
1.540718774726326146e+01 5.410483537442243751e+00 -1.383347558660987353e+00 5.410483537442243751e+00 2.063692697526489894e+01 -7.816657732959129135e+00 -1.383347558660987353e+00 -7.816657732959129135e+00 2.763878377012711240e+01
1.435802658559035727e+01 -2.055537324138970501e+00 2.967087444685230668e+00 -2.055537324138970501e+00 1.948227941893956583e+01 -7.437656750335274403e+00 2.967087444685230668e+00 -7.437656750335274403e+00 3.782709896390534254e+01
1.206186101524247967e+01 -5.409389301871117439e+00 8.550091946404297927e-01 -5.409389301871117439e+00 1.646832075907200377e+01 -1.470268388233841650e+00 8.550091946404297927e-01 -1.470268388233841650e+00 6.545088244439383196e-01
1.195256560922075328e+00 7.370939858979640213e+00 -3.367447418756689625e+00 7.370939858979640213e+00 1.354443738226837723e+01 -3.093614296658601770e+00 -3.367447418756689625e+00 -3.093614296658601770e+00 1.189265850357456067e+01
-6.861929744185340851e+00 -7.495362827066098799e-02 4.521103181961239947e+00 -7.495362827066098799e-02 -7.324980640456720593e+00 -1.280999291928310413e+00 4.521103181961239947e+00 -1.280999291928310413e+00 2.327854339209488810e+00
-1.127448595596121450e+01 6.481289696439570314e+00 -1.035703002764879699e+00 6.481289696439570314e+00 4.415519959989850030e+00 1.100264504060515680e+00 -1.035703002764879699e+00 1.100264504060515680e+00 -2.329831586916378594e+00
-5.648855194960658022e-01 1.448493151357911568e+00 1.611020903516216185e+00 1.448493151357911568e+00 1.434086630523013639e+01 -1.975663710957435093e+00 1.611020903516216185e+00 -1.975663710957435093e+00 9.567819474073530728e+00
1.884037193159562307e+01 1.516568022977221375e+00 1.080968477719075338e+00 1.516568022977221375e+00 2.312603639426890467e+01 1.623088883125066717e-01 1.080968477719075338e+00 1.623088883125066717e-01 3.128595736775736214e+01
-1.532440689372742604e+01 1.670848945796644891e+00 -1.326868229627183871e+00 1.670848945796644891e+00 -3.495583860467809334e+00 2.301953220129600908e+00 -1.326868229627183871e+00 2.301953220129600908e+00 3.042357107625893065e+00
9.017828340755290384e+00 -1.685261054554484605e+00 -2.024397502132940563e+00 -1.685261054554484605e+00 3.847812132003684127e+01 -8.455762948277525837e+00 -2.024397502132940563e+00 -8.455762948277525837e+00 1.179302164923507767e+01
1.715372893146189881e+01 3.763182558819401002e+00 -8.194127183082727806e-01 3.763182558819401002e+00 2.114606116520059231e+01 6.787717168942104529e+00 -8.194127183082727806e-01 6.787717168942104529e+00 3.534708527080829299e+01
-1.197292364519064023e+01 -1.100607326678928688e+00 2.632907216871696043e+00 -1.100607326678928688e+00 -1.082601167987529855e+01 -3.545288602183750193e+00 2.632907216871696043e+00 -3.545288602183750193e+00 -5.314648586954867637e-01
4.644831268792959378e+00 2.395462302118435804e+00 5.630658788596687003e+00 2.395462302118435804e+00 5.047949299748482943e+00 7.103140862905772401e+00 5.630658788596687003e+00 7.103140862905772401e+00 1.297050996294098546e+01
-1.313801911437642023e+00 5.139484044018487907e+00 2.875931093916222814e+00 5.139484044018487907e+00 8.935297008677858699e+00 6.770006160177041821e+00 2.875931093916222814e+00 6.770006160177041821e+00 6.626529187569017765e+00
-7.270281260755472985e+00 -1.626886913437946891e+00 -4.572861808118673654e-02 -1.626886913437946891e+00 -1.094725229070617090e+01 -4.664674285161232170e-01 -4.572861808118673654e-02 -4.664674285161232170e-01 5.391366661449135123e+00
-4.571019379276041406e+00 -5.211647102802414722e-01 -7.137212858410765248e-01 -5.211647102802414722e-01 -1.270620601529571481e+01 1.388098897639006957e+00 -7.137212858410765248e-01 1.388098897639006957e+00 4.140663201731271670e+00
1.493363545208982046e+01 -2.830320684855226254e+00 -8.591858758179007793e+00 -2.830320684855226254e+00 1.881840647682290779e+01 2.733646067199243745e+00 -8.591858758179007793e+00 2.733646067199243745e+00 2.495270202746248600e+01
1.744105258391276081e+01 -4.870367998664706377e+00 -3.977501299804719892e+00 -4.870367998664706377e+00 2.115910570035739013e+01 1.406455922410371651e+00 -3.977501299804719892e+00 1.406455922410371651e+00 1.571210220656215739e+01
2.556548819763473901e+01 3.554341334968459609e+00 2.860414966523646019e+00 3.554341334968459609e+00 1.840774933404360425e+01 -6.647470806461096560e-01 2.860414966523646019e+00 -6.647470806461096560e-01 3.986226535456097508e+01
1.011120727972948252e+01 -3.034511669508647369e+00 2.835389281430789499e+00 -3.034511669508647369e+00 1.412328941914106117e+01 -1.396213981338302546e+00 2.835389281430789499e+00 -1.396213981338302546e+00 7.248241358144178470e+00
9.556285157755851856e+00 7.219228331603801951e-01 4.436654174749495638e+00 7.219228331603801951e-01 5.522904648744979106e+00 4.138724432544155007e+00 4.436654174749495638e+00 4.138724432544155007e+00 2.197096359987719438e+01
-1.397787219928571112e+01 -1.311643747883500799e+00 -4.978595712348124813e+00 -1.311643747883500799e+00 -3.934547403598395832e+00 1.854334658748139963e+00 -4.978595712348124813e+00 1.854334658748139963e+00 5.287637459564477282e+00
2.125827367495754405e+00 -4.389573929849742484e+00 -1.893578973085839001e+00 -4.389573929849742484e+00 9.227914947481671959e+00 3.063019473450462993e+00 -1.893578973085839001e+00 3.063019473450462993e+00 -3.934608939157093310e+00
1.574169185006915939e+01 2.103144518548575315e-01 5.639770005615186932e+00 2.103144518548575315e-01 1.714025317728691888e+01 2.822728870829883441e+00 5.639770005615186932e+00 2.822728870829883441e+00 2.921920182860440462e+01
