-3.534391782040330998e+00 -4.017799804484879722e+00 2.165813084251149601e+00 -4.017799804484879722e+00 4.836224763377367175e+00 -9.659101198878346395e+00 2.165813084251149601e+00 -9.659101198878346395e+00 6.186556533429600435e+00
-2.374273778795358059e+00 8.153048926337001845e+00 -2.836817688309202889e+00 8.153048926337001845e+00 6.257339761189405491e-01 2.313389676937737782e+00 -2.836817688309202889e+00 2.313389676937737782e+00 -3.548470660002229216e-01
3.643112782474531741e+01 -9.368077324607064493e-02 -7.962949514097906745e-01 -9.368077324607064493e-02 4.179184782392233188e+01 4.228831833714204791e+00 -7.962949514097906745e-01 4.228831833714204791e+00 3.241510360937577673e+01
8.273195009329592509e+00 -7.262886151802047108e-01 5.399414135448559193e+00 -7.262886151802047108e-01 5.632912292724892467e+00 -3.203652962114597269e+00 5.399414135448559193e+00 -3.203652962114597269e+00 7.411621279382178074e+00
3.383434773357883785e+01 6.871663505619808099e+00 -1.830054388141514110e+00 6.871663505619808099e+00 3.382822561042114273e+01 6.671869388898667985e-01 -1.830054388141514110e+00 6.671869388898667985e-01 3.060229841494864544e+01
3.098164023171247905e+01 -1.504099208955372635e+00 -5.127119346014819001e+00 -1.504099208955372635e+00 2.967920002501259802e+01 -1.044908052820898270e+00 -5.127119346014819001e+00 -1.044908052820898270e+00 2.880125708126065476e+01
3.598411228841533926e+01 -7.529172510508565175e+00 -3.759627590851009060e+00 -7.529172510508565175e+00 3.226317249408823074e+01 -1.446704304351987380e+00 -3.759627590851009060e+00 -1.446704304351987380e+00 3.402044288155021690e+01
-4.266367974064312563e+00 1.331881055845363926e-01 7.643312922213355343e+00 1.331881055845363926e-01 -1.309752380417236495e+01 -2.416392033728311795e+00 7.643312922213355343e+00 -2.416392033728311795e+00 -1.003691607267487207e+01
-7.863744620880167346e+00 6.650018247679449601e+00 1.672138912617515460e+00 6.650018247679449601e+00 -6.596366693899115008e-01 4.285398561886163193e+00 1.672138912617515460e+00 4.285398561886163193e+00 -7.007638151059169651e+00
3.352389416602738947e+01 -4.283002090288361430e+00 7.027825525102104898e-01 -4.283002090288361430e+00 3.778695307305752493e+01 2.828100109815546048e+00 7.027825525102104898e-01 2.828100109815546048e+00 2.629085143387832346e+01
8.668333769776030095e+00 -2.755442897745233655e+00 -7.604393124340876220e+00 -2.755442897745233655e+00 -9.467967641722371042e+00 6.383717985591715660e+00 -7.604393124340876220e+00 6.383717985591715660e+00 1.652838775572408325e+00
3.517510307888881727e+01 2.019718114679269316e+00 6.013669331004884988e-01 2.019718114679269316e+00 3.817959406924604338e+01 1.745305435086276891e+00 6.013669331004884988e-01 1.745305435086276891e+00 3.093912132031891460e+01
-7.875752545552965778e+00 1.357506985330034999e+00 -5.310467470239998988e+00 1.357506985330034999e+00 -4.866951911588356161e+00 -7.718852197791846947e+00 -5.310467470239998988e+00 -7.718852197791846947e+00 1.048039268959057146e+01
2.132010258783390100e+01 -2.157608570330933340e+00 -6.859074714982746457e+00 -2.157608570330933340e+00 1.604203863531620655e+01 -1.538200078865405440e-01 -6.859074714982746457e+00 -1.538200078865405440e-01 2.742484265843448910e+01
2.875227052020688490e+01 -2.690255782862561063e+00 8.957403515707706987e-01 -2.690255782862561063e+00 2.943140166392266011e+01 1.646851927402488647e+00 8.957403515707706987e-01 1.646851927402488647e+00 3.608012077715294197e+01
4.598099675588145807e+00 1.140189483413260652e+00 -1.848821357273385368e+00 1.140189483413260652e+00 1.553612150651918711e+00 1.725454148531228915e+00 -1.848821357273385368e+00 1.725454148531228915e+00 2.268631003071657215e+00
1.273492432812814634e+01 -3.200011734185457257e+00 -8.193965193774607414e+00 -3.200011734185457257e+00 -6.079376521998395511e+00 1.514934230203868637e+00 -8.193965193774607414e+00 1.514934230203868637e+00 -7.930713504101989386e+00
-1.769226409346345230e+00 -5.302513032586071873e+00 -3.663386587151684637e+00 -5.302513032586071873e+00 3.623439478220892518e+00 5.389257776556267698e-01 -3.663386587151684637e+00 5.389257776556267698e-01 1.263862549448618466e+01
2.787493779201913213e+01 -4.338755195987515911e-01 5.917156819130194201e+00 -4.338755195987515911e-01 2.383072787757755506e+01 -2.477806442991653313e+00 5.917156819130194201e+00 -2.477806442991653313e+00 2.460608951319350979e+01
-5.946275164157470705e+00 3.891087753517741277e+00 7.623963739410062779e+00 3.891087753517741277e+00 -3.368808148342853137e+00 -1.829630299344459088e+00 7.623963739410062779e+00 -1.829630299344459088e+00 1.788694891829591072e+01
-1.074142157413762844e+00 -2.627219990659526161e+00 -5.580262626422508809e+00 -2.627219990659526161e+00 -1.145109112373494664e+00 -3.028478883687735213e+00 -5.580262626422508809e+00 -3.028478883687735213e+00 1.159923140359529725e+01
1.922666409608242688e+01 -4.552163140238200789e+00 5.479775784163995134e+00 -4.552163140238200789e+00 1.841203947817972164e+01 -4.342263533864038294e+00 5.479775784163995134e+00 -4.342263533864038294e+00 2.771963858497827715e+01
-1.026518340534601137e+01 2.284371840603901305e+00 4.139333128825350983e-01 2.284371840603901305e+00 7.120786689711110284e+00 1.098911055511264667e+00 4.139333128825350983e-01 1.098911055511264667e+00 -8.559896747929437666e+00
-2.416100761602052449e-01 7.078888310410318407e-01 5.822825359149942592e+00 7.078888310410318407e-01 -3.132860854695599606e+00 -4.581826404661084595e+00 5.822825359149942592e+00 -4.581826404661084595e+00 1.054823644189903042e+01
1.699498999460265836e+01 3.374296906637054061e+00 -2.569799318270480915e-01 3.374296906637054061e+00 2.546840921376270828e+01 -3.391599575539330669e+00 -2.569799318270480915e-01 -3.391599575539330669e+00 2.855318888537040678e+01
-5.400205257594648423e+00 -3.032259481386875288e-01 -1.759460772121939076e+00 -3.032259481386875288e-01 4.225842647997133383e+00 -1.066484151972608174e+01 -1.759460772121939076e+00 -1.066484151972608174e+01 1.368529286716658966e+00
1.069936638547916452e+01 -1.591202257638786977e+00 -8.813535491010134892e-01 -1.591202257638786977e+00 2.745590349076593739e+01 -7.437762015328154952e+00 -8.813535491010134892e-01 -7.437762015328154952e+00 6.330577635836245776e+00
5.068756803154405688e+00 9.995028366731318670e+00 3.638938124751677217e-01 9.995028366731318670e+00 -1.481795757115277112e+00 -7.732207682909939539e-01 3.638938124751677217e-01 -7.732207682909939539e-01 -7.807635219908943824e+00
3.078890985771708699e+01 -2.709202285747485561e+00 2.673361691442912136e+00 -2.709202285747485561e+00 2.654191593809710525e+01 8.190590034587413859e-01 2.673361691442912136e+00 8.190590034587413859e-01 2.918863378567762368e+01
1.483113134591664384e+01 -6.738640998186713027e+00 4.126356868488770258e-01 -6.738640998186713027e+00 2.340476118988402376e+01 -1.278192645453137644e+01 4.126356868488770258e-01 -1.278192645453137644e+01 2.828669717575729337e+01
3.146361778341108106e+01 -2.919260055760370509e+00 -6.667794889310139972e+00 -2.919260055760370509e+00 2.989635664898935730e+01 4.839751417534292166e+00 -6.667794889310139972e+00 4.839751417534292166e+00 2.755721085348551469e+01
-4.617638224509538425e+00 -5.378210277367423409e+00 4.417275072408613390e+00 -5.378210277367423409e+00 5.706583695891584540e+00 -6.488144424218722506e+00 4.417275072408613390e+00 -6.488144424218722506e+00 3.758804699743203859e+00
2.643620078798173978e+01 -8.609077689936215805e+00 1.768162851109347899e+00 -8.609077689936215805e+00 3.464668532888360630e+01 2.037125308965237469e+00 1.768162851109347899e+00 2.037125308965237469e+00 3.582910494987793015e+01
-5.682314698106861961e+00 -2.929594930521021712e-01 2.592059333321417469e+00 -2.929594930521021712e-01 -4.043434941392254345e+00 4.226861631624312388e+00 2.592059333321417469e+00 4.226861631624312388e+00 4.342006967540636531e+00
2.907937798638985782e+01 -3.844414049092431007e+00 7.553384901130405504e-02 -3.844414049092431007e+00 3.280005364844830495e+01 -5.867142952441406933e+00 7.553384901130405504e-02 -5.867142952441406933e+00 2.728067633793366653e+01
2.345654203847355390e+01 2.149879742943648253e+00 -1.003951559766891322e+00 2.149879742943648253e+00 2.684027342889431011e+01 1.742630529719935151e+00 -1.003951559766891322e+00 1.742630529719935151e+00 1.610779733405846414e+01
3.691688861235249419e+01 -4.443335165264044484e+00 -1.596661210477370529e+00 -4.443335165264044484e+00 3.291864983506151532e+01 6.586656009920885069e+00 -1.596661210477370529e+00 6.586656009920885069e+00 3.119606855288995106e+01
1.195220121392244117e+01 5.502163531249840700e-01 1.046014801975206771e-01 5.502163531249840700e-01 2.200457969677904657e+01 3.405795879943089854e+00 1.046014801975206771e-01 3.405795879943089854e+00 2.526893829213481624e+01
3.309708833917235893e+01 -2.219222563685831595e+00 -5.303227740686078384e+00 -2.219222563685831595e+00 3.016606841258626304e+01 -6.822672156669927490e-02 -5.303227740686078384e+00 -6.822672156669927490e-02 2.847224882032251614e+01
2.104050025132479718e+01 6.907722565750797017e+00 8.115190984911579974e+00 6.907722565750797017e+00 2.269412811270740349e+01 -2.862387322586574800e+00 8.115190984911579974e+00 -2.862387322586574800e+00 3.069030987823542134e+01
3.106553534329499300e+01 -2.085216533446677900e+00 -2.229562025332630704e+00 -2.085216533446677900e+00 3.005326637824730085e+01 -2.656531438638046083e+00 -2.229562025332630704e+00 -2.656531438638046083e+00 2.938323064117274086e+01
3.598387129764453363e+01 -9.012449159287076128e+00 1.884269331746018850e+00 -9.012449159287076128e+00 3.338634349670240908e+01 -1.387101381659793242e+00 1.884269331746018850e+00 -1.387101381659793242e+00 2.711529123458059587e+01
2.937391818324126191e+01 -3.915237406315431379e+00 -1.342087178410895643e-01 -3.915237406315431379e+00 3.211812557542234714e+01 5.011285775456345348e+00 -1.342087178410895643e-01 5.011285775456345348e+00 3.145190020566764844e+01
1.308628961950794434e+01 -1.498774753511411817e-01 -1.765427300578785497e+00 -1.498774753511411817e-01 2.005798720887432296e+01 1.074366992658993780e+01 -1.765427300578785497e+00 1.074366992658993780e+01 2.577928996669837147e+01
2.925276925001941208e+01 -7.284241301205069519e+00 -6.000624708056653489e+00 -7.284241301205069519e+00 2.707919368985152175e+01 -5.165094544001200827e-01 -6.000624708056653489e+00 -5.165094544001200827e-01 3.238613284800455006e+01
3.350556290779243795e+01 -2.636771791397322318e+00 2.480836398997507075e+00 -2.636771791397322318e+00 2.941209606882958028e+01 4.362164366567397034e-01 2.480836398997507075e+00 4.362164366567397034e-01 2.625207585925910436e+01
2.504034126966797658e+01 -2.215368117300295037e+00 4.162220626521273559e+00 -2.215368117300295037e+00 2.185316598453695391e+01 -6.129600450586053517e-01 4.162220626521273559e+00 -6.129600450586053517e-01 2.373680900768551538e+01
-4.237959197646483211e+00 -9.735300393988070011e-01 -1.441943961999662349e+00 -9.735300393988070011e-01 -6.502378290747063083e+00 -3.606388259273863195e+00 -1.441943961999662349e+00 -3.606388259273863195e+00 7.813165775975709160e+00
3.000346587485504557e+01 -5.287783583804690046e+00 -4.913021389668851491e+00 -5.287783583804690046e+00 2.637766955603521879e+01 4.658120184701614042e-01 -4.913021389668851491e+00 4.658120184701614042e-01 2.740781652515290645e+01
3.410420313405900572e+01 -1.847805512964626029e+00 -5.758034779950327753e+00 -1.847805512964626029e+00 2.905458466437349330e+01 1.789060421658579036e+00 -5.758034779950327753e+00 1.789060421658579036e+00 2.994565282732482814e+01
7.083775393243115559e+00 1.678715070690102840e+00 1.451913031828774958e+00 1.678715070690102840e+00 4.191962689174474122e+00 -1.731495278020423578e+00 1.451913031828774958e+00 -1.731495278020423578e+00 1.015955916366837641e+01
2.202301537428121847e+01 5.232279729385703959e+00 -1.736775365439561680e+00 5.232279729385703959e+00 2.253737092076191217e+01 4.363181001244627599e-01 -1.736775365439561680e+00 4.363181001244627599e-01 2.639666421543198283e+01
1.921950987095808472e+00 5.453056679317760391e+00 9.803252454434717711e-01 5.453056679317760391e+00 4.995221928217249641e+00 2.644479417522497489e+00 9.803252454434717711e-01 2.644479417522497489e+00 -8.256752502455142917e+00
2.664878350501523840e+01 4.174453820576835145e-02 1.928452412308187647e+00 4.174453820576835145e-02 2.942060680697457897e+01 -8.458450909839458021e+00 1.928452412308187647e+00 -8.458450909839458021e+00 3.001370154499542053e+01
1.224475827148207863e+01 3.959348712049765240e+00 5.511583398911552578e+00 3.959348712049765240e+00 -1.608775539498333629e+00 4.011789904579712740e+00 5.511583398911552578e+00 4.011789904579712740e+00 3.937507298171385450e+00
2.525693984918874335e+01 -2.131661914659363610e+00 1.564316902529767184e+00 -2.131661914659363610e+00 2.384513234841509544e+01 2.566122268219614422e-01 1.564316902529767184e+00 2.566122268219614422e-01 1.472261676448660062e+01
1.482620036752578585e+00 -3.885075631437538757e+00 1.003508321110660084e+01 -3.885075631437538757e+00 -5.795105855569135933e+00 2.036474590864531642e+00 1.003508321110660084e+01 2.036474590864531642e+00 -3.314229668348125823e+00
-8.884843350806488349e-01 3.986239211339555943e+00 -2.611047254308118681e+00 3.986239211339555943e+00 -9.739243904350772141e+00 -2.556415291055030181e+00 -2.611047254308118681e+00 -2.556415291055030181e+00 1.467042768224614768e+01
2.261903884159976030e+01 4.783262577860693199e+00 -4.907940714663740600e+00 4.783262577860693199e+00 2.374100256926652008e+01 -2.003709087688623658e+00 -4.907940714663740600e+00 -2.003709087688623658e+00 2.915544858458844502e+01
1.792442306601414792e+00 2.936737451235875707e+00 -2.770506978224490879e+00 2.936737451235875707e+00 6.096486607856314244e+00 -3.028278075321310658e-01 -2.770506978224490879e+00 -3.028278075321310658e-01 4.819048748090722256e+00
-7.646098340067650767e+00 3.243370563158753495e+00 -5.114863995654257423e+00 3.243370563158753495e+00 -6.178814018505661032e+00 -6.366502857603757448e+00 -5.114863995654257423e+00 -6.366502857603757448e+00 5.962871292603825424e+00
2.156816040160344006e+00 -1.408762768438027446e-01 -4.508434454951990134e+00 -1.408762768438027446e-01 -7.420338431297294868e+00 -6.208320122771667782e-01 -4.508434454951990134e+00 -6.208320122771667782e-01 -4.470455898343853041e-01
-4.711161524255991218e+00 4.935589620107695197e+00 -1.798939227422431619e+00 4.935589620107695197e+00 5.925706949562030701e+00 -1.319262384816410227e+00 -1.798939227422431619e+00 -1.319262384816410227e+00 3.536197248377412894e+00
-1.147900636360586590e+00 -8.111028188861753918e+00 1.039272423794911759e+01 -8.111028188861753918e+00 -2.171528658795903510e+00 -2.063621430276419311e+00 1.039272423794911759e+01 -2.063621430276419311e+00 6.923392547917307738e+00
2.778065318707034947e+01 -4.664888673833987198e+00 -5.683096226021874031e+00 -4.664888673833987198e+00 2.606483161622162470e+01 8.168988643310198805e-01 -5.683096226021874031e+00 8.168988643310198805e-01 2.813801137885095827e+01
-6.786529105704980580e+00 3.284401718834137007e+00 -2.364594242215879660e+00 3.284401718834137007e+00 5.210343391913305311e+00 2.409650282283774647e+00 -2.364594242215879660e+00 2.409650282283774647e+00 -5.169929342140736850e+00
