1.043582773045991097e+01 7.409129505617777500e-01 2.152953783159466283e+00 7.409129505617777500e-01 1.036263612650292565e+01 -1.149766311160832943e+00 2.152953783159466283e+00 -1.149766311160832943e+00 -7.928740985900317284e+00
-2.521930780986723963e+00 7.595832419626515897e-01 -2.124868524224661770e-01 7.595832419626515897e-01 -7.625760626761466376e+00 -1.969418041634865668e+00 -2.124868524224661770e-01 -1.969418041634865668e+00 8.569282238232162285e+00
2.857540385923842408e+01 1.556178906830804065e+00 2.894709467882634168e+00 1.556178906830804065e+00 1.403713048843395050e+01 -2.004348867823445290e-01 2.894709467882634168e+00 -2.004348867823445290e-01 2.393967547775899618e+01
-3.288503205338379143e+00 6.455996494335729530e-01 -7.217923514933734630e+00 6.455996494335729530e-01 -1.149784858883998417e+01 -3.752121014910893670e+00 -7.217923514933734630e+00 -3.752121014910893670e+00 6.047840130677139214e+00
-5.669862542363968139e-01 2.924799001639350582e+00 -8.321194397083686578e-02 2.924799001639350582e+00 -9.431678608896135074e+00 -2.606507201610413382e+00 -8.321194397083686578e-02 -2.606507201610413382e+00 7.945333966353369526e+00
3.293123580325708843e+00 4.033153960541234484e-02 -1.566817848678650593e+00 4.033153960541234484e-02 -4.419548548675296118e+00 -8.055115985294085679e-01 -1.566817848678650593e+00 -8.055115985294085679e-01 5.935987297394513362e+00
1.026741008063180871e+01 -1.764574842385937758e+00 1.474505349809582810e+00 -1.764574842385937758e+00 -3.862792518370191885e+00 -4.117606917179509551e+00 1.474505349809582810e+00 -4.117606917179509551e+00 6.573808762285449081e-01
2.220319683490832574e+01 2.146337124390165219e+00 1.759380665365773311e+00 2.146337124390165219e+00 7.550009122438779308e+00 7.172672987279478996e+00 1.759380665365773311e+00 7.172672987279478996e+00 2.433210644890933239e+01
-8.138886663300352708e+00 -1.464344212582134208e+00 -3.335213657307428026e+00 -1.464344212582134208e+00 -1.576519677432816735e+01 2.586021607444378034e+00 -3.335213657307428026e+00 2.586021607444378034e+00 -1.167800579736463451e+00
3.634983227679751572e+00 -7.767545850240774319e-02 2.055076529917406969e+00 -7.767545850240774319e-02 4.759638969558211308e+00 -5.224277134153089364e+00 2.055076529917406969e+00 -5.224277134153089364e+00 9.951145770459227435e+00
1.396172238214234085e+01 -5.101520153925771517e-01 1.118385677433447301e+00 -5.101520153925771517e-01 1.876085572740599616e+00 -1.076302010358663575e+00 1.118385677433447301e+00 -1.076302010358663575e+00 7.678723127223325839e+00
-2.894138318708628255e+00 -1.595062286221451631e+00 1.844285321983605064e+00 -1.595062286221451631e+00 -1.313539738669048518e+01 -2.970673891055021443e+00 1.844285321983605064e+00 -2.970673891055021443e+00 1.615231163556259730e+01
-1.333415198009579328e+01 -1.378320406711016188e+00 -3.226351052315462375e+00 -1.378320406711016188e+00 -1.792827221821404748e+01 2.949519845251514560e+00 -3.226351052315462375e+00 2.949519845251514560e+00 1.839945632911533235e-01
1.429456107367677653e+01 -4.082756453465080426e+00 -4.461229969106185855e+00 -4.082756453465080426e+00 2.542381730437186071e+00 1.675904067312950607e+00 -4.461229969106185855e+00 1.675904067312950607e+00 5.750210542024137617e+00
8.486259379970464423e+00 2.583424611536052851e+00 -6.938011163080354038e+00 2.583424611536052851e+00 -4.047763378484079411e+00 -7.087332479875643187e+00 -6.938011163080354038e+00 -7.087332479875643187e+00 1.620814896280711892e+01
5.238670422677798477e+00 -1.574222067765692623e-01 -2.173474426975765095e+00 -1.574222067765692623e-01 1.038102966690845896e+01 1.248341149381039239e+00 -2.173474426975765095e+00 1.248341149381039239e+00 1.297191236220291977e+01
9.848910754282707458e+00 3.144040150537670275e+00 -2.270213844896574074e+00 3.144040150537670275e+00 -7.086148502682952710e+00 -1.165539825295461712e-01 -2.270213844896574074e+00 -1.165539825295461712e-01 -5.730781764471933215e+00
-1.080547830392633912e+01 -9.797596907062822158e-01 -3.602031191341419802e+00 -9.797596907062822158e-01 -1.557388364163819006e+01 2.735813665230238723e+00 -3.602031191341419802e+00 2.735813665230238723e+00 -1.071887420929112489e+00
2.265790266808534170e+01 -4.079345082744715079e+00 -9.453633340353270853e+00 -4.079345082744715079e+00 5.933030494905656482e+00 7.355210630257729143e+00 -9.453633340353270853e+00 7.355210630257729143e+00 1.559332502073299764e+01
-7.713648510026262173e+00 -2.241909069224047535e+00 -3.251324798975098407e+00 -2.241909069224047535e+00 -5.580194085762611778e+00 5.892981155934874593e+00 -3.251324798975098407e+00 5.892981155934874593e+00 1.409650331274491286e+01
1.630522983756502731e+00 -6.344778580414617286e-01 -5.111656031651465870e-01 -6.344778580414617286e-01 -1.425762622786587164e+00 -1.401553988238238568e-01 -5.111656031651465870e-01 -1.401553988238238568e-01 1.087335965750891376e+01
-3.532446691931955485e+00 5.110036748640060800e-02 1.959004434807295691e+00 5.110036748640060800e-02 -8.208635380230738576e+00 -4.852306613829316717e+00 1.959004434807295691e+00 -4.852306613829316717e+00 1.255736772173068694e+01
-7.731898547310173120e-01 2.985888256394320983e+00 3.654037014605978406e+00 2.985888256394320983e+00 -7.162732376489465480e+00 6.929980305920347972e-01 3.654037014605978406e+00 6.929980305920347972e-01 2.527836029345395641e+00
