-9.012868443812273256e+00 -1.223023838176698685e+00 3.041635291108728101e+00 -1.223023838176698685e+00 -1.858154368695873915e+00 1.560234125136709560e+00 3.041635291108728101e+00 1.560234125136709560e+00 -8.731310040319472776e+00
-1.160189714962445251e+01 -1.111569434210873952e+00 3.864526921705981333e-01 -1.111569434210873952e+00 -5.573601630666204620e+00 4.972316181141169245e-01 3.864526921705981333e-01 4.972316181141169245e-01 1.922045794819210673e+00
-4.304026786855062348e+00 1.297777913285724505e-01 -1.090568015106618827e+00 1.297777913285724505e-01 -5.569533091832863825e+00 2.870350916992672641e+00 -1.090568015106618827e+00 2.870350916992672641e+00 -8.500200064506174158e+00
-1.176309985833487559e+01 -2.008966564747859174e+00 -6.364431810329715944e-01 -2.008966564747859174e+00 -4.094916509540030169e+00 4.444712831837079881e-01 -6.364431810329715944e-01 4.444712831837079881e-01 1.712014644958804865e+01
-2.761819706102304650e+00 1.644410452636127618e+00 3.911497247392752286e-01 1.644410452636127618e+00 4.018886786691177271e+00 1.762558153178576781e+00 3.911497247392752286e-01 1.762558153178576781e+00 1.077881427002485432e-02
-6.471309859438848733e+00 1.496554017278778126e+00 -3.047176263171833543e+00 1.496554017278778126e+00 5.257348550352141991e+00 -7.110695866464968873e-01 -3.047176263171833543e+00 -7.110695866464968873e-01 -4.688990321407088935e+00
-9.389780702191496076e+00 2.122862272504695280e+00 -1.068918172128120680e+00 2.122862272504695280e+00 -1.215008343364735310e+01 8.795071989861512618e-01 -1.068918172128120680e+00 8.795071989861512618e-01 -9.120284974970349623e+00
-8.352409763692053346e+00 -2.011294067384878481e+00 -2.069442044756370169e+00 -2.011294067384878481e+00 -1.593235435241661557e+00 -3.101320489849029194e+00 -2.069442044756370169e+00 -3.101320489849029194e+00 1.386684114068738261e+01
1.941244003535735008e+00 7.557561804618116996e-01 -1.668739717265537825e+00 7.557561804618116996e-01 6.003925531862451592e+00 -1.836520769894064431e+00 -1.668739717265537825e+00 -1.836520769894064431e+00 2.701768967701223101e+00
-8.206489409068579377e+00 -1.873056579041172398e+00 -2.412324288160994534e+00 -1.873056579041172398e+00 -1.321929537600549542e+00 -1.924389446156369532e+00 -2.412324288160994534e+00 -1.924389446156369532e+00 1.623601277499043150e+01
-9.489166848591134240e+00 -3.735856436505096551e-02 2.527550768035273343e+00 -3.735856436505096551e-02 -3.347321378026284489e+00 1.994708771982840023e+00 2.527550768035273343e+00 1.994708771982840023e+00 -9.316428406519884575e+00
-2.593701944664468684e+00 -1.217852919475874929e+00 5.301177733039668105e-01 -1.217852919475874929e+00 1.081950048596760006e+01 2.146932449557558797e+00 5.301177733039668105e-01 2.146932449557558797e+00 1.054231174353425970e+01
-5.744541432417825888e+00 4.629379939054058535e-01 -9.107588529653424247e-01 4.629379939054058535e-01 -7.330747240640511642e+00 1.169790203763971581e+00 -9.107588529653424247e-01 1.169790203763971581e+00 -5.656081393707248495e+00
-1.023192315487381343e+01 6.083469034251111074e-01 -4.018042586664857252e-01 6.083469034251111074e-01 -1.336138206695021680e+01 -4.060748507825193143e-01 -4.018042586664857252e-01 -4.060748507825193143e-01 -1.014328312994756232e+01
-1.452311633010766379e+01 -1.994115386624642161e+00 -8.746480565042930033e-01 -1.994115386624642161e+00 -7.858203213242608953e+00 9.935453167952310594e-01 -8.746480565042930033e-01 9.935453167952310594e-01 -6.812477707140534910e+00
-1.275456097893735041e+01 -3.349538735026644343e+00 -1.842949042686161887e+00 -3.349538735026644343e+00 -5.845102794113929967e+00 -4.561310012256384883e-01 -1.842949042686161887e+00 -4.561310012256384883e-01 -6.633202839437148945e+00
-8.656455033841270463e+00 -1.775368621127968893e+00 1.117359839068889915e+00 -1.775368621127968893e+00 -6.401766881103432283e+00 -1.137531947133434640e+00 1.117359839068889915e+00 -1.137531947133434640e+00 -5.813815093730592132e+00
-9.477580934104711474e+00 1.415867522665038791e+00 -3.083523780063218478e+00 1.415867522665038791e+00 -6.112961830935065954e+00 -8.538990988927992465e-01 -3.083523780063218478e+00 -8.538990988927992465e-01 -7.418965791814115640e+00
-8.686718041740384422e+00 2.781844768722383510e+00 -5.504503401634437409e-01 2.781844768722383510e+00 -2.003795811307311325e+00 -3.523971334742938666e+00 -5.504503401634437409e-01 -3.523971334742938666e+00 -1.219144437765021571e+00
-6.433721223460504568e+00 2.974561552072324755e+00 -7.362311869566495748e-01 2.974561552072324755e+00 4.796016413489661012e+00 -3.351868471625095158e-01 -7.362311869566495748e-01 -3.351868471625095158e-01 9.701797179821690875e+00
4.876838782706521269e-01 -4.153354662847271506e+00 1.090450398550627087e+00 -4.153354662847271506e+00 4.365338942261397293e+00 -3.142849363732696522e-01 1.090450398550627087e+00 -3.142849363732696522e-01 2.182718897561706228e+01
-8.290019270587677624e+00 -3.521507871836218939e+00 -7.809467313836223612e-01 -3.521507871836218939e+00 2.903041167128732614e+00 -2.442236344255070524e+00 -7.809467313836223612e-01 -2.442236344255070524e+00 -2.219197495966624967e+00
-1.376268240900853002e+01 -1.234789679746544078e+00 3.420027847528213538e+00 -1.234789679746544078e+00 -8.724242040370834061e+00 -3.647711087685067133e-01 3.420027847528213538e+00 -3.647711087685067133e-01 -9.638664578273667516e+00
-4.516756863860353022e+00 1.032850713368280937e+00 1.540870592750341661e+00 1.032850713368280937e+00 -9.737396478544366740e-01 6.164974006491340530e-01 1.540870592750341661e+00 6.164974006491340530e-01 -4.170761993513772303e+00
-1.056597422253405405e+01 -1.740531297614573703e+00 -2.117010473870457155e+00 -1.740531297614573703e+00 -8.105392710909404386e+00 -1.653501819404269879e+00 -2.117010473870457155e+00 -1.653501819404269879e+00 -1.553969995416922600e+00
-1.072594540642075422e+01 1.408620562392665976e+00 -5.599256876057275845e-01 1.408620562392665976e+00 -7.903916634311318745e+00 4.305517461164249049e+00 -5.599256876057275845e-01 4.305517461164249049e+00 -8.683648721527603698e+00
-7.526757061258209980e+00 -1.517843748164085405e+00 -2.306041751638883586e+00 -1.517843748164085405e+00 2.873272881007995938e+00 -1.698080068106998741e+00 -2.306041751638883586e+00 -1.698080068106998741e+00 -6.117243897133827879e+00
-1.153988435198460216e+01 -5.257458521748454849e+00 -1.782482147301580611e+00 -5.257458521748454849e+00 -2.873068059418328046e-02 -9.493480681109364716e-02 -1.782482147301580611e+00 -9.493480681109364716e-02 -2.887427833911352604e+00
-1.125688933806378955e+01 -1.832449861935937063e+00 7.866631728392736722e-01 -1.832449861935937063e+00 -8.060501309519262136e+00 -4.786670253821853072e-01 7.866631728392736722e-01 -4.786670253821853072e-01 -9.060571321156514202e+00
-8.202483313089958372e+00 1.677661848542571832e+00 1.854531038790725228e+00 1.677661848542571832e+00 -6.575685883565454581e+00 2.833858339479680577e+00 1.854531038790725228e+00 2.833858339479680577e+00 -4.817401641804304191e+00
-4.322066146587920876e+00 -6.585994148929628922e-02 -3.402198008064830081e-01 -6.585994148929628922e-02 1.828383638854736093e+00 8.797379599688623930e-01 -3.402198008064830081e-01 8.797379599688623930e-01 -4.247718344598513163e+00
-2.321257970689488026e+00 8.277785912946098446e-01 -2.557483102443101508e+00 8.277785912946098446e-01 4.421945443484179172e+00 2.653461777758793882e+00 -2.557483102443101508e+00 2.653461777758793882e+00 1.122618773959957572e+01
5.298464491102222951e+00 4.188655727036643128e+00 7.430218735883228343e-01 4.188655727036643128e+00 5.058773342734960821e+00 4.380599198840835484e+00 7.430218735883228343e-01 4.380599198840835484e+00 1.552804964263204912e+00
-4.918212742356194767e+00 -4.150018112613015342e-01 2.137415293680117845e+00 -4.150018112613015342e-01 -5.307350036331094145e+00 -2.550666962008037442e-01 2.137415293680117845e+00 -2.550666962008037442e-01 -1.009995841417173246e+01
-6.628564387361800314e+00 8.613915405842657691e+00 -1.495954087376221819e+00 8.613915405842657691e+00 6.854637165436735735e+00 -9.900575672616330536e+00 -1.495954087376221819e+00 -9.900575672616330536e+00 9.684548701375135515e-02
8.917047480857476671e+00 1.074875622157358546e+00 3.557591894532478705e+00 1.074875622157358546e+00 5.638890359002432184e+00 -7.181789460562845173e-01 3.557591894532478705e+00 -7.181789460562845173e-01 5.360329532445691214e-01
-8.211100923269405882e+00 3.777110545367075023e-01 1.312551142222036615e+00 3.777110545367075023e-01 -5.086112997087471888e-01 3.069019172737318613e+00 1.312551142222036615e+00 3.069019172737318613e+00 -6.748030259098502626e+00
-1.214077943506237567e+01 -2.261413369243205462e+00 2.225834176183084878e+00 -2.261413369243205462e+00 -6.754681382315164129e+00 -3.231779949291551102e+00 2.225834176183084878e+00 -3.231779949291551102e+00 -9.178105535903300805e+00
-1.207816645003030054e+01 -1.732498015167107885e+00 -3.600362452985012007e-01 -1.732498015167107885e+00 -4.373498608815930666e+00 1.147902166439873861e+00 -3.600362452985012007e-01 1.147902166439873861e+00 -2.438074956293972750e+00
-1.186201106204819489e+01 1.838826840144625274e+00 -2.311956614985060998e+00 1.838826840144625274e+00 -2.631118751797849153e+00 -4.449697976982226244e+00 -2.311956614985060998e+00 -4.449697976982226244e+00 2.937417961321524995e+00
9.068557839891709937e-01 3.293488489148525655e+00 3.352233956306330809e-01 3.293488489148525655e+00 3.459997315375378690e+00 3.031492462507737184e-01 3.352233956306330809e-01 3.031492462507737184e-01 7.802483974663714683e+00
-1.384529206164280346e+01 -1.999848523009118306e+00 -1.099987203759676735e+00 -1.999848523009118306e+00 -7.635109748824959297e+00 -2.374261236713354206e-01 -1.099987203759676735e+00 -2.374261236713354206e-01 2.362971920076981647e+00
-9.272223123316353011e+00 -4.190360922637409224e+00 -1.926740744356317370e+00 -4.190360922637409224e+00 2.253688906806575964e+00 3.142442118872247114e+00 -1.926740744356317370e+00 3.142442118872247114e+00 1.376386049294426961e+01
-1.391841925132037794e+01 1.124347974910460568e+00 -1.875896663400501430e+00 1.124347974910460568e+00 -6.971942528714420106e+00 -3.756477643607320172e+00 -1.875896663400501430e+00 -3.756477643607320172e+00 -1.284742771144422799e-03
-4.749980754615664047e+00 3.670408406004552759e-01 1.694061016178907586e+00 3.670408406004552759e-01 -5.334488409912021112e+00 -2.827559274802760036e-01 1.694061016178907586e+00 -2.827559274802760036e-01 -3.136258051586043649e+00
-9.388427242504349124e+00 3.247254840525399366e+00 -1.326099571732111126e+00 3.247254840525399366e+00 1.685888730878502217e+00 -1.885605365056138627e+00 -1.326099571732111126e+00 -1.885605365056138627e+00 3.158250954528169174e+00
-1.240776152478892413e+01 -3.572118778123392069e-01 -1.453205958642207751e-01 -3.572118778123392069e-01 -1.089766522740410792e+01 2.821696392277222909e+00 -1.453205958642207751e-01 2.821696392277222909e+00 -1.261167569076393136e+01
-9.963037608095483222e+00 2.066539739795330011e+00 8.527427445599620182e-01 2.066539739795330011e+00 -1.074090859373944440e+00 -1.636147180328378026e+00 8.527427445599620182e-01 -1.636147180328378026e+00 -5.672620439019072869e+00
2.245289591114961070e+00 1.684318294778241132e+00 -2.162322255062951282e+00 1.684318294778241132e+00 7.056901474810093333e+00 -1.262073374091563061e+00 -2.162322255062951282e+00 -1.262073374091563061e+00 3.754769694280066794e+00
6.641670755508743085e+00 6.073611784386262480e-01 -1.783522035724944610e+00 6.073611784386262480e-01 -5.445738535982529882e+00 1.035479601258125076e-01 -1.783522035724944610e+00 1.035479601258125076e-01 -8.367251567970212633e+00
-8.644794804592233817e+00 -3.791814474046271699e-01 3.918616147018711554e-02 -3.791814474046271699e-01 8.891504715082824140e-01 -1.189325676143962035e-01 3.918616147018711554e-02 -1.189325676143962035e-01 7.220842650667692597e-01
-4.755125731187511917e+00 -1.096703254680559403e-01 -1.347024095817947797e+00 -1.096703254680559403e-01 5.063375232523687153e+00 -1.937480823547933939e+00 -1.347024095817947797e+00 -1.937480823547933939e+00 1.078830676696891722e+01
-1.176675237987619482e+01 2.664125963529422769e+00 1.146951525676238814e+00 2.664125963529422769e+00 -7.537284457627451140e+00 3.176450725941542430e+00 1.146951525676238814e+00 3.176450725941542430e+00 -6.706526038552938829e+00
1.061061602627110467e+00 -9.223290310692681127e-01 6.422616066774323729e-01 -9.223290310692681127e-01 3.658923131213709823e+00 2.343308852516643448e+00 6.422616066774323729e-01 2.343308852516643448e+00 3.074694462297042019e+00
-5.018233313790662287e+00 -2.080268122139719900e+00 1.662249346243198644e+00 -2.080268122139719900e+00 -6.277594735911525836e-01 5.548107066366362972e+00 1.662249346243198644e+00 5.548107066366362972e+00 -9.742214500673516131e-01
-6.810765864895873989e+00 8.291757399770848247e-01 1.838683899595020543e+00 8.291757399770848247e-01 4.912157153685917876e+00 -3.261903341975610493e-01 1.838683899595020543e+00 -3.261903341975610493e-01 1.332278253676766511e+01
-5.636556568364303743e+00 -1.013862416213086259e+00 -1.931852744210185158e+00 -1.013862416213086259e+00 6.956195354735367431e+00 -1.208625484771036068e-01 -1.931852744210185158e+00 -1.208625484771036068e-01 6.168384731223636841e+00
-8.872537316171458244e+00 2.630666160689565380e-01 -2.247006381060351554e+00 2.630666160689565380e-01 3.074995430971402127e-02 3.620493208619443681e+00 -2.247006381060351554e+00 3.620493208619443681e+00 4.534244620239067380e+00
-5.222449576916678105e+00 3.391435729256512266e-01 -1.564893104196693141e+00 3.391435729256512266e-01 9.673142036604399863e+00 3.635237843021491000e-01 -1.564893104196693141e+00 3.635237843021491000e-01 7.126973536981095592e+00
-8.578647370289260721e+00 -1.509770701928750514e+00 -1.491504407781607533e+00 -1.509770701928750514e+00 -2.113563829031786856e+00 1.832454937911983217e+00 -1.491504407781607533e+00 1.832454937911983217e+00 1.486174984678282485e+01
-2.371175588860852113e+00 -9.331353010403150572e-01 5.162149483811261375e-01 -9.331353010403150572e-01 1.336667239541657359e+01 2.073464520519856080e+00 5.162149483811261375e-01 2.073464520519856080e+00 9.349457272763382676e+00
-1.008023478245931948e+01 -1.112059517851523259e-02 3.678099398199374259e-01 -1.112059517851523259e-02 -1.390919679081154214e+01 6.171035515706424501e-01 3.678099398199374259e-01 6.171035515706424501e-01 -1.387644888543648669e+01
-1.184546480583941985e+01 -3.742121611736175524e+00 -1.679543714242049512e+00 -3.742121611736175524e+00 1.576718823585486096e+00 -2.364910148095403786e-01 -1.679543714242049512e+00 -2.364910148095403786e-01 -6.669948277887903787e-01
-5.936885898573792453e+00 1.295606252914367928e+00 -5.940230362999480151e-01 1.295606252914367928e+00 7.931133892696261289e-02 -2.029244318321429930e+00 -5.940230362999480151e-01 -2.029244318321429930e+00 8.516859488417958701e+00
-1.305223778760923636e+01 -9.657656538163714721e-01 4.731066156956137969e-01 -9.657656538163714721e-01 -9.407753192150240196e+00 1.009020586260000352e+00 4.731066156956137969e-01 1.009020586260000352e+00 4.712093365116503674e-01
-7.730044950509415536e+00 -7.205614408975709040e-01 -4.333302417000777784e-01 -7.205614408975709040e-01 -1.824607192840643544e+00 2.999945906063096190e-01 -4.333302417000777784e-01 2.999945906063096190e-01 2.088204160932177444e+01
-7.194564219621073509e-01 -1.662378585257169084e+00 2.409662894453289628e+00 -1.662378585257169084e+00 -1.714248660059176199e+00 -1.370485238177048037e+00 2.409662894453289628e+00 -1.370485238177048037e+00 -6.673756862948881929e-01
-7.333811413861321959e+00 1.531282926240578490e+00 -8.962404575239456550e-01 1.531282926240578490e+00 5.403309507310709137e+00 3.507790059232985591e+00 -8.962404575239456550e-01 3.507790059232985591e+00 1.163257228310796698e+01
8.661483500287536330e+00 -1.799495362395113984e+00 4.644524572013596919e-01 -1.799495362395113984e+00 1.898270251758149385e+01 1.868995994560446627e+00 4.644524572013596919e-01 1.868995994560446627e+00 1.205227111324357026e+01
-6.461027209661590831e+00 -1.243776234284972082e+00 -2.209649720189312827e+00 -1.243776234284972082e+00 6.700340385706519797e+00 1.656062667756866613e+00 -2.209649720189312827e+00 1.656062667756866613e+00 -1.297361388806071547e+00
-1.720678037237519931e+01 -4.043805370065410854e-01 -3.760421425036168941e-01 -4.043805370065410854e-01 -1.004591693581658163e+01 1.412187187431593882e+00 -3.760421425036168941e-01 1.412187187431593882e+00 -1.293039006199964369e+01
-8.201269104146524214e+00 2.376639551221319646e+00 -9.391789685132921894e-01 2.376639551221319646e+00 9.542277115490795936e+00 2.772431104852433048e+00 -9.391789685132921894e-01 2.772431104852433048e+00 4.616577495539363696e+00
-1.350268801026409626e+01 -1.565261863649077156e+00 1.839263905865111459e+00 -1.565261863649077156e+00 -4.499924973145755125e+00 7.378272469277695755e-01 1.839263905865111459e+00 7.378272469277695755e-01 1.400821614833124507e+01
-9.251127761456391596e+00 -2.657174972300177185e+00 1.716122178570792745e+00 -2.657174972300177185e+00 4.772445450058009797e+00 1.635206519043819418e+00 1.716122178570792745e+00 1.635206519043819418e+00 1.439261718966350578e+01
-1.027001721190285011e+01 -1.990645445731393348e+00 -2.780163657930899146e-01 -1.990645445731393348e+00 -2.761391313973506456e+00 2.113580699643071714e+00 -2.780163657930899146e-01 2.113580699643071714e+00 -7.322561067967400916e+00
5.961904769937790505e+00 1.079010543528475807e+00 -1.478987006805872140e+00 1.079010543528475807e+00 3.253142350574315111e-01 1.893478785718974766e+00 -1.478987006805872140e+00 1.893478785718974766e+00 -6.720414246557768756e+00
-2.282573149734301143e+00 -4.423306859722827555e-01 -1.916207384113437051e+00 -4.423306859722827555e-01 8.051104095395730909e+00 4.693321965097113635e-01 -1.916207384113437051e+00 4.693321965097113635e-01 -3.607249408465472040e+00
-4.192297906324516710e+00 -5.336928448826885329e-01 3.888343988893784964e+00 -5.336928448826885329e-01 -9.147188962255956568e-01 1.566151874940692856e+00 3.888343988893784964e+00 1.566151874940692856e+00 3.233369233795111430e+00
-8.803151312230374614e+00 -1.355927806714662731e+00 -1.112873874451464073e-01 -1.355927806714662731e+00 -4.818598800231199242e+00 -1.186419559905848686e+00 -1.112873874451464073e-01 -1.186419559905848686e+00 -8.449300319558027184e+00
-1.504269258819331334e+01 -6.115995712617852131e-01 1.504405910099810395e+00 -6.115995712617852131e-01 -1.249945218607768460e+01 2.135685961706793867e-01 1.504405910099810395e+00 2.135685961706793867e-01 -1.039209735421029102e+01
-6.767285693593898976e+00 6.962177917855115750e-01 3.780528963220364247e-01 6.962177917855115750e-01 2.011813309828119234e+00 1.710170931274470840e+00 3.780528963220364247e-01 1.710170931274470840e+00 4.482108566080603929e+00
-2.605676682763949703e+00 3.599771177996850535e-01 6.040288935043629515e-01 3.599771177996850535e-01 -5.623731626023094066e-01 6.970792685518348297e-02 6.040288935043629515e-01 6.970792685518348297e-02 -7.379822050837784531e+00
6.826645235380079058e+00 2.245098248989225720e+00 2.569274047116901993e+00 2.245098248989225720e+00 7.165330115626103336e+00 6.996848940929199401e+00 2.569274047116901993e+00 6.996848940929199401e+00 1.091599922399596956e+01
-7.288767538022361769e+00 1.948052784637128498e+00 2.587413520077394224e+00 1.948052784637128498e+00 -1.039709723269169217e+01 -1.808997761766365509e+00 2.587413520077394224e+00 -1.808997761766365509e+00 -6.829937100483973289e+00
7.402664109609137510e-02 6.741271604946795781e-01 -1.058940536856787462e+00 6.741271604946795781e-01 4.583641717391317094e+00 1.197086562476195715e+00 -1.058940536856787462e+00 1.197086562476195715e+00 2.464168295373049489e+00
-1.239733808880512633e+01 -1.596745813106730250e-01 -1.696837544815482879e+00 -1.596745813106730250e-01 -1.329297341392339860e+01 -2.076268988159580164e+00 -1.696837544815482879e+00 -2.076268988159580164e+00 -1.094547987243633003e+01
-1.443475032645117828e+01 -4.155206684307142379e-02 -9.976770579860646526e-01 -4.155206684307142379e-02 -8.044532682009021940e+00 2.281198228605137768e+00 -9.976770579860646526e-01 2.281198228605137768e+00 -9.259238251142916099e+00
-9.683678601353662430e+00 -1.639193414540521143e+00 -6.179328345257217858e-01 -1.639193414540521143e+00 -9.332833838850916663e+00 1.957464094041724056e+00 -6.179328345257217858e-01 1.957464094041724056e+00 -7.878649570605354313e+00
-6.057090290082357775e+00 1.489254475644371523e+00 1.042100087064132596e+00 1.489254475644371523e+00 6.250624616828475588e+00 1.274001252051543132e+00 1.042100087064132596e+00 1.274001252051543132e+00 2.065384359117216206e+01
-1.195663172363169835e+01 1.994094017931345997e-01 -1.209242175861666491e+00 1.994094017931345997e-01 -5.258349050399185876e-02 -1.618010410798219167e+00 -1.209242175861666491e+00 -1.618010410798219167e+00 5.205295806031933203e-01
-7.052018327833535771e+00 4.350972346231671395e+00 2.558267769925853141e+00 4.350972346231671395e+00 -2.726244800527585443e+00 5.945282318897905149e+00 2.558267769925853141e+00 5.945282318897905149e+00 -1.074545784707623852e+00
-1.269350542922113334e+01 -1.639148116586494508e+00 -1.964138898012904033e-01 -1.639148116586494508e+00 -7.451284289559540142e+00 4.167510210358962297e-01 -1.964138898012904033e-01 4.167510210358962297e-01 2.522345056502544924e+00
-2.518434121191195363e+00 -6.988880733675150170e-01 8.294606343522843428e-01 -6.988880733675150170e-01 -2.169868870763788760e+00 -1.544051203388509652e+00 8.294606343522843428e-01 -1.544051203388509652e+00 -2.243112762174434671e+00
-3.443723955453876329e+00 8.831742619987328347e-01 1.755773206884369442e+00 8.831742619987328347e-01 5.866812785501434924e+00 1.218709437205333368e-01 1.755773206884369442e+00 1.218709437205333368e-01 9.496206509545072061e-01
-3.929750204564961713e+00 6.708823745771730351e-01 -9.789745878166908888e-01 6.708823745771730351e-01 -7.789887233136958855e+00 2.292875959576075928e+00 -9.789745878166908888e-01 2.292875959576075928e+00 -1.101197481237074349e+01
-1.402532127756766123e+01 -5.626561712115305536e-01 -9.943731191674654024e-01 -5.626561712115305536e-01 -1.057446025723087857e+01 3.381251430951439652e-01 -9.943731191674654024e-01 3.381251430951439652e-01 -1.266147578445384880e+01
-1.228369649543028963e+01 -2.258188526992491507e+00 4.923153037037696772e-02 -2.258188526992491507e+00 -9.357628626284746787e+00 1.251321335756563347e+00 4.923153037037696772e-02 1.251321335756563347e+00 -7.467953723810829558e+00
-5.161755950286056382e+00 -5.848778074219921352e-01 -2.706235621243396894e-01 -5.848778074219921352e-01 8.404006201103736418e-01 9.653235530322096247e-01 -2.706235621243396894e-01 9.653235530322096247e-01 2.106119656065063239e+01
-1.552085230502975310e+00 -6.614957697923473656e-02 -9.356027308802374876e-01 -6.614957697923473656e-02 5.298267396571744392e+00 8.367903932801092903e-01 -9.356027308802374876e-01 8.367903932801092903e-01 6.405288177959318485e-01
-1.740006379615539345e+01 4.311605778591635074e-01 -1.608372664475691494e+00 4.311605778591635074e-01 -9.704337828707634728e+00 -2.774998591756663857e-01 -1.608372664475691494e+00 -2.774998591756663857e-01 -9.685209273289949294e+00
