2.289869056583394524e+01 -5.551930246879052122e-01 3.467549098342398661e+00 -5.551930246879052122e-01 1.213134967791478225e+01 -2.533836860368912536e+00 3.467549098342398661e+00 -2.533836860368912536e+00 3.404826929388406143e+01
7.339614766953888925e+00 -7.939494950717466137e-01 5.957585379644542378e+00 -7.939494950717466137e-01 -1.436985945878698878e+01 -2.119703919905091549e+00 5.957585379644542378e+00 -2.119703919905091549e+00 -3.944792613463894426e+00
-8.381336732890918739e+00 -5.831849404605572440e-01 -2.037338811994461985e+00 -5.831849404605572440e-01 -1.747373531546002923e+01 8.073547491855831426e-02 -2.037338811994461985e+00 8.073547491855831426e-02 3.087553130990893013e+00
6.709790263925635934e+00 -1.492729973862471304e+00 1.782831594963902644e+00 -1.492729973862471304e+00 -2.464132704819769870e+00 -2.977775222507492714e+00 1.782831594963902644e+00 -2.977775222507492714e+00 2.412410688994521379e+00
-6.101301293741481224e+00 2.590906398987843584e+00 1.993911858618736321e+00 2.590906398987843584e+00 -3.698032688646506916e+00 -4.807640616073896034e+00 1.993911858618736321e+00 -4.807640616073896034e+00 7.320560693621069426e+00
-2.393950632199263850e+00 6.783710809607975678e-01 3.232157335697115830e+00 6.783710809607975678e-01 -5.933462327631749744e+00 -2.503194395782272430e+00 3.232157335697115830e+00 -2.503194395782272430e+00 3.431715169535114907e+00
2.236864477564216003e+01 1.145937735863467477e+00 1.592533115521145015e-01 1.145937735863467477e+00 6.987913336273583909e+00 -5.063596905091326761e+00 1.592533115521145015e-01 -5.063596905091326761e+00 1.097142359681671309e+01
1.996979089551047970e+00 -2.484413098633571959e+00 1.768798734929093897e+00 -2.484413098633571959e+00 -1.338199075167512220e+01 -4.935901022363853308e+00 1.768798734929093897e+00 -4.935901022363853308e+00 1.180056281307799892e+01
-1.803099823520131650e+00 -5.657001026749866046e-01 -2.149629915170581995e+00 -5.657001026749866046e-01 -3.215724078863404944e+00 -2.896674947045760007e+00 -2.149629915170581995e+00 -2.896674947045760007e+00 1.532207063941796221e+01
4.888452011799430785e+00 9.980526276141985509e-01 7.451107192480317387e-01 9.980526276141985509e-01 -1.870046163541458029e+01 6.552278760961677273e-01 7.451107192480317387e-01 6.552278760961677273e-01 -1.156113603234024367e+01
1.048820934734179566e+01 1.133516340572386261e+00 9.114492088599422948e-01 1.133516340572386261e+00 -3.483128260025766809e-01 -2.665952376362983323e+00 9.114492088599422948e-01 -2.665952376362983323e+00 1.348491602485514740e+01
-3.742847180426779996e+00 -1.088579247089117130e+00 -1.787607333009943122e+00 -1.088579247089117130e+00 -1.468334613495596841e+01 -2.935112675131993143e+00 -1.787607333009943122e+00 -2.935112675131993143e+00 6.819444731402346527e+00
3.970729122977265213e+00 -2.815674457541023745e+00 3.970117813134352858e-01 -2.815674457541023745e+00 -6.113696154300210850e+00 -7.739709016964583244e-01 3.970117813134352858e-01 -7.739709016964583244e-01 2.082815161630138689e+01
2.649197237331625487e+01 7.805802017240301982e-01 -1.037602989861966973e+00 7.805802017240301982e-01 5.747028281642291958e+00 3.967725305265505487e+00 -1.037602989861966973e+00 3.967725305265505487e+00 1.649957577826599575e+01
2.620518531155516939e+01 -1.256289474554038721e+00 -2.962385080951130067e+00 -1.256289474554038721e+00 1.252902960126810861e+01 -8.224934037168521450e-02 -2.962385080951130067e+00 -8.224934037168521450e-02 7.276604335476921648e+00
1.584367947454478376e+01 -5.358894418599346565e+00 8.070029299915383314e-01 -5.358894418599346565e+00 -1.062473859437101709e+01 -5.077868056983629863e-01 8.070029299915383314e-01 -5.077868056983629863e-01 -9.356266192081731603e+00
2.306597903345185774e+00 -1.791612854327621074e-01 2.639770361268633625e+00 -1.791612854327621074e-01 -6.061689054110243724e+00 -5.664683451058197816e-01 2.639770361268633625e+00 -5.664683451058197816e-01 1.521084914262199383e+01
2.463214421370687646e+01 -9.166911553788493761e-01 1.985364543139978899e+00 -9.166911553788493761e-01 2.144031012140620618e+01 -1.416712184229900195e+00 1.985364543139978899e+00 -1.416712184229900195e+00 2.251964603390067765e+01
-1.921613435287390592e+00 8.180310586243442206e-01 5.170475632179067027e+00 8.180310586243442206e-01 -1.225783214261164922e+01 2.210905629948135331e+00 5.170475632179067027e+00 2.210905629948135331e+00 9.371114990909758191e+00
5.270060802016027779e-01 -3.939956797340584682e+00 -2.400460292074999114e+00 -3.939956797340584682e+00 -1.227790498513385309e+01 3.138322009319148620e+00 -2.400460292074999114e+00 3.138322009319148620e+00 1.735812246588458407e+01
-1.570769131776990735e+00 2.661252496972749793e+00 -3.499528099894864686e-01 2.661252496972749793e+00 -1.425841492302299685e+01 1.193385490669723215e+00 -3.499528099894864686e-01 1.193385490669723215e+00 -1.517972338344153682e+00
-4.690973595538142860e+00 -3.007521893594720996e+00 2.952753712913581907e+00 -3.007521893594720996e+00 -1.042671442743080235e+01 -1.477492204585731661e-01 2.952753712913581907e+00 -1.477492204585731661e-01 3.096477358120142132e+00
7.323163548382126464e+00 1.480464535031991713e-01 1.970292870368629989e+00 1.480464535031991713e-01 3.769839725506792139e+00 3.100233892951190562e+00 1.970292870368629989e+00 3.100233892951190562e+00 1.137227660761168302e+01
6.232448052907990643e+00 1.155192749904762728e+00 -5.887554919069197368e+00 1.155192749904762728e+00 -1.412289748473151363e+01 -3.190231777499284022e-02 -5.887554919069197368e+00 -3.190231777499284022e-02 -6.958682722404330168e-01
4.660943491569509156e+00 9.588522620174435573e-01 -1.498890349198260585e+00 9.588522620174435573e-01 2.985212470846913213e+00 -1.432542068884073982e+00 -1.498890349198260585e+00 -1.432542068884073982e+00 1.400050410163501979e+01
1.468233889908845491e+01 3.481225655172138111e+00 -1.106469906088965560e+00 3.481225655172138111e+00 5.504605990965584006e+00 -5.619251083995967233e-02 -1.106469906088965560e+00 -5.619251083995967233e-02 1.435223815286341775e+01
2.844919172808728902e+01 1.531748931624084209e+00 -4.946325522342525510e-02 1.531748931624084209e+00 7.225963981654302870e+00 -3.603412739339395099e+00 -4.946325522342525510e-02 -3.603412739339395099e+00 1.759112321734751561e+01
-7.446396521085461906e+00 5.873460654542435044e-01 2.094708190784655866e+00 5.873460654542435044e-01 -6.097350853535774107e+00 -3.189202460109960224e+00 2.094708190784655866e+00 -3.189202460109960224e+00 1.611033798767290648e+01
-1.261622654757444062e+00 -5.385767572664246217e-01 9.213813027921131660e-01 -5.385767572664246217e-01 -8.677471405609761490e+00 3.416098250926351998e+00 9.213813027921131660e-01 3.416098250926351998e+00 9.424411689980704665e+00
-6.791074507584600184e+00 1.390704800825636189e+00 -5.017047563603092897e+00 1.390704800825636189e+00 -1.412117570715274084e+01 1.735207721025390892e+00 -5.017047563603092897e+00 1.735207721025390892e+00 1.620035137060581931e+01
-7.900612941348581497e-01 1.531902242640326983e-01 -5.607947539396586301e+00 1.531902242640326983e-01 -1.346711492268257437e+01 -3.770827608335568737e+00 -5.607947539396586301e+00 -3.770827608335568737e+00 9.453969817911318074e+00
-1.564758776272452412e+00 -8.747694106460873753e-01 3.763317025750247069e+00 -8.747694106460873753e-01 -9.831263889655115662e+00 -3.924974908340732149e+00 3.763317025750247069e+00 -3.924974908340732149e+00 1.968162463666093265e+00
-1.520235028076521555e+00 -5.521365659170635709e+00 -2.775091457004533524e+00 -5.521365659170635709e+00 -8.917742938683616671e+00 3.457085038380604547e-01 -2.775091457004533524e+00 3.457085038380604547e-01 3.507267206219689459e+00
-4.579126319456407579e+00 -2.955921519230090055e+00 4.361536661051309771e+00 -2.955921519230090055e+00 -1.423315130687636199e+01 -4.808335842047425146e+00 4.361536661051309771e+00 -4.808335842047425146e+00 2.869915285665348925e+00
-3.609335665891791223e+00 6.680276174481257767e-01 -1.435438977821440698e+00 6.680276174481257767e-01 -8.300736635947814079e+00 2.138294591352428942e+00 -1.435438977821440698e+00 2.138294591352428942e+00 9.045625587337786655e+00
-3.869752074932445662e+00 -4.535096656118684066e+00 1.287771820488859964e+00 -4.535096656118684066e+00 -1.084048855464166117e+01 5.366789565673829365e+00 1.287771820488859964e+00 5.366789565673829365e+00 1.063754227694269261e+01
2.764846433229067557e+01 7.016070645407845419e+00 2.373707410299695120e+00 7.016070645407845419e+00 1.449375226268026395e+01 -9.795625460303698517e+00 2.373707410299695120e+00 -9.795625460303698517e+00 4.012098319371018107e+01
-5.189941354250035666e+00 -1.124001395401343695e+00 -2.434478102529998189e+00 -1.124001395401343695e+00 -1.309831726250492423e+01 2.470576387731450829e+00 -2.434478102529998189e+00 2.470576387731450829e+00 1.040614356585988709e+01
1.893514519263542439e+01 2.938920849949579583e+00 9.901630147692156436e-01 2.938920849949579583e+00 1.301279031075599224e-01 -5.451991653731655951e-01 9.901630147692156436e-01 -5.451991653731655951e-01 -9.114471659914544333e+00
2.218354844654564673e+01 -6.249592916108576368e+00 -3.310721479731726813e+00 -6.249592916108576368e+00 1.036461922223761789e+01 -2.138747164994099670e+00 -3.310721479731726813e+00 -2.138747164994099670e+00 8.695642538591602744e+00
-7.692261933484568104e+00 1.012497706908600283e-02 2.196116564069483967e+00 1.012497706908600283e-02 -1.005922585609246767e+01 1.352683911387191573e+00 2.196116564069483967e+00 1.352683911387191573e+00 -1.199929400425759241e+00
3.032852323822402774e+00 -3.748207832084580637e+00 -2.446025056263802622e+00 -3.748207832084580637e+00 -2.126525441055198584e+00 -9.277463598955386637e-01 -2.446025056263802622e+00 -9.277463598955386637e-01 1.797651339504996670e+01
1.407042205975219140e+01 2.045533999795616342e+00 3.959823019931577814e+00 2.045533999795616342e+00 -7.695654972328224375e+00 3.240018192156082777e-01 3.959823019931577814e+00 3.240018192156082777e-01 1.465166258143053568e+00
2.337415172650270634e+01 4.533875191537672933e+00 2.238669104010824196e+00 4.533875191537672933e+00 1.424216345348116697e+01 -6.333917515015873967e+00 2.238669104010824196e+00 -6.333917515015873967e+00 4.173286963108019876e+01
2.495286457702534211e+00 1.501421396662065311e+00 8.166779620224052794e-01 1.501421396662065311e+00 8.407657409963357864e+00 -7.938964690994589901e-01 8.166779620224052794e-01 -7.938964690994589901e-01 9.989382720389953008e+00
2.094154265365806822e+01 2.535628122621178537e+00 -1.673589010339181282e+00 2.535628122621178537e+00 -4.627383365715659558e+00 2.127449501865572579e+00 -1.673589010339181282e+00 2.127449501865572579e+00 9.311121040279171979e+00
-1.669190105299854787e+00 9.044504060957636593e-01 -4.561464337578078343e+00 9.044504060957636593e-01 -9.395566405058232817e+00 1.003742221798622047e+00 -4.561464337578078343e+00 1.003742221798622047e+00 6.986882696816964611e+00
1.882912779339224230e+01 5.147114942796562786e+00 -4.986048127753488490e-01 5.147114942796562786e+00 8.944248108671168040e+00 -2.138397666300048794e+00 -4.986048127753488490e-01 -2.138397666300048794e+00 1.227862914511466386e+01
7.275544814717697761e+00 9.918606666791224269e-01 6.451524893946254391e-01 9.918606666791224269e-01 -1.224624331584451298e+01 2.668937495365120149e-01 6.451524893946254391e-01 2.668937495365120149e-01 6.871941221493107044e+00
1.114584959327809210e+00 -4.029854011319526030e+00 1.918707356873397218e+00 -4.029854011319526030e+00 -1.328467603123558582e+01 -3.724040233691136237e+00 1.918707356873397218e+00 -3.724040233691136237e+00 -5.568823745102078782e+00
5.472440704909835141e+00 -2.139833725616504978e+00 1.035486515034659050e+00 -2.139833725616504978e+00 -8.905591392732641332e-01 1.116545036978423999e+00 1.035486515034659050e+00 1.116545036978423999e+00 8.623707798696731430e+00
6.646846694500444741e+00 6.090581529426223106e+00 2.889324609688575407e+00 6.090581529426223106e+00 -8.636021698518568712e+00 1.501739203189959238e+00 2.889324609688575407e+00 1.501739203189959238e+00 1.314229065271240415e+01
-5.613907183657476985e+00 1.249505516371057556e+00 -2.240125929848498565e+00 1.249505516371057556e+00 -1.103987721313503911e+01 -2.627894320584267529e+00 -2.240125929848498565e+00 -2.627894320584267529e+00 1.175848519339419518e+01
-5.508887264803591144e+00 2.535350721873176116e+00 1.323460208770710356e-01 2.535350721873176116e+00 -1.287593770423399597e+01 -3.765945944130930201e+00 1.323460208770710356e-01 -3.765945944130930201e+00 1.264491348853047192e+01
2.778878985205313956e+00 4.593385098415899037e+00 -1.857060801008252326e+00 4.593385098415899037e+00 -1.909131684746217772e+01 6.858155603440426740e-01 -1.857060801008252326e+00 6.858155603440426740e-01 1.823493691137757278e+00
-2.146444465864002282e+00 -6.782262806177542791e-02 -3.529808743136114035e+00 -6.782262806177542791e-02 -1.465372757268970894e+01 7.519998213829144351e-01 -3.529808743136114035e+00 7.519998213829144351e-01 5.474484151977765833e+00
1.324883965336806924e+01 2.488615106668655041e+00 -6.950872530200716826e-01 2.488615106668655041e+00 1.216631453122640494e+01 2.962234819132236741e+00 -6.950872530200716826e-01 2.962234819132236741e+00 2.568710961348274324e+01
2.792330201012560664e+01 -4.404794223982149148e+00 -9.098131687003061074e+00 -4.404794223982149148e+00 1.799444069668606616e+01 2.468263194165678964e+00 -9.098131687003061074e+00 2.468263194165678964e+00 2.059050712885756340e+01
1.826996153872977402e+01 -8.704795422380491310e-01 2.554837917964564831e+00 -8.704795422380491310e-01 -7.184117063627542876e+00 2.622569612702651209e+00 2.554837917964564831e+00 2.622569612702651209e+00 1.008226733003570530e+01
4.183673891220611729e+00 1.245825297439136836e+00 -3.871288202539468148e+00 1.245825297439136836e+00 1.292077324480486455e-01 -3.936272884491428758e+00 -3.871288202539468148e+00 -3.936272884491428758e+00 3.007001748057180457e+00
-3.151112981771427624e+00 1.033044197259415320e+00 6.346835357763681573e-01 1.033044197259415320e+00 -7.074858213629703130e+00 2.186409639112959269e+00 6.346835357763681573e-01 2.186409639112959269e+00 1.225996540425959935e+01
2.272615741755653840e+00 -1.697142953048310421e+00 -3.087307902751095678e+00 -1.697142953048310421e+00 -3.390585874789309617e+00 -1.881970975153500536e+00 -3.087307902751095678e+00 -1.881970975153500536e+00 8.104967526763616092e+00
4.754266485184658109e+00 2.071085251874061062e-01 -1.774197115997235397e+00 2.071085251874061062e-01 -1.610485861145115383e+00 -2.553586207655117679e+00 -1.774197115997235397e+00 -2.553586207655117679e+00 3.230519144629333095e+00
8.511131108485706420e+00 -2.195971861195436414e+00 1.638035825967638637e+00 -2.195971861195436414e+00 -6.401583773505601371e+00 -2.273335020441835219e+00 1.638035825967638637e+00 -2.273335020441835219e+00 6.814385175698530084e+00
2.101142475780243046e+00 -4.850513667499442017e-01 2.121448299319152131e+00 -4.850513667499442017e-01 -1.535084216210024621e+01 -1.816284252931614107e+00 2.121448299319152131e+00 -1.816284252931614107e+00 -4.050747478248051259e+00
1.368962786960751687e+00 -5.097599345907203094e+00 4.600466422480287143e+00 -5.097599345907203094e+00 -9.260936567410793074e+00 -6.043587577038039171e+00 4.600466422480287143e+00 -6.043587577038039171e+00 -2.520835222772347173e+00
2.238197035945641389e+01 1.955116112537957640e-01 6.891399278044513466e+00 1.955116112537957640e-01 9.087772921648667790e+00 -4.287546882253191249e+00 6.891399278044513466e+00 -4.287546882253191249e+00 1.745054553630257388e+01
-4.385786632921202965e+00 -1.988964085577156871e+00 2.219878261814417275e+00 -1.988964085577156871e+00 -1.297981261755010784e+01 -7.702896691255678441e-01 2.219878261814417275e+00 -7.702896691255678441e-01 7.130901382737838468e+00
5.081488281815047081e+00 2.963462023574023441e+00 -1.311063442387832456e+00 2.963462023574023441e+00 8.945504332786443635e-01 1.207825727379699066e+00 -1.311063442387832456e+00 1.207825727379699066e+00 1.021442458210449900e+01
3.657246458767555275e+00 3.514834810793690534e-01 1.858264295729362026e+00 3.514834810793690534e-01 -7.522811061188765969e+00 -2.125666829895419774e+00 1.858264295729362026e+00 -2.125666829895419774e+00 5.021400054052079120e+00
-3.551507034363047044e+00 -1.342115396926856663e+00 -5.106997673061925980e+00 -1.342115396926856663e+00 -4.942146734372673933e+00 2.146523847615706693e+00 -5.106997673061925980e+00 2.146523847615706693e+00 4.637472982369033048e+00
2.002941831527615335e+01 1.128960197600181958e+00 -4.287495881732660052e+00 1.128960197600181958e+00 9.260719236219589590e+00 -3.876707260034042424e+00 -4.287495881732660052e+00 -3.876707260034042424e+00 1.167295615712857959e+01
1.691374983856036707e+01 1.691413094448006804e+00 -2.912959616782017314e+00 1.691413094448006804e+00 1.179891284072753166e+01 -2.247515266482419172e+00 -2.912959616782017314e+00 -2.247515266482419172e+00 2.138123598633347910e+01
1.882416608193129193e+01 8.261310687513527817e-01 -4.823661238045420241e+00 8.261310687513527817e-01 1.402760310034695124e+01 -4.184872627854641536e+00 -4.823661238045420241e+00 -4.184872627854641536e+00 1.748457425870610749e+01
1.660659732709521563e+01 1.579538000390967145e+00 -4.700831018556204666e-01 1.579538000390967145e+00 1.211497833658022927e+01 -4.433384976019209667e+00 -4.700831018556204666e-01 -4.433384976019209667e+00 2.305599519288751154e+01
1.700717881633082484e+01 -8.109611234560736293e-01 3.574975617980439502e+00 -8.109611234560736293e-01 1.012355592647049995e+00 -1.462278665879378270e+00 3.574975617980439502e+00 -1.462278665879378270e+00 -6.431007169072112895e+00
1.750175350870373947e+01 -1.889394476289984803e+00 -2.058152311264998424e+00 -1.889394476289984803e+00 1.423731722306916048e+01 -8.237860148807701677e+00 -2.058152311264998424e+00 -8.237860148807701677e+00 3.702168525405271993e+01
4.967966474609973870e-01 -2.847814011813571078e+00 2.807790490440106534e+00 -2.847814011813571078e+00 -6.133325829638493154e+00 -1.744200122824993038e+00 2.807790490440106534e+00 -1.744200122824993038e+00 1.117809657984135541e+01
6.835190437558609666e+00 2.561193939662071983e+00 3.690902912990180251e+00 2.561193939662071983e+00 -7.160573399278479911e+00 1.439398293373556958e+00 3.690902912990180251e+00 1.439398293373556958e+00 1.102451087416480391e+01
-6.565776544840622009e+00 -2.325348369313511299e-01 -9.644328610139560887e-01 -2.325348369313511299e-01 -1.194272647974259272e+01 4.487055039012505797e-01 -9.644328610139560887e-01 4.487055039012505797e-01 7.669493436607645265e+00
-7.693244710011294174e+00 -1.461701924629192018e+00 -6.157090607728861187e-01 -1.461701924629192018e+00 -1.315076091612933773e+01 3.776731375738740848e+00 -6.157090607728861187e-01 3.776731375738740848e+00 5.257724533473012052e+00
3.729530085252036109e+00 -7.084996288412214183e-01 3.963573925517539731e+00 -7.084996288412214183e-01 -5.455188771118984370e+00 2.561411076503420925e-01 3.963573925517539731e+00 2.561411076503420925e-01 1.180600095334400379e+01
-3.915499020768942184e+00 -4.461176359653766355e+00 -1.316029716266960969e+00 -4.461176359653766355e+00 -1.468621640505839743e+01 1.002180415256311630e+00 -1.316029716266960969e+00 1.002180415256311630e+00 -3.769928458727958009e+00
-7.103658295408275869e+00 -1.505570907638083433e+00 -4.607463795817016816e+00 -1.505570907638083433e+00 -9.216250419046954079e+00 4.625326758744378597e-01 -4.607463795817016816e+00 4.625326758744378597e-01 1.114747140152727134e+01
1.997846861559505527e+00 1.611106949498462448e+00 2.213628047926071485e+00 1.611106949498462448e+00 -1.085458473613577368e+01 -5.240576464667921819e+00 2.213628047926071485e+00 -5.240576464667921819e+00 1.440742177255282996e+01
-9.019414165991751275e+00 3.095477101768180916e-01 6.087845658321160869e+00 3.095477101768180916e-01 -7.013922838575116003e+00 2.889136880904630278e+00 6.087845658321160869e+00 2.889136880904630278e+00 1.614008669259088080e+01
-5.153968481664121803e+00 2.937561645112580333e+00 1.684846068922076334e+00 2.937561645112580333e+00 -1.078044382721498629e+01 4.751298761102067836e+00 1.684846068922076334e+00 4.751298761102067836e+00 1.472405579368675177e+01
1.559172528212282849e+01 3.953498271667276853e+00 -6.832381192643507406e-01 3.953498271667276853e+00 1.423391818784072704e+01 7.846159522080657922e-01 -6.832381192643507406e-01 7.846159522080657922e-01 1.177731177294894493e+01
4.359050051842327633e+00 3.180920923344402240e+00 -6.838079027176922509e+00 3.180920923344402240e+00 -9.774405835154398758e+00 -4.827982358662968210e+00 -6.838079027176922509e+00 -4.827982358662968210e+00 -2.863324080681409978e+00
1.354354534777987951e+01 -4.385291438929321828e-01 3.516388815852004246e+00 -4.385291438929321828e-01 -3.602970780914720894e+00 -7.073235267805119131e-01 3.516388815852004246e+00 -7.073235267805119131e-01 5.390393298221821894e+00
5.423975009593915431e+00 -1.891485972839803908e+00 -4.907197909190145424e+00 -1.891485972839803908e+00 -1.148264127608142893e+01 9.416246279978408573e-01 -4.907197909190145424e+00 9.416246279978408573e-01 -7.518602855680125430e+00
-4.816314668940460564e+00 -2.397301730051334179e+00 1.443733974002877063e-01 -2.397301730051334179e+00 -1.246284800999650422e+01 4.109529134522063920e+00 1.443733974002877063e-01 4.109529134522063920e+00 9.451457430135006277e+00
2.065989843533036774e-01 -3.998976732997771233e+00 1.689568751029608018e+00 -3.998976732997771233e+00 -1.109109087546423389e+01 -3.567714727604550884e+00 1.689568751029608018e+00 -3.567714727604550884e+00 9.140165156876562946e+00
-8.003615402798319067e+00 -4.717040263853390369e-01 -6.424886387155461343e+00 -4.717040263853390369e-01 -1.589998563956634570e+01 3.748237917215244686e-01 -6.424886387155461343e+00 3.748237917215244686e-01 3.201194847223656215e+00
3.652935338233403328e+00 5.093656955832436273e-01 -2.791845783960071881e+00 5.093656955832436273e-01 -7.642845586811731096e+00 -3.020653706577524744e+00 -2.791845783960071881e+00 -3.020653706577524744e+00 -2.070832679623721528e+00
7.975906169404187729e+00 -1.290390122234811310e+00 1.240749296980408145e+00 -1.290390122234811310e+00 -2.120320455675750004e+00 1.186179007724867507e+00 1.240749296980408145e+00 1.186179007724867507e+00 8.349689995052250069e+00
-5.682451161075587009e+00 2.358060129199679444e+00 3.291236680151939265e+00 2.358060129199679444e+00 -1.840169216313859835e+01 1.947204240616104531e+00 3.291236680151939265e+00 1.947204240616104531e+00 6.727317549295771748e+00
-4.726190783029221798e+00 -1.453473962919284768e+00 -1.118298198745320882e+00 -1.453473962919284768e+00 -5.463008490707572662e+00 -4.505453503264618575e+00 -1.118298198745320882e+00 -4.505453503264618575e+00 5.879427650737161670e+00
1.192806252174246495e+01 -3.455529007846893208e+00 -5.490059884740444707e-01 -3.455529007846893208e+00 -1.307018425792013439e+00 3.316691860693512961e+00 -5.490059884740444707e-01 3.316691860693512961e+00 1.098572489423541931e+01
2.936708664344302111e+00 1.128820518113206495e+00 1.385302058696711969e+00 1.128820518113206495e+00 -1.793124565836355044e+00 3.203833035754544589e+00 1.385302058696711969e+00 3.203833035754544589e+00 1.112051145306227617e+01
