1.070875143725156953e+01 -2.010829911667473713e+00 3.488353902221910108e+00 -2.010829911667473713e+00 6.520531484557592350e+00 6.304931419976095297e-01 3.488353902221910108e+00 6.304931419976095297e-01 2.706409084613762506e+00
-9.127861541360564601e+00 2.516161403951366449e+00 -1.300459517782213581e+00 2.516161403951366449e+00 6.440555681357583495e+00 -4.224979453602980328e+00 -1.300459517782213581e+00 -4.224979453602980328e+00 -1.144332799176810234e+01
6.546743401561594844e+00 4.264046139474305441e+00 -2.822017306175944373e+00 4.264046139474305441e+00 7.590590546430382446e-01 -5.107476515587904942e+00 -2.822017306175944373e+00 -5.107476515587904942e+00 7.564998399467345536e+00
-4.124313364547654182e+00 4.857356198381492796e+00 -2.057046238318766207e+00 4.857356198381492796e+00 -2.807050684788391148e+00 5.859139157447801338e-01 -2.057046238318766207e+00 5.859139157447801338e-01 -2.335806472816098545e+00
7.199498472276046890e+00 -5.908707299454595940e+00 -2.492014801365175281e+00 -5.908707299454595940e+00 4.207493479493329858e+00 3.064639595339411660e+00 -2.492014801365175281e+00 3.064639595339411660e+00 -6.271378885862466390e-01
-2.589088624299314745e+00 6.464023484895100147e+00 5.204370788156514216e+00 6.464023484895100147e+00 1.118214617725889326e+01 3.151562816805430489e-01 5.204370788156514216e+00 3.151562816805430489e-01 -5.180302111562764544e+00
-7.315536020363122560e-01 -5.764987506485154789e+00 -3.492641751103876757e+00 -5.764987506485154789e+00 1.872058616373076134e+00 -7.464730765923449640e-01 -3.492641751103876757e+00 -7.464730765923449640e-01 -4.579792681291229961e+00
9.965332726777898387e+00 -1.498621834901495031e+00 -2.277930096852521236e-01 -1.498621834901495031e+00 4.091919982279685009e+00 6.756943241711756976e-01 -2.277930096852521236e-01 6.756943241711756976e-01 8.852870011871621925e-01
1.238267513099541750e+00 -1.552018943803796791e-01 1.115317190174794471e+00 -1.552018943803796791e-01 1.330844916536947053e+01 4.067095301352349201e-01 1.115317190174794471e+00 4.067095301352349201e-01 -2.839590726071142157e+00
3.136036952263332012e+00 3.882718093865106912e+00 -1.385291085949670320e+00 3.882718093865106912e+00 3.624422641074453555e+00 -6.381797342715472610e+00 -1.385291085949670320e+00 -6.381797342715472610e+00 1.593864543820080470e+00
-1.288857781433924821e+00 -7.580349743764200898e-01 -4.446128467738285628e-01 -7.580349743764200898e-01 1.918292182735753082e+00 2.488684257951704559e+00 -4.446128467738285628e-01 2.488684257951704559e+00 1.795581753608972431e-01
5.441426186456311598e+00 1.450402074725100965e+00 -2.362304073598158194e+00 1.450402074725100965e+00 2.475483054939277672e+00 5.732522088965044560e+00 -2.362304073598158194e+00 5.732522088965044560e+00 1.468358315688352178e+01
2.256153354429345281e+00 3.670408378652066705e+00 8.498725751280334917e-01 3.670408378652066705e+00 6.584385919561746903e+00 -2.529948065980895056e+00 8.498725751280334917e-01 -2.529948065980895056e+00 1.585034345290355873e+01
1.859298382750366629e+00 6.575964484702609525e+00 -1.432445715483133819e+00 6.575964484702609525e+00 5.034725451916329142e+00 -3.013573776322046704e+00 -1.432445715483133819e+00 -3.013573776322046704e+00 9.952078774357923763e+00
3.163388859791175012e+00 -2.923859935999399973e-01 -1.632215356508416759e+00 -2.923859935999399973e-01 1.688564301588679228e+01 1.183797166768796094e+00 -1.632215356508416759e+00 1.183797166768796094e+00 -3.420724339684192983e-01
6.475082446766123212e+00 -3.467859893974674979e+00 -3.229288707289015736e+00 -3.467859893974674979e+00 1.448463422838416292e+01 -4.114766145805828224e+00 -3.229288707289015736e+00 -4.114766145805828224e+00 1.478465608631807093e+01
-5.519352386713168634e+00 2.656682271052461797e+00 -3.176379327750293302e-01 2.656682271052461797e+00 6.619568980746944220e+00 -7.610728096123537956e-01 -3.176379327750293302e-01 -7.610728096123537956e-01 -6.124319989424693134e+00
6.380586609496966766e+00 -1.675246825492295200e+00 -6.233927149270215295e-01 -1.675246825492295200e+00 -1.143349002214446797e+00 -3.840500366219353534e+00 -6.233927149270215295e-01 -3.840500366219353534e+00 3.955141609085934373e+00
-2.411987979859242515e+00 -1.995705369014281749e-01 2.388362953662676258e+00 -1.995705369014281749e-01 1.493616387330206630e+00 -1.095429117959858800e+01 2.388362953662676258e+00 -1.095429117959858800e+01 6.208115523295091087e+00
2.300935626747120821e+00 -1.091956475753239175e+00 -7.315687373833653639e-01 -1.091956475753239175e+00 8.857554412940531918e+00 -5.797511924579255016e-01 -7.315687373833653639e-01 -5.797511924579255016e-01 -2.708306581794558188e+00
1.204431278324558008e+01 -8.200171524230326359e-02 -4.487506906666729911e+00 -8.200171524230326359e-02 1.513137270709979276e+01 -3.897113515923629645e+00 -4.487506906666729911e+00 -3.897113515923629645e+00 -7.453638654787791751e+00
3.782270866995396830e+00 1.092033773865664692e+00 9.284480426351572335e-01 1.092033773865664692e+00 -4.656789273791763328e+00 -2.010493923774575808e+00 9.284480426351572335e-01 -2.010493923774575808e+00 -5.008758263021390711e+00
8.513266621697388459e+00 3.972511249748283291e+00 3.827441406423800263e+00 3.972511249748283291e+00 -5.361295789091879982e+00 3.258424149949926907e+00 3.827441406423800263e+00 3.258424149949926907e+00 -5.032551058655023724e+00
-3.877766958761939886e+00 1.378475351459950593e+00 -3.497201916431515456e-01 1.378475351459950593e+00 -4.553170897179766641e+00 3.906329139280456442e+00 -3.497201916431515456e-01 3.906329139280456442e+00 -5.356867019806097474e+00
3.418706457523946973e+00 5.544655242901542991e+00 2.825337468677481922e+00 5.544655242901542991e+00 2.292167914621024138e+01 -2.952792624817237144e+00 2.825337468677481922e+00 -2.952792624817237144e+00 2.016049742833077474e+00
-3.055214890809857309e+00 -9.688090488991848659e+00 -3.765503736241757160e+00 -9.688090488991848659e+00 4.805380632605892322e-01 9.004070306257085932e-01 -3.765503736241757160e+00 9.004070306257085932e-01 -1.047098604335659289e+01
2.449553349670718028e+00 -1.396283838228062013e+00 3.008399512605366977e-01 -1.396283838228062013e+00 -6.124449838147204339e+00 1.030617750193953075e+00 3.008399512605366977e-01 1.030617750193953075e+00 -7.131149213654619956e+00
-3.387998671628635439e+00 4.518612907906078280e-01 -2.583503855898996893e+00 4.518612907906078280e-01 3.877191008709234055e+00 -1.757062269622690354e-01 -2.583503855898996893e+00 -1.757062269622690354e-01 -5.410614426787448750e+00
-6.918715356415646944e+00 -2.438470247365644550e+00 -1.449282245777687050e+00 -2.438470247365644550e+00 3.627897774786061458e+00 -5.736802194244523534e+00 -1.449282245777687050e+00 -5.736802194244523534e+00 1.387811375803326186e+01
-5.311971413358673288e+00 -1.542055504144235645e+00 4.337601591042369087e+00 -1.542055504144235645e+00 -2.612186264800731461e+00 2.735460792253307183e+00 4.337601591042369087e+00 2.735460792253307183e+00 3.817335233674119088e+00
-1.367290563926687810e-02 -2.532553544528917330e-02 5.771364130347194088e-01 -2.532553544528917330e-02 -7.070625966216045555e+00 2.719433621605922835e-01 5.771364130347194088e-01 2.719433621605922835e-01 -1.095194814203244604e+01
-1.782947612717280750e+00 3.009623074781449525e-01 -1.679493164873598232e+00 3.009623074781449525e-01 -2.393985500029506053e+00 -2.859985952358286010e+00 -1.679493164873598232e+00 -2.859985952358286010e+00 2.156654090347370811e+01
