-2.580992882560014579e+00 -1.090440845886737975e+01 3.648910363203356155e+00 -1.090440845886737975e+01 2.577159228675590108e-01 -4.816293647992720750e+00 3.648910363203356155e+00 -4.816293647992720750e+00 -9.890655123630040180e+00
2.100329884200204056e+00 1.276889403927463862e+00 3.500944740308062020e+00 1.276889403927463862e+00 -4.913644857877079275e+00 -1.626243680251170109e-01 3.500944740308062020e+00 -1.626243680251170109e-01 4.935672464611837285e+00
2.013010182631876432e+01 3.799921084261217885e+00 -8.674546073622839415e-02 3.799921084261217885e+00 2.181885501414632600e+01 4.592741564480546046e+00 -8.674546073622839415e-02 4.592741564480546046e+00 2.760405788905496038e+01
2.976229026757703178e+00 -5.123455342077694041e+00 2.214892846748569344e+00 -5.123455342077694041e+00 2.017433338356643091e+01 -1.161562665064147559e+01 2.214892846748569344e+00 -1.161562665064147559e+01 2.155274662329831159e+01
-1.385242012045984072e+00 -1.108212204230838882e+00 1.301769801400255722e-01 -1.108212204230838882e+00 2.712713584728794913e+01 -8.887120492602404553e+00 1.301769801400255722e-01 -8.887120492602404553e+00 9.648922146821142576e+00
1.708590780882510529e+01 7.645138160541833372e+00 5.814609566221561110e+00 7.645138160541833372e+00 6.905623233954658602e+00 -2.218412218375664047e+00 5.814609566221561110e+00 -2.218412218375664047e+00 5.943490121368322221e+00
-4.966672017280579610e+00 3.844863336018859989e+00 -2.467282294528716058e+00 3.844863336018859989e+00 2.397910641004991072e-02 -4.427240802504703865e+00 -2.467282294528716058e+00 -4.427240802504703865e+00 -7.260650914718847382e+00
1.230086078080806899e+01 4.472991623648364445e+00 -3.632000135252013262e+00 4.472991623648364445e+00 -9.328063206157514387e+00 -3.570498562926626374e+00 -3.632000135252013262e+00 -3.570498562926626374e+00 2.945650735468237080e+00
-1.849964066192256507e+00 -3.825955808600193020e+00 2.987578648400972980e+00 -3.825955808600193020e+00 2.161069681560579880e+01 -5.013451109096975777e+00 2.987578648400972980e+00 -5.013451109096975777e+00 1.466567356557392898e+01
6.446135056687504195e-01 1.771808689583655116e+00 7.236103885014983916e+00 1.771808689583655116e+00 8.385932771511482642e+00 -1.748226214302146753e+00 7.236103885014983916e+00 -1.748226214302146753e+00 5.800831258060804352e+00
1.874107462066123375e+01 -4.011446089576922169e+00 -6.339354016015029458e+00 -4.011446089576922169e+00 1.839464160122178171e+01 2.106548041142359384e+00 -6.339354016015029458e+00 2.106548041142359384e+00 1.645132263336541456e+01
1.327022350521977323e+01 -2.723394552728789719e+00 7.264712739354421966e-01 -2.723394552728789719e+00 -1.839061221309280736e+00 -2.933954650091039618e+00 7.264712739354421966e-01 -2.933954650091039618e+00 1.602979697431718265e+01
-1.331948820645421705e+01 4.533604853919498190e+00 1.243672825790833741e-01 4.533604853919498190e+00 1.415502216106139244e+00 4.132745080014042394e+00 1.243672825790833741e-01 4.132745080014042394e+00 7.960951877766670570e+00
1.041433854457102193e+01 -2.878805095868096853e+00 -1.458619678283328058e+00 -2.878805095868096853e+00 -4.455674786643365692e+00 3.472573489905331989e+00 -1.458619678283328058e+00 3.472573489905331989e+00 -1.996996369474775657e+00
2.334397694079989538e+00 7.897788781664491609e+00 4.845586808658353561e+00 7.897788781664491609e+00 9.139847395503718275e+00 5.723900071122727695e+00 4.845586808658353561e+00 5.723900071122727695e+00 1.190852598554937458e+01
-1.472716011822661741e+01 4.226928605606514289e+00 -2.898291174985556662e+00 4.226928605606514289e+00 -6.606691002159579718e+00 4.311060526345278809e+00 -2.898291174985556662e+00 4.311060526345278809e+00 9.847309376469727482e+00
1.072646010229561853e+01 1.305588172430900418e-01 3.689001019960407302e+00 1.305588172430900418e-01 -4.788707093297348116e+00 -1.938523765108094654e+00 3.689001019960407302e+00 -1.938523765108094654e+00 1.086658842666231273e+01
7.782951482671585097e+00 1.272821483007889221e+00 7.041161258491414721e+00 1.272821483007889221e+00 -4.459023477355678722e+00 1.723963019527980478e+00 7.041161258491414721e+00 1.723963019527980478e+00 9.476350762450493903e+00
4.938116906104683124e-01 6.002485760702786166e+00 1.379253242290845449e+01 6.002485760702786166e+00 -5.404600960226122019e+00 6.739133745257550601e+00 1.379253242290845449e+01 6.739133745257550601e+00 1.035466955690094260e+01
-7.076122263132793577e-01 6.529479484096362363e+00 -1.861661064963937351e+00 6.529479484096362363e+00 3.620280854298962403e+00 -3.210004781892122239e+00 -1.861661064963937351e+00 -3.210004781892122239e+00 9.607907376596708238e-01
1.569374541155547975e+00 4.943360306003783400e+00 -1.583415884356920378e+00 4.943360306003783400e+00 6.174906163123972114e+00 -2.890772196665246430e+00 -1.583415884356920378e+00 -2.890772196665246430e+00 -1.477625881623924942e+00
-2.535683144210975293e+00 8.266760749905097683e+00 -1.260460799767917806e+01 8.266760749905097683e+00 4.230965842521014153e+00 -1.151763057916129362e+01 -1.260460799767917806e+01 -1.151763057916129362e+01 8.499881924393287491e+00
2.585472433386810209e+01 -3.802125904742758689e+00 -3.726083766150192211e+00 -3.802125904742758689e+00 8.646705381282124847e+00 -4.136055028592141802e+00 -3.726083766150192211e+00 -4.136055028592141802e+00 2.098067017957376379e+01
7.417045120502068656e+00 -4.638993755522178297e+00 -3.073682835191016149e+00 -4.638993755522178297e+00 9.939468547177796154e+00 7.642492564917439779e+00 -3.073682835191016149e+00 7.642492564917439779e+00 6.031305822054967791e+00
