8.061152239488755811e+00 -4.659914599005213098e+00 -2.603478459515868870e+00 -4.659914599005213098e+00 1.201558903467616624e+01 -1.643822983738237653e+00 -2.603478459515868870e+00 -1.643822983738237653e+00 5.955534047736970038e+00
-3.057078284825017533e+00 -3.624585478757265111e+00 -3.745579087148265263e-02 -3.624585478757265111e+00 -4.292295067927149432e+00 -8.248150504827153062e-01 -3.745579087148265263e-02 -8.248150504827153062e-01 -3.257086088925699396e+00
1.266941843118661026e+01 2.951217226589493592e+00 -3.229944874164041302e+00 2.951217226589493592e+00 1.077942311603977643e+01 -4.832129219413823784e-01 -3.229944874164041302e+00 -4.832129219413823784e-01 3.127742685794277833e+00
-5.001762483165977713e+00 1.170781004124334723e+00 -3.664554141070642146e+00 1.170781004124334723e+00 -5.569785778104067164e-01 -5.400178408697818844e-01 -3.664554141070642146e+00 -5.400178408697818844e-01 7.888501771041616095e+00
4.228406027477110030e+00 2.906104072102528857e-01 -4.123588424440375988e+00 2.906104072102528857e-01 5.993327222161143553e+00 -1.825364296095080219e+00 -4.123588424440375988e+00 -1.825364296095080219e+00 5.805962291046167678e+00
-4.215414274529462975e-04 2.543103545649530783e+00 2.321771941767096337e+00 2.543103545649530783e+00 2.289129625852624195e-01 -1.263107371919140798e+00 2.321771941767096337e+00 -1.263107371919140798e+00 7.699939583768767193e+00
3.066193344927192754e+00 -1.101714488126587899e+00 -4.197075625687428868e+00 -1.101714488126587899e+00 6.382728008335173620e+00 -7.452862017855077958e+00 -4.197075625687428868e+00 -7.452862017855077958e+00 1.438359707537474463e+01
4.023333619261586946e+00 -3.395766470204518495e+00 -1.165527116173862510e+00 -3.395766470204518495e+00 5.444698663373202407e+00 1.309227779413683734e+00 -1.165527116173862510e+00 1.309227779413683734e+00 -2.572443584515413217e+00
-7.774130366938217795e-01 -3.103204582243688225e+00 5.629577166492997220e-01 -3.103204582243688225e+00 -1.902834861099083952e+00 -1.673880989638496963e+00 5.629577166492997220e-01 -1.673880989638496963e+00 8.094879361549960350e-01
4.013668436597618516e+00 3.028109470092071209e+00 -3.650675927334991466e-01 3.028109470092071209e+00 5.137729584857249066e+00 -9.774557155669854058e-01 -3.650675927334991466e-01 -9.774557155669854058e-01 8.523337520087757024e-01
4.495069678953151349e-01 -1.708239305766419802e+00 3.837711249776164291e+00 -1.708239305766419802e+00 3.635069889688791633e+00 -8.595762038014082007e-01 3.837711249776164291e+00 -8.595762038014082007e-01 9.126949760885658236e+00
1.243304010217702649e+00 -1.267123096856209719e+00 -1.943303893788311365e+00 -1.267123096856209719e+00 2.323772360616982446e+00 3.029324482794356066e-01 -1.943303893788311365e+00 3.029324482794356066e-01 -1.122965310380888093e+00
-8.981575629609895861e-01 4.232752943354952002e+00 1.774750298490794354e+00 4.232752943354952002e+00 1.441852361325573595e+00 1.069607363872367101e+00 1.774750298490794354e+00 1.069607363872367101e+00 1.315162365465027516e+00
-2.855951819186490326e+00 -1.832059112752450813e+00 2.193916621420828772e+00 -1.832059112752450813e+00 -8.581206101196305891e-01 -1.063130198022593564e+00 2.193916621420828772e+00 -1.063130198022593564e+00 5.890700987673138656e+00
-3.412064219422858535e+00 4.233297257042173634e+00 -2.457003668282198294e+00 4.233297257042173634e+00 -4.284900726457802733e+00 2.902887725829484733e+00 -2.457003668282198294e+00 2.902887725829484733e+00 -4.383027152965343731e+00
-3.688163976257348597e+00 -2.917858616855544263e-01 3.423803889594422833e-01 -2.917858616855544263e-01 -2.695404347272649215e+00 1.570286585508288146e-01 3.423803889594422833e-01 1.570286585508288146e-01 -4.989449875058297401e+00
-1.963251281974024653e+00 -3.437856886428514169e+00 -3.618242463020914790e-01 -3.437856886428514169e+00 -1.983889812853668166e+00 1.222922332905472143e+00 -3.618242463020914790e-01 1.222922332905472143e+00 1.904378290756358894e-01
1.061818986089228467e+01 -1.127442401707126285e+00 -1.888639797402152043e+00 -1.127442401707126285e+00 8.471660102810620430e+00 8.982068811031161948e-01 -1.888639797402152043e+00 8.982068811031161948e-01 1.378059107889705004e+01
7.692520436442313425e+00 2.330766584716908785e+00 2.155938157445940195e+00 2.330766584716908785e+00 6.724282377464829707e+00 2.786690466762515861e+00 2.155938157445940195e+00 2.786690466762515861e+00 8.066699536626490641e+00
