-6.654081914118992636e+00 1.134049695287142168e+00 -3.440892039105385880e+00 1.134049695287142168e+00 6.363099593062081283e+00 3.055815917714519880e+00 -3.440892039105385880e+00 3.055815917714519880e+00 4.374187040557593775e+00
-1.259394107672516405e+01 2.831590124727699775e-01 -4.425219061098980000e-01 2.831590124727699775e-01 -3.501192057727521956e+00 -3.438305705850604799e+00 -4.425219061098980000e-01 -3.438305705850604799e+00 -7.141232839356483453e+00
-3.363519929298247835e+00 2.336904871731817490e+00 -7.142824454843058612e-01 2.336904871731817490e+00 -3.312664520402657242e+00 -1.420324482701565749e+00 -7.142824454843058612e-01 -1.420324482701565749e+00 -4.703704401897774723e+00
-8.890643302699428929e+00 3.524746126378831335e+00 2.734845832250383690e+00 3.524746126378831335e+00 -1.374428206548257414e+01 1.898623281824934894e+00 2.734845832250383690e+00 1.898623281824934894e+00 -9.203849624683767772e+00
-5.875038895718975418e+00 -2.151475119147705950e+00 1.060101422223066248e+00 -2.151475119147705950e+00 -4.596584591174438295e+00 2.679425031023191295e+00 1.060101422223066248e+00 2.679425031023191295e+00 -4.508356685792034746e+00
-1.723531827940475880e+00 -2.216419264871316297e-01 -3.302219575261810647e+00 -2.216419264871316297e-01 -2.208350714895017219e+00 -2.905264475840250604e+00 -3.302219575261810647e+00 -2.905264475840250604e+00 -9.385509414672103645e+00
-1.825526637552796094e+00 -3.430185067156238610e+00 -1.549226455390182000e+00 -3.430185067156238610e+00 -2.979789500628744481e+00 3.526125390937129289e+00 -1.549226455390182000e+00 3.526125390937129289e+00 -5.069037084101617907e+00
-1.787436149767281712e+00 6.967016871849571746e-01 -2.559521052737606883e+00 6.967016871849571746e-01 -4.737167467716080216e-01 4.953579555248322386e+00 -2.559521052737606883e+00 4.953579555248322386e+00 -3.461251896263542793e+00
-7.300606158358397657e+00 4.239349263813855018e+00 2.381426609789608406e+00 4.239349263813855018e+00 6.308009505371273917e+00 6.562886525256456105e-01 2.381426609789608406e+00 6.562886525256456105e-01 -2.847391372590351466e+00
-5.997974344993974860e+00 1.305536305837281086e+00 1.222327290992751392e+00 1.305536305837281086e+00 -2.813238203566247098e+00 -4.214928071562361822e+00 1.222327290992751392e+00 -4.214928071562361822e+00 -6.166062821514932679e-01
-2.911821135308244379e+00 9.165865835725540700e-01 -1.365824856400099874e+00 9.165865835725540700e-01 -8.183628056161760256e-01 3.809228365038982655e+00 -1.365824856400099874e+00 3.809228365038982655e+00 1.648835290879996807e+00
-1.805873142032024958e+01 -1.023630031561691300e+00 4.160411003535395280e-01 -1.023630031561691300e+00 -9.143780067275226742e+00 4.196182363881824529e+00 4.160411003535395280e-01 4.196182363881824529e+00 2.045648065946025884e+00
-2.464967853976953727e+00 -2.636003035483672541e+00 -9.546736118767847890e-01 -2.636003035483672541e+00 -3.597128047857006461e+00 5.153528417649502202e-01 -9.546736118767847890e-01 5.153528417649502202e-01 -6.785777297147284060e+00
-1.605002229774492761e+01 -7.118291904886141497e-01 1.238303765398775402e+00 -7.118291904886141497e-01 -4.637495632323981098e+00 -4.998473950945948374e+00 1.238303765398775402e+00 -4.998473950945948374e+00 -1.114102917920605762e+01
9.930377320516379669e+00 -8.510506429816711016e-01 -1.799706511055967573e+00 -8.510506429816711016e-01 7.695624606116970856e-01 2.884303203217400413e-01 -1.799706511055967573e+00 2.884303203217400413e-01 -2.731729107615532559e+00
-1.040318753728466383e+01 -1.471644998289013406e+00 -6.288170023075791981e-01 -1.471644998289013406e+00 -6.147215335520392898e+00 -3.488799601874841727e+00 -6.288170023075791981e-01 -3.488799601874841727e+00 -9.510045710010562203e+00
-3.155449248035036458e+00 -4.521399670961995909e+00 -2.996013893118894877e+00 -4.521399670961995909e+00 2.499181655057328033e+00 3.639191523866184053e+00 -2.996013893118894877e+00 3.639191523866184053e+00 -2.474582187327879268e+00
-3.518699034517099200e+00 2.714913422166535639e+00 -1.133187896508096371e+00 2.714913422166535639e+00 -4.066212047337534052e+00 -1.480837921983083338e-01 -1.133187896508096371e+00 -1.480837921983083338e-01 -7.072775017102205908e+00
-8.651646061143665634e+00 2.311047497013813512e+00 1.934206534033250657e-01 2.311047497013813512e+00 -5.700740983904744041e+00 -3.381235778774206446e-01 1.934206534033250657e-01 -3.381235778774206446e-01 -5.061655645268273718e-01
3.415841901391556412e+00 -2.043518895810793712e+00 -1.087333466133037607e+00 -2.043518895810793712e+00 7.613322596713095081e+00 -5.652439747345926468e-01 -1.087333466133037607e+00 -5.652439747345926468e-01 -7.086499864634375756e-01
-1.248520559774268612e+01 4.039868571014740617e+00 1.107943087824466266e+00 4.039868571014740617e+00 -1.757952158537029463e+00 -2.599250850505155697e+00 1.107943087824466266e+00 -2.599250850505155697e+00 -1.030755757573663800e+01
1.400341924239497660e+00 6.190801316281637767e-01 6.165324767654963845e-01 6.190801316281637767e-01 5.780745043853475984e+00 4.684739590526955766e+00 6.165324767654963845e-01 4.684739590526955766e+00 3.363814014197359370e+00
4.437712524440586392e+00 6.872255616099470776e-01 -3.165719532157789118e-01 6.872255616099470776e-01 -1.074299103499690133e+01 -1.617557450539454544e+00 -3.165719532157789118e-01 -1.617557450539454544e+00 -8.197664449919667362e+00
-1.084022662584397700e+01 -2.517772744470498036e+00 2.088307033061831686e-01 -2.517772744470498036e+00 -4.099592228765802204e+00 -1.501367779829990257e+00 2.088307033061831686e-01 -1.501367779829990257e+00 -5.948153404998865135e+00
-1.152899345889695404e+01 -1.023026381051372669e+00 4.686638959846298746e+00 -1.023026381051372669e+00 4.008076965667431324e+00 -4.381257240439654588e+00 4.686638959846298746e+00 -4.381257240439654588e+00 -7.855336175240854146e+00
6.847891623094671587e+00 -4.375845945067825760e+00 -1.064112680193046945e+00 -4.375845945067825760e+00 1.067460557752309569e+01 3.982745136657794838e+00 -1.064112680193046945e+00 3.982745136657794838e+00 3.230642142686428908e+00
-6.574000390895787582e+00 6.001898726468001266e-01 -2.735133423350666337e+00 6.001898726468001266e-01 7.840539038511494141e+00 8.629854471861067466e+00 -2.735133423350666337e+00 8.629854471861067466e+00 4.562598109125769241e+00
-7.824694464995956444e+00 1.514229753583638205e+00 2.812252590412779307e-01 1.514229753583638205e+00 -3.683184188912976165e+00 5.260983298678069353e+00 2.812252590412779307e-01 5.260983298678069353e+00 -1.067342181833967096e+01
-6.878907348319116544e+00 7.193390914813435622e-01 2.604343689280776086e+00 7.193390914813435622e-01 2.020806996272081602e+00 1.231682395082346559e+00 2.604343689280776086e+00 1.231682395082346559e+00 -1.098230031545030405e+00
-1.128712825608957360e+01 -2.235982144675629613e+00 -8.493602289400071781e-01 -2.235982144675629613e+00 -1.556578989831070281e+01 -3.315324409214046142e+00 -8.493602289400071781e-01 -3.315324409214046142e+00 -1.450941644023677313e+01
-6.832825334008106211e+00 -2.769692612153841438e+00 -2.094712328850334426e+00 -2.769692612153841438e+00 1.532361115748382741e+00 2.709136826586262536e+00 -2.094712328850334426e+00 2.709136826586262536e+00 -9.678745950959342537e+00
-8.353468646632590477e+00 -4.956141548313192757e+00 7.325571011317867365e-01 -4.956141548313192757e+00 -6.467083088406927471e-01 2.631379178388328022e+00 7.325571011317867365e-01 2.631379178388328022e+00 -3.805020328970138421e-01
-1.155324753218939682e+00 -1.592168934218615606e+00 -4.284759989878654807e+00 -1.592168934218615606e+00 6.330941258521455284e-01 4.782326171356430677e+00 -4.284759989878654807e+00 4.782326171356430677e+00 3.840956944625154801e+00
-9.013872120371370755e+00 4.172943470536751298e-01 -8.295817612359249749e-01 4.172943470536751298e-01 -7.780435567439845990e+00 -2.038151694868279407e+00 -8.295817612359249749e-01 -2.038151694868279407e+00 -3.504306357399579741e-01
-7.775509021813330257e+00 9.325195574830703604e-01 -1.663292987510819554e+00 9.325195574830703604e-01 -1.274189298814720495e+01 5.252477968803021646e+00 -1.663292987510819554e+00 5.252477968803021646e+00 -1.432804880009270754e+01
4.652895968949402494e+00 2.189581248408488889e+00 -3.825350989567606774e+00 2.189581248408488889e+00 9.340660986254491149e+00 -1.088079527815633218e+00 -3.825350989567606774e+00 -1.088079527815633218e+00 2.467742890600491013e+00
-5.239415842483275298e+00 -2.029106369418058886e-01 3.492256753797223556e+00 -2.029106369418058886e-01 5.067959016554398621e-01 -1.098561279613894159e+00 3.492256753797223556e+00 -1.098561279613894159e+00 -3.888375470801046951e+00
-1.270245742353349305e+00 -1.156250016220841337e+00 -3.825657785527841193e-01 -1.156250016220841337e+00 1.404571029508480429e+01 6.816418075507316710e-01 -3.825657785527841193e-01 6.816418075507316710e-01 9.100691122477809758e-01
-9.876402699211308089e+00 -2.986343683114533465e-01 -1.265156792758408422e+00 -2.986343683114533465e-01 -5.619305754573870715e+00 6.831164912086724605e-01 -1.265156792758408422e+00 6.831164912086724605e-01 -8.170415931270186505e+00
-1.854700302253227306e+01 1.153882107463963580e+00 -5.568467002046115777e-01 1.153882107463963580e+00 -1.440998661519520674e+01 -1.536712437120667074e+00 -5.568467002046115777e-01 -1.536712437120667074e+00 -9.260966906948789656e+00
-3.033422131116293663e+00 1.511902726503821404e+00 6.154727159522593860e-01 1.511902726503821404e+00 8.514623811795204444e-01 4.106300284399699407e+00 6.154727159522593860e-01 4.106300284399699407e+00 -9.395770996078629977e+00
-7.516769242115262983e+00 1.404016465952079740e+00 6.669872484565192439e-01 1.404016465952079740e+00 1.391547721512362834e-01 -5.176389222273202195e-01 6.669872484565192439e-01 -5.176389222273202195e-01 1.553491408083260028e+00
8.866402461062509177e-01 -6.452872439384511605e-01 2.411303531799326993e+00 -6.452872439384511605e-01 4.913230949053097874e+00 -1.490401329771114058e+00 2.411303531799326993e+00 -1.490401329771114058e+00 -8.915855025258820898e-01
-6.335112253937938753e+00 8.026499925143824876e-02 -3.583349399232445887e+00 8.026499925143824876e-02 1.113364522402766710e+01 1.044890734914534880e+00 -3.583349399232445887e+00 1.044890734914534880e+00 4.138450365946665599e+00
-8.042472412115422742e+00 1.296391087350516225e+00 -1.451054118421900130e+00 1.296391087350516225e+00 -5.529107527898923458e+00 -9.464682994883033551e-01 -1.451054118421900130e+00 -9.464682994883033551e-01 -8.796586296217729029e+00
-1.138126101679166169e+01 1.066888105980465351e+00 1.983505580556473635e+00 1.066888105980465351e+00 -1.294040040581356976e+01 7.802539228301570429e-01 1.983505580556473635e+00 7.802539228301570429e-01 -1.503084772039014894e+01
-9.981238578612401824e+00 -1.143379557441999594e+00 2.858238648555952555e+00 -1.143379557441999594e+00 -6.141615113193108044e+00 -3.728437324835145894e+00 2.858238648555952555e+00 -3.728437324835145894e+00 -1.241027963500732056e+01
1.574888745527876566e+01 3.783691011088171630e-01 4.655595700077821419e+00 3.783691011088171630e-01 1.037703503830917473e+00 2.733895077647170435e+00 4.655595700077821419e+00 2.733895077647170435e+00 -3.459995348114213609e+00
-1.338543830717410366e+01 1.893522099056224928e+00 -1.607339549556977554e+00 1.893522099056224928e+00 -9.182310441318715988e+00 -5.721910100680140054e+00 -1.607339549556977554e+00 -5.721910100680140054e+00 -1.255658218393358538e+01
1.598709807661048421e+00 -3.064905647599633021e+00 -6.300390580786290329e-01 -3.064905647599633021e+00 6.430232317353040017e+00 1.257849393380246726e-02 -6.300390580786290329e-01 1.257849393380246726e-02 -3.632989566742391041e+00
4.736834740440494684e+00 -5.996746984490973764e-01 2.578714389434375587e+00 -5.996746984490973764e-01 -5.040188220563771360e+00 4.286394538816913347e+00 2.578714389434375587e+00 4.286394538816913347e+00 1.229639102384331162e+00
-3.006899757791091865e+00 -2.338545908920366845e+00 1.625266016568079896e+00 -2.338545908920366845e+00 8.934208421267360478e+00 6.081798035476437825e+00 1.625266016568079896e+00 6.081798035476437825e+00 1.660490649772216276e+00
-9.398398603284528363e+00 -1.537574927896327326e+00 -1.622096581831448114e+00 -1.537574927896327326e+00 -1.024346021292476472e+01 -6.775775943449562355e-01 -1.622096581831448114e+00 -6.775775943449562355e-01 -1.264487323188483003e+01
-5.610734281689643055e+00 -7.224439212364537344e-01 -6.329177611942787829e-01 -7.224439212364537344e-01 2.313901140769559217e-01 4.477310826431947888e+00 -6.329177611942787829e-01 4.477310826431947888e+00 -2.749867416779769869e+00
-1.477959327381735122e+01 3.175276630905413122e-01 2.213392560742593940e+00 3.175276630905413122e-01 -8.875036278505128440e-01 5.562751493366426381e+00 2.213392560742593940e+00 5.562751493366426381e+00 -9.506244901532468816e+00
-4.948602027344897181e+00 1.543421794627403809e+00 2.158756780706520662e+00 1.543421794627403809e+00 6.383760663420438020e-01 -1.130244770053618453e+00 2.158756780706520662e+00 -1.130244770053618453e+00 -1.093862542339318189e+01
-1.537924271213748639e+01 4.127708351903609102e-02 6.999885107905488013e-01 4.127708351903609102e-02 -1.541770544905295193e+00 1.124215726599485099e-01 6.999885107905488013e-01 1.124215726599485099e-01 -8.591710817402860911e+00
-2.650800430129354623e+00 2.949857676092161318e-01 6.619957826965479075e-01 2.949857676092161318e-01 -5.145102643804187359e+00 1.565057865399032133e+00 6.619957826965479075e-01 1.565057865399032133e+00 -1.046382008090015248e+01
-8.417021527825607752e-01 -4.284384768880210359e+00 -1.046420869334778736e-01 -4.284384768880210359e+00 -1.038035820260364339e+00 3.923877541408596681e+00 -1.046420869334778736e-01 3.923877541408596681e+00 2.428794787024394441e+00
-4.036403846879230706e+00 -1.276221525360595521e+00 -3.709489630508796765e+00 -1.276221525360595521e+00 3.184480075503713703e+00 -1.937717305346067453e+00 -3.709489630508796765e+00 -1.937717305346067453e+00 -5.791920769018015669e+00
2.463534162619342549e+00 -8.617392158688955139e-02 6.527349096228901359e+00 -8.617392158688955139e-02 -5.819986897075639654e+00 -7.401320915287463720e+00 6.527349096228901359e+00 -7.401320915287463720e+00 2.903380802736219568e+00
1.396533670364313862e+00 -5.538323072333481423e-02 -4.722810302061458687e-01 -5.538323072333481423e-02 9.755471589638661456e+00 -3.513174415997522892e+00 -4.722810302061458687e-01 -3.513174415997522892e+00 -3.873630371634149139e+00
-3.403111279707814241e+00 1.300486281790143916e+00 8.084396394409271158e-01 1.300486281790143916e+00 -4.149232322315778099e+00 -2.556226219509148301e+00 8.084396394409271158e-01 -2.556226219509148301e+00 -3.531508000114820800e-01
2.467360617742015538e+00 -1.473613379040807470e+00 -4.506366942747314752e+00 -1.473613379040807470e+00 1.184663531758283872e+00 3.103186208623727627e+00 -4.506366942747314752e+00 3.103186208623727627e+00 5.551119996990484751e+00
-1.193017323435432075e+01 -3.564721633147516666e+00 -5.656960911309524276e-01 -3.564721633147516666e+00 -6.342922294322919541e+00 2.111781154741162680e+00 -5.656960911309524276e-01 2.111781154741162680e+00 -1.077355179502842297e+01
-1.135588394743643370e+01 -7.418171456564507382e-01 5.842343294882471616e-01 -7.418171456564507382e-01 -4.378519974071366505e+00 -1.407522636952870165e+00 5.842343294882471616e-01 -1.407522636952870165e+00 -7.314649116627178316e+00
3.139632337586515387e+00 2.302955023629271292e+00 -4.715335730155718608e+00 2.302955023629271292e+00 -3.425316761267827026e+00 4.556501707315452343e-01 -4.715335730155718608e+00 4.556501707315452343e-01 -3.274830006134066274e+00
-8.981483362979417961e+00 -3.371017412328334850e-01 2.909531720658224963e+00 -3.371017412328334850e-01 -5.873172824853222451e+00 -3.495020934468295870e+00 2.909531720658224963e+00 -3.495020934468295870e+00 -2.712387335875018568e+00
-4.909674859771526734e+00 1.100252628609681427e+00 -4.279120296967512393e-01 1.100252628609681427e+00 -4.855754930577854012e+00 -4.447314865915810600e+00 -4.279120296967512393e-01 -4.447314865915810600e+00 -9.031508985610757989e+00
-8.014855409053092572e+00 6.603823276413702814e+00 4.704755135528775334e+00 6.603823276413702814e+00 -8.547289593341911740e+00 1.960829145342119606e+00 4.704755135528775334e+00 1.960829145342119606e+00 -1.189858914054997285e+01
-5.558296772932846075e+00 2.099385781537185247e-01 -2.843766145955610725e+00 2.099385781537185247e-01 -4.092077061733808918e+00 2.627186598049909283e-01 -2.843766145955610725e+00 2.627186598049909283e-01 -8.444395150189571098e+00
-4.298816230811737249e-01 -2.537654750233802048e+00 -1.812289187054279438e+00 -2.537654750233802048e+00 3.425750251310670791e+00 4.239765613600545713e+00 -1.812289187054279438e+00 4.239765613600545713e+00 2.576109493199068567e-01
5.332178988931947750e+00 -2.818856096791310328e+00 -3.926826385565411193e-01 -2.818856096791310328e+00 3.337168795734968718e+00 -4.473978836157614936e+00 -3.926826385565411193e-01 -4.473978836157614936e+00 -3.126802973185557111e+00
-7.158458812042675312e+00 -3.945491348684323718e+00 7.615246935472564926e-01 -3.945491348684323718e+00 2.592453959400327079e-01 -8.867990247748024357e-01 7.615246935472564926e-01 -8.867990247748024357e-01 -7.409308508169044849e+00
-1.457868902826725410e+01 1.035334356086141439e+00 -3.216676334694942962e+00 1.035334356086141439e+00 -1.239827298187434579e+01 -2.048943824501574085e+00 -3.216676334694942962e+00 -2.048943824501574085e+00 -1.634691700821094429e+01
-4.318537144611821255e+00 -1.570194754331601494e+00 8.979701678085499905e-02 -1.570194754331601494e+00 -1.572245343452816080e+00 5.056967225191021598e+00 8.979701678085499905e-02 5.056967225191021598e+00 -4.841937168388549928e+00
7.437428269034470851e+00 -1.781523625687198464e+00 1.783322353593064458e+00 -1.781523625687198464e+00 5.813338697766048391e+00 7.330900975556814414e-01 1.783322353593064458e+00 7.330900975556814414e-01 -3.210573501110152161e+00
-3.748245052769509478e+00 1.867373090437223659e+00 2.540883824102191824e+00 1.867373090437223659e+00 3.543112162742234617e+00 2.243822991934823818e+00 2.540883824102191824e+00 2.243822991934823818e+00 3.949898392209160392e+00
-6.482076182660578390e+00 2.375238591378058484e+00 2.476873896691892174e+00 2.375238591378058484e+00 2.744488814255385378e+00 4.348329899362760820e+00 2.476873896691892174e+00 4.348329899362760820e+00 -1.212209403469027436e+01
-1.281207093282276333e+01 -3.146212990421444755e-01 6.847595017718589583e-01 -3.146212990421444755e-01 -1.219291714357049194e+00 1.245658809371053888e+00 6.847595017718589583e-01 1.245658809371053888e+00 -5.766181074170481757e+00
-4.030766308544220244e+00 -1.811445677304480917e+00 1.462618934180685004e+00 -1.811445677304480917e+00 -1.376600459328252424e-01 7.583234612916677220e-01 1.462618934180685004e+00 7.583234612916677220e-01 -9.513481392142383086e+00
1.464368720967942350e+00 1.491632642598603731e+00 -2.465074156281384266e+00 1.491632642598603731e+00 6.793182957324624738e+00 3.595399492813195597e+00 -2.465074156281384266e+00 3.595399492813195597e+00 -6.614300389677515213e+00
-5.548657464249394877e+00 -1.169173138812757556e-02 2.342206047923518941e+00 -1.169173138812757556e-02 -8.371652436590363067e+00 -2.030004474314837104e+00 2.342206047923518941e+00 -2.030004474314837104e+00 -1.077546688757915483e+01
-5.375105355007777419e+00 1.416560484950948107e+00 3.486924200066404134e-01 1.416560484950948107e+00 9.973858466079654761e-01 9.494187563883990100e-01 3.486924200066404134e-01 9.494187563883990100e-01 -5.551047592293583133e-01
-8.237818800167000077e+00 -3.121564615786684538e+00 3.164023422619071990e+00 -3.121564615786684538e+00 -4.868909569065714926e+00 -4.879550625371305905e+00 3.164023422619071990e+00 -4.879550625371305905e+00 -7.056190268032458413e+00
1.216178426031761539e+01 -1.179859936419193289e+00 5.447244698512188066e+00 -1.179859936419193289e+00 3.894497081731622234e+00 1.715773962311742062e+00 5.447244698512188066e+00 1.715773962311742062e+00 -2.176103436344214437e+00
-3.998303417639823554e+00 -2.075286683062403381e-01 -1.047244627130130556e-01 -2.075286683062403381e-01 9.816356409193030430e+00 2.629111782877348702e+00 -1.047244627130130556e-01 2.629111782877348702e+00 1.252567213881564712e+01
-7.511694771591177933e+00 2.751860577534803731e+00 2.744468094416598336e-01 2.751860577534803731e+00 -6.520198067962192034e+00 -9.703024335608106954e-01 2.744468094416598336e-01 -9.703024335608106954e-01 -8.047520493276257625e+00
-3.165686364509442186e+00 2.589497075374983304e+00 2.758601240101317131e-01 2.589497075374983304e+00 3.666252532462340508e+00 3.969984711700718982e+00 2.758601240101317131e-01 3.969984711700718982e+00 -6.849298132024163266e+00
1.468788653226312135e+00 -5.182239130152840323e-01 -1.418066534702835613e+00 -5.182239130152840323e-01 1.588775629718252480e+00 -1.493213795809624322e+00 -1.418066534702835613e+00 -1.493213795809624322e+00 -7.141934518596550596e+00
-8.906071795144795189e+00 1.514299481583072149e+00 -1.929283398990272236e+00 1.514299481583072149e+00 1.426147199373272612e+00 -8.958272882527041903e-01 -1.929283398990272236e+00 -8.958272882527041903e-01 -9.213976498040514329e+00
-7.459542148526231209e+00 -4.378147272468766449e-01 -4.910965164239992631e-01 -4.378147272468766449e-01 -1.019714052610576210e-01 -2.316863658514478619e-01 -4.910965164239992631e-01 -2.316863658514478619e-01 -2.729222829002522666e+00
-8.405418445642206748e+00 9.172228653908550688e-01 1.906252787621760980e+00 9.172228653908550688e-01 -8.565494932720266519e+00 -4.654386290049285613e+00 1.906252787621760980e+00 -4.654386290049285613e+00 -6.490203265088940299e+00
-1.100759602609186949e+01 1.393498407602465017e+00 -1.642673475969724128e+00 1.393498407602465017e+00 -5.744926414303808571e+00 3.051268877950508163e+00 -1.642673475969724128e+00 3.051268877950508163e+00 -1.095659217963401133e+01
-1.520152720621178588e+01 4.629251970257122206e-01 -7.652483514232925055e-01 4.629251970257122206e-01 -6.846984001783434692e+00 -1.391676478502735348e+00 -7.652483514232925055e-01 -1.391676478502735348e+00 -1.004899037200584999e+01
-2.444040418892630573e+00 4.988496818184889880e-01 3.774608352692519486e-01 4.988496818184889880e-01 -3.017948308892349552e+00 4.515958385472846004e+00 3.774608352692519486e-01 4.515958385472846004e+00 -2.555831052281782867e+00
-8.355584435922853714e+00 -2.390676528955005598e+00 4.091588662544166866e+00 -2.390676528955005598e+00 -4.493477358161916513e+00 -2.530708930244840893e+00 4.091588662544166866e+00 -2.530708930244840893e+00 -9.568318215526089077e+00
-1.328588130505553799e+01 3.481689998274182241e+00 2.967586272708255368e+00 3.481689998274182241e+00 -1.062642789510552710e+01 -2.455139872964430481e+00 2.967586272708255368e+00 -2.455139872964430481e+00 -6.851669539872736969e+00
-1.149709808842346348e+01 1.922116066839064663e+00 1.191102001289759293e+00 1.922116066839064663e+00 -3.146558230395490430e+00 4.742152802587216165e+00 1.191102001289759293e+00 4.742152802587216165e+00 -9.783532773575323915e+00
-1.205707139101943159e+00 3.971068595751355179e+00 3.787974202494451159e+00 3.971068595751355179e+00 3.173863917887964625e+00 -1.963478258757016537e+00 3.787974202494451159e+00 -1.963478258757016537e+00 6.916285983886880651e-01
