2.163133646950121403e+01 -1.672107065669562687e+00 -7.564335626310321470e-02 -1.672107065669562687e+00 1.677023665959854881e+01 6.586331518404013596e-02 -7.564335626310321470e-02 6.586331518404013596e-02 1.447850549433198530e+01
1.860872098235527261e+01 -1.573163943463033343e+00 -5.206820667245189993e-01 -1.573163943463033343e+00 1.348980630474665787e+01 -1.180500414008674032e-01 -5.206820667245189993e-01 -1.180500414008674032e-01 1.139115851007742641e+01
2.427621487257199817e+01 9.094992260122574113e-01 2.127103953026273850e-02 9.094992260122574113e-01 1.904175614207607481e+01 -6.588412893365134249e-01 2.127103953026273850e-02 -6.588412893365134249e-01 1.774953492407114553e+01
1.586398394831175906e+01 -1.171171695169974658e+00 -1.187880296825784415e-01 -1.171171695169974658e+00 1.938761338794249767e+01 -3.043866567346935614e-01 -1.187880296825784415e-01 -3.043866567346935614e-01 1.020283022331457801e+01
2.285543530009569224e+01 -1.318086572218621022e+00 1.102030235892132559e+00 -1.318086572218621022e+00 1.684162398773780467e+01 8.901318876252100054e-01 1.102030235892132559e+00 8.901318876252100054e-01 1.605832635815970733e+01
2.374497241590523089e+01 8.739752711545866193e-01 2.952425082590038885e-01 8.739752711545866193e-01 1.859014177650211863e+01 -4.208099814889436630e-01 2.952425082590038885e-01 -4.208099814889436630e-01 1.555377410498717161e+01
1.956051183360731827e+01 -6.381441961789055539e-02 -7.123085819389428641e-01 -6.381441961789055539e-02 1.723492329828548364e+01 -1.914163809833012264e+00 -7.123085819389428641e-01 -1.914163809833012264e+00 1.685163162647304702e+01
1.875591267889838321e+01 -1.368610847236318540e+00 1.131030209168526701e+00 -1.368610847236318540e+00 2.369516158997893029e+01 1.075097693519332376e-01 1.131030209168526701e+00 1.075097693519332376e-01 2.004617917682748285e+01
2.352400127306620803e+01 9.017497438997947867e-01 -1.222069949661201563e-03 9.017497438997947867e-01 1.810583811026346623e+01 -3.034501595537151819e-01 -1.222069949661201563e-03 -3.034501595537151819e-01 1.609842850102440437e+01
2.232496481560268720e+01 8.786503095955119358e-01 -3.190887155108022011e-01 8.786503095955119358e-01 1.650825441161330787e+01 3.126075484617230615e-01 -3.190887155108022011e-01 3.126075484617230615e-01 1.206610807617537162e+01
2.277636598825298719e+01 -1.978620611972027987e+00 1.031514374990930571e+00 -1.978620611972027987e+00 1.718960848123117202e+01 -3.472317636664995488e-01 1.031514374990930571e+00 -3.472317636664995488e-01 1.565726950986883814e+01
2.123942410394892377e+01 2.580474160513886450e-01 -4.080060722229899017e-01 2.580474160513886450e-01 1.835438395114746868e+01 -8.478988317430657951e-01 -4.080060722229899017e-01 -8.478988317430657951e-01 1.864319262642624508e+01
1.819605272993866407e+01 -1.063036475038094064e+00 1.748908730697966152e-01 -1.063036475038094064e+00 2.193633905233556192e+01 -5.445405256833812935e-01 1.748908730697966152e-01 -5.445405256833812935e-01 1.587688306937521077e+01
1.860349499410191854e+01 -1.379113475340587147e+00 1.158827512865890919e+00 -1.379113475340587147e+00 2.332366397298184424e+01 -8.859606450708536196e-02 1.158827512865890919e+00 -8.859606450708536196e-02 1.913637631139541639e+01
1.850231024457003670e+01 -1.165897029734401791e+00 9.006720166372562675e-01 -1.165897029734401791e+00 2.269658683785859310e+01 5.358437378983749166e-01 9.006720166372562675e-01 5.358437378983749166e-01 1.921556863643064617e+01
2.138022510015205668e+01 8.625527280651814621e-01 -4.605156935745021579e-02 8.625527280651814621e-01 1.602026483853279260e+01 4.878945136800863502e-02 -4.605156935745021579e-02 4.878945136800863502e-02 1.195691651154909252e+01
1.997256812284819816e+01 -8.395825803245134111e-02 -5.202589159606577640e-01 -8.395825803245134111e-02 1.775155965989473827e+01 -1.871525974387757696e+00 -5.202589159606577640e-01 -1.871525974387757696e+00 1.778813607215990444e+01
1.849702202873394441e+01 -1.033579898879886799e-01 -4.038433123981325923e-01 -1.033579898879886799e-01 1.618616071272886714e+01 -1.281936717234668954e+00 -4.038433123981325923e-01 -1.281936717234668954e+00 1.541445998146943275e+01
2.163528857342578959e+01 -1.871682867190398891e+00 2.270934688964448278e-01 -1.871682867190398891e+00 1.701057207317722586e+01 -2.215128105707553086e-01 2.270934688964448278e-01 -2.215128105707553086e-01 1.415635020044049597e+01
2.427621487257199817e+01 9.094992260122574113e-01 2.127103953026273850e-02 9.094992260122574113e-01 1.904175614207607481e+01 -6.588412893365134249e-01 2.127103953026273850e-02 -6.588412893365134249e-01 1.774953492407114553e+01
2.311165586017042983e+01 1.094215912474993280e+00 -4.518841287373365767e-01 1.094215912474993280e+00 1.740728597049542614e+01 -1.963490453458808516e-01 -4.518841287373365767e-01 -1.963490453458808516e-01 1.523649237447551918e+01
1.964459719880999700e+01 -2.791326419454257662e-02 -1.447578544565759628e-01 -2.791326419454257662e-02 1.655831329471734392e+01 -1.227455406397128135e+00 -1.447578544565759628e-01 -1.227455406397128135e+00 1.479330974914295815e+01
1.997256812284819816e+01 -8.395825803245134111e-02 -5.202575919276345440e-01 -8.395825803245134111e-02 1.775155965989473827e+01 -1.871525974387757696e+00 -5.202575919276345440e-01 -1.871525974387757696e+00 1.778813474812688256e+01
2.424139915306707493e+01 1.259451416586717665e+00 4.653885583352395661e-01 1.259451416586717665e+00 1.896508431269750616e+01 -7.695957675284084698e-02 4.653885583352395661e-01 -7.695957675284084698e-02 1.539051086933660528e+01
1.419565305806638555e+01 -9.891499506163575761e-01 3.061558674328753171e-01 -9.891499506163575761e-01 1.727469321905574162e+01 1.056481604345762326e+00 3.061558674328753171e-01 1.056481604345762326e+00 9.793947499302339210e+00
2.173635700814540428e+01 1.378130080654026424e+00 7.665153291199071628e-01 1.378130080654026424e+00 1.643440695973577803e+01 3.605012148491110180e-01 7.665153291199071628e-01 3.605012148491110180e-01 9.827409525391248124e+00
1.637624683773378464e+01 -2.798026026551515000e-01 -7.705210178357864426e-02 -2.798026026551515000e-01 1.397278000402191189e+01 -9.679383136900168161e-01 -7.705210178357864426e-02 -9.679383136900168161e-01 1.193977761019396588e+01
1.560876981065587721e+01 -1.440800504461507314e+00 9.725255970890326340e-01 -1.440800504461507314e+00 1.978411438428904745e+01 -1.603077051771752415e-01 9.725255970890326340e-01 -1.603077051771752415e-01 1.131899338502711139e+01
2.163528966275983834e+01 -1.871682867190398891e+00 2.270923795623972508e-01 -1.871682867190398891e+00 1.701057316251127460e+01 -2.215128105707553086e-01 2.270923795623972508e-01 -2.215128105707553086e-01 1.415635128977454293e+01
2.078827973232677451e+01 -1.558741474156602358e+00 1.678327113838205653e+00 -1.558741474156602358e+00 2.445939101531340043e+01 1.146300182456404970e+00 1.678327113838205653e+00 1.146300182456404970e+00 2.134871018763481842e+01
2.427621487257199817e+01 9.094992260122574113e-01 2.127103953026273850e-02 9.094992260122574113e-01 1.904175614207607481e+01 -6.588412893365134249e-01 2.127103953026273850e-02 -6.588412893365134249e-01 1.774953492407114553e+01
2.132623796812654149e+01 -1.728852654875460804e+00 7.941670047047307834e-01 -1.728852654875460804e+00 1.505657476801642147e+01 1.250341977134431515e+00 7.941670047047307834e-01 1.250341977134431515e+00 1.465213989484404422e+01
2.042848836750669150e+01 -1.507410651017797587e+00 -3.134449788471388443e-01 -1.507410651017797587e+00 1.529739493524626504e+01 1.570830589933143173e-01 -3.134449788471388443e-01 1.570830589933143173e-01 1.334293793111738502e+01
2.430843315818952277e+01 9.702935663461741411e-01 -2.128242953049433728e-01 9.702935663461741411e-01 1.878349345336599541e+01 -9.005293867321233214e-02 -2.128242953049433728e-01 -9.005293867321233214e-02 1.657394559565581815e+01
1.875591267889838321e+01 -1.368610847236318540e+00 1.131030209168526701e+00 -1.368610847236318540e+00 2.369516158997893029e+01 1.075097693519332376e-01 1.131030209168526701e+00 1.075097693519332376e-01 2.004617917682748285e+01
2.029635510253316966e+01 -4.301650888988206578e-02 -2.702973695817893485e-01 -4.301650888988206578e-02 1.776384668634979036e+01 -1.693639489658359087e+00 -2.702973695817893485e-01 -1.693639489658359087e+00 1.740954206951369088e+01
1.741522367607110056e+01 -1.406220310680586172e+00 1.092622219984707321e+00 -1.406220310680586172e+00 2.177317057375201159e+01 -1.635823933017601095e-01 1.092622219984707321e+00 -1.635823933017601095e-01 1.573975825137979889e+01
1.995629575699339497e+01 3.603620679171166963e-02 -5.092032402171594585e-01 3.603620679171166963e-02 1.757215583332078523e+01 -1.553489270122426769e+00 -5.092032402171594585e-01 -1.553489270122426769e+00 1.732241540045678718e+01
1.704240006679090058e+01 -1.048099831302047313e+00 6.451172235053279636e-01 -1.048099831302047313e+00 2.030148397279553762e+01 8.854203581599182638e-01 6.451172235053279636e-01 8.854203581599182638e-01 1.538673936247722907e+01
2.123467181609014176e+01 -1.793945810887870529e+00 8.651164205568646903e-02 -1.793945810887870529e+00 1.631862272882601417e+01 -8.935807192198094717e-03 8.651164205568646903e-02 -8.935807192198094717e-03 1.367334384108515444e+01
1.846721082591030338e+01 -1.423646852909571159e+00 8.972498942878229800e-01 -1.423646852909571159e+00 2.293288635492909933e+01 1.286743644121697006e-01 8.972498942878229800e-01 1.286743644121697006e-01 1.848544596702463494e+01
2.427621487257199817e+01 9.094992260122574113e-01 2.127103953026273850e-02 9.094992260122574113e-01 1.904175614207607481e+01 -6.588412893365134249e-01 2.127103953026273850e-02 -6.588412893365134249e-01 1.774953492407114553e+01
1.863488734959241100e+01 7.760897804424103930e-01 -1.111330030116219197e-01 7.760897804424103930e-01 1.367964291349574069e+01 2.683646768854112130e-01 -1.111330030116219197e-01 2.683646768854112130e-01 7.336686237903588648e+00
2.163528857342578959e+01 -1.871682867190398891e+00 2.270934688964448278e-01 -1.871682867190398891e+00 1.701057207317722586e+01 -2.215128105707553086e-01 2.270934688964448278e-01 -2.215128105707553086e-01 1.415635020044049597e+01
2.489679946338625172e+01 1.050588786023983756e+00 -2.763753582513052698e-01 1.050588786023983756e+00 1.929341006147883775e+01 -4.150456137025599901e-01 -2.763753582513052698e-01 -4.150456137025599901e-01 1.831161345128974105e+01
1.994092396065304840e+01 -1.500428033137183759e+00 1.634900866566375788e+00 -1.500428033137183759e+00 2.268287728642874157e+01 1.813809093328161870e+00 1.634900866566375788e+00 1.813809093328161870e+00 1.841056128542846082e+01
1.936895744948115805e+01 9.807098500166220312e-01 -2.963566729433130820e-01 9.807098500166220312e-01 1.450508479418978069e+01 -2.005838988154496488e-02 -2.963566729433130820e-01 -2.005838988154496488e-02 9.996702610036606984e+00
1.875591267889838321e+01 -1.368610847236318540e+00 1.131030209168526701e+00 -1.368610847236318540e+00 2.369516158997893029e+01 1.075097693519332376e-01 1.131030209168526701e+00 1.075097693519332376e-01 2.004617917682748285e+01
1.875591267889838321e+01 -1.368610847236318540e+00 1.131030209168526701e+00 -1.368610847236318540e+00 2.369516158997893029e+01 1.075097693519332376e-01 1.131030209168526701e+00 1.075097693519332376e-01 2.004617917682748285e+01
1.997256812284819816e+01 -8.395825803245134111e-02 -5.202589159606577640e-01 -8.395825803245134111e-02 1.775155965989473827e+01 -1.871525974387757696e+00 -5.202589159606577640e-01 -1.871525974387757696e+00 1.778813607215990444e+01
1.910329610059773842e+01 -1.239775312491395498e+00 6.212658457388464672e-01 -1.239775312491395498e+00 2.364661452168006406e+01 -3.288717269458653614e-01 6.212658457388464672e-01 -3.288717269458653614e-01 1.959247278549919713e+01
2.427621487257199817e+01 9.094992260122574113e-01 2.127103953026273850e-02 9.094992260122574113e-01 1.904175614207607481e+01 -6.588412893365134249e-01 2.127103953026273850e-02 -6.588412893365134249e-01 1.774953492407114553e+01
2.259072930520482814e+01 -1.838371032015778006e+00 1.262561037145998766e+00 -1.838371032015778006e+00 1.624263732167197460e+01 -1.364390894578582369e-01 1.262561037145998766e+00 -1.364390894578582369e-01 1.552965402619627611e+01
1.731042449867911515e+01 -1.435412287200585224e+00 7.689381631243489279e-01 -1.435412287200585224e+00 2.096650756387699133e+01 1.794759858885316417e-01 7.689381631243489279e-01 1.794759858885316417e-01 1.440695652171164731e+01
2.163528857342578959e+01 -1.871682867190398891e+00 2.270923795623972508e-01 -1.871682867190398891e+00 1.701057207317722586e+01 -2.215128105707553086e-01 2.270923795623972508e-01 -2.215128105707553086e-01 1.415635020044049597e+01
2.151570875086149925e+01 4.899729845885884005e-01 -2.941246678668186787e-01 4.899729845885884005e-01 1.731953562863138529e+01 3.483530883969334635e-01 -2.941246678668186787e-01 3.483530883969334635e-01 1.709915827612230288e+01
2.026640415151596386e+01 -1.721203209134783974e-01 -3.102302055607004672e-01 -1.721203209134783974e-01 1.733031060937396717e+01 -2.058907099926333029e+00 -3.102302055607004672e-01 -2.058907099926333029e+00 1.756102468769496738e+01
1.875591267889838321e+01 -1.368610847236318540e+00 1.131030209168526701e+00 -1.368610847236318540e+00 2.369516158997893029e+01 1.075097693519332376e-01 1.131030209168526701e+00 1.075097693519332376e-01 2.004617917682748285e+01
1.922922950297816058e+01 -1.902450089676996914e-01 -2.406099011361943762e-01 -1.902450089676996914e-01 1.579295997777100347e+01 -1.852208332579657224e+00 -2.406099011361943762e-01 -1.852208332579657224e+00 1.539965729227035496e+01
2.298036884334314323e+01 -1.550740002093851544e+00 8.783954025967151136e-01 -1.550740002093851544e+00 1.766900696622097300e+01 3.787026243007312609e-01 8.783954025967151136e-01 3.787026243007312609e-01 1.591708657355421686e+01
1.987320469409522872e+01 -1.519570886990796232e+00 8.796612087599888774e-01 -1.519570886990796232e+00 1.409267208935587412e+01 1.186066910991745091e-02 8.796612087599888774e-01 1.186066910991745091e-02 1.201632514130845131e+01
1.997256812284819816e+01 -8.395825803245134111e-02 -5.202575919276345440e-01 -8.395825803245134111e-02 1.775155965989473827e+01 -1.871525974387757696e+00 -5.202575919276345440e-01 -1.871525974387757696e+00 1.778813474812688256e+01
1.997256812284819816e+01 -8.395825803245134111e-02 -5.202589159606577640e-01 -8.395825803245134111e-02 1.775155965989473827e+01 -1.871525974387757696e+00 -5.202589159606577640e-01 -1.871525974387757696e+00 1.778813607215990444e+01
1.689248693233581022e+01 -9.345251124397321307e-01 9.636493241607325677e-01 -9.345251124397321307e-01 1.961949537271071264e+01 2.003371045381172610e+00 9.636493241607325677e-01 2.003371045381172610e+00 1.293057491907319978e+01
2.157879048539262712e+01 8.255198122745722733e-01 3.139726357075254271e-01 8.255198122745722733e-01 1.654297764089078626e+01 -1.183977678209954115e-01 3.139726357075254271e-01 -1.183977678209954115e-01 1.075309454120630726e+01
2.142299588623364670e+01 -1.941170396750697025e+00 2.641101291668438433e-01 -1.941170396750697025e+00 1.661511549122490550e+01 2.657615595829565525e-01 2.641101291668438433e-01 2.657615595829565525e-01 1.308422654149028652e+01
2.163528857342578959e+01 -1.871682867190398891e+00 2.270923795623972508e-01 -1.871682867190398891e+00 1.701057207317722586e+01 -2.215128105707553086e-01 2.270923795623972508e-01 -2.215128105707553086e-01 1.415635020044049597e+01
