-3.600835627602848810e+00 6.517671925021014667e-01 -1.023576892958847573e+00 6.517671925021014667e-01 7.427241540651996488e+00 2.714052098392835788e+00 -1.023576892958847573e+00 2.714052098392835788e+00 2.579736993086699126e+00
9.243126730366084232e+00 -9.490237386464723812e-01 2.989936933265647578e+00 -9.490237386464723812e-01 1.065649575719204378e+01 -1.958033250250343915e+00 2.989936933265647578e+00 -1.958033250250343915e+00 1.369731587421193808e+01
-1.220747737659661247e+01 1.743969295008647835e+00 -3.063729842582760265e-01 1.743969295008647835e+00 1.656642255127155905e-01 3.400540202086198782e+00 -3.063729842582760265e-01 3.400540202086198782e+00 5.583576475859687527e+00
-1.568861712054935964e+01 1.728961403728274338e+00 -6.253358070173615779e+00 1.728961403728274338e+00 -1.076829265803251623e+01 6.072677091838929453e-01 -6.253358070173615779e+00 6.072677091838929453e-01 2.332429092647517965e+00
2.216255678472432677e+01 1.960544728771548562e-01 -3.279771863633308415e-01 1.960544728771548562e-01 3.107575979241437381e+01 -2.078900170716533324e+00 -3.279771863633308415e-01 -2.078900170716533324e+00 1.616273447717842160e+01
-1.106049396650786498e+01 5.174488960371459889e+00 1.611314473614960718e+00 5.174488960371459889e+00 -8.480354303925841108e-02 1.961519106985512018e+00 1.611314473614960718e+00 1.961519106985512018e+00 -9.497144871029417068e-01
-4.122814193993796117e+00 -4.525865910990244600e+00 -2.129103305107547417e+00 -4.525865910990244600e+00 4.293352955201791055e+00 3.385283299212633601e-01 -2.129103305107547417e+00 3.385283299212633601e-01 4.762256594956182809e+00
2.421508250243490323e+01 -6.706331919238679440e-01 9.789405251368126226e-01 -6.706331919238679440e-01 2.407829655775175937e+01 -2.266560020448717072e+00 9.789405251368126226e-01 -2.266560020448717072e+00 2.391715409831866523e+01
7.705831450745606936e+00 2.970529727384040308e-01 2.611445096555141010e+00 2.970529727384040308e-01 2.664662867709104432e-01 3.174660799458595140e+00 2.611445096555141010e+00 3.174660799458595140e+00 3.746573533437032588e-01
-1.153807890246405599e+01 -4.483489749493253740e+00 3.894914271294551256e+00 -4.483489749493253740e+00 -1.189118450208916100e-01 -3.348215341608299589e+00 3.894914271294551256e+00 -3.348215341608299589e+00 7.208554881186151952e+00
2.244316328074583478e+00 7.057991667823834137e-01 7.448770370446937683e+00 7.057991667823834137e-01 1.188945585023561957e+00 3.555979907731715794e+00 7.448770370446937683e+00 3.555979907731715794e+00 1.513072565315233753e+01
2.880114567590138819e+01 -3.073431791303786742e+00 -1.892803382325145112e+00 -3.073431791303786742e+00 2.042726525458668263e+01 3.780133947938489669e+00 -1.892803382325145112e+00 3.780133947938489669e+00 2.306154575535070350e+01
-1.328356480478725921e+01 2.593764499140088220e-01 -1.052351277962621179e+00 2.593764499140088220e-01 -5.278491914710103039e+00 -3.645239182460589422e+00 -1.052351277962621179e+00 -3.645239182460589422e+00 1.202573761906390537e+01
-7.478976109263788530e-01 -2.563796042686350862e+00 -1.960147259935408393e+00 -2.563796042686350862e+00 5.424202823924178851e+00 2.221614609085690084e+00 -1.960147259935408393e+00 2.221614609085690084e+00 1.251651889338078938e+01
-1.373193158592317076e+01 -7.876012529151019681e-01 -4.614471346660227735e-01 -7.876012529151019681e-01 -2.694006909854464116e+00 -4.422730972670727567e+00 -4.614471346660227735e-01 -4.422730972670727567e+00 -1.107892492931586537e+00
-1.061650634114907632e+01 2.721966148857253742e+00 -1.912853534505996267e+00 2.721966148857253742e+00 -4.217310187321693604e+00 1.542842267918131283e+00 -1.912853534505996267e+00 1.542842267918131283e+00 1.051055944371180573e+01
8.297336717693438501e+00 1.645022072876788921e-01 -2.006789771794306620e+00 1.645022072876788921e-01 8.813783110289421074e+00 -7.830204874107105084e+00 -2.006789771794306620e+00 -7.830204874107105084e+00 7.289945671692721341e+00
4.152232551646934056e+00 8.847807062960800550e+00 6.129078855105682067e+00 8.847807062960800550e+00 1.509029597046062321e+01 8.581180505016158477e+00 6.129078855105682067e+00 8.581180505016158477e+00 2.235089520273449093e+00
-5.243288479814464331e+00 -6.536898008705871455e-01 -8.722523930937042813e-01 -6.536898008705871455e-01 -1.655188470135988021e+00 4.935158346772331228e+00 -8.722523930937042813e-01 4.935158346772331228e+00 2.020170768085121971e+00
-1.446589646492276948e+01 -4.521751713065119138e-01 3.994157274265223156e-01 -4.521751713065119138e-01 -1.114894567059561581e+01 2.781296316737695395e+00 3.994157274265223156e-01 2.781296316737695395e+00 3.473822311096427806e-01
-3.541679583797717523e+00 -1.010411237344060603e-01 -1.562250084052931864e+00 -1.010411237344060603e-01 6.528298732690331008e+00 5.121409000504336673e-01 -1.562250084052931864e+00 5.121409000504336673e-01 1.722924578650902427e+00
-1.384019601697168156e+01 2.693281701379582671e+00 3.161981188616335148e-01 2.693281701379582671e+00 -1.583522899710434029e+00 -5.642441923318383123e-01 3.161981188616335148e-01 -5.642441923318383123e-01 -4.876979099187307654e+00
-1.408159039555498282e+01 -1.625469654907186756e-01 1.827873784248316147e+00 -1.625469654907186756e-01 -7.565471078655034098e+00 3.624662400574765631e+00 1.827873784248316147e+00 3.624662400574765631e+00 3.901999241547922104e+00
1.380445717687234009e+01 1.971287295392320393e+00 -2.888163188207238385e-01 1.971287295392320393e+00 3.443878945704854289e+01 2.203682957210503002e+00 -2.888163188207238385e-01 2.203682957210503002e+00 1.390660131234599817e+01
