-1.356898812648939767e+01 1.094698277012990273e+00 5.022025779731055017e+00 1.094698277012990273e+00 -1.745836284291949525e+01 3.728203507002955330e+00 5.022025779731055017e+00 3.728203507002955330e+00 -1.362246414052478904e+01
1.069216639555508941e+01 7.029469181651802900e-01 -3.513780513655996973e+00 7.029469181651802900e-01 1.355710259431205955e+01 2.851238826653245351e+00 -3.513780513655996973e+00 2.851238826653245351e+00 5.773061719123285584e+00
1.362446974397019162e+01 -7.977139870821818857e-01 8.048509283097076139e-01 -7.977139870821818857e-01 2.185032306742867547e+01 2.708518136469626025e+00 8.048509283097076139e-01 2.708518136469626025e+00 1.713145555312576729e+00
3.551525272844372694e+00 -2.962725228231463337e+00 4.345935300281294822e+00 -2.962725228231463337e+00 1.382790835417968545e+01 -8.430262154423987297e+00 4.345935300281294822e+00 -8.430262154423987297e+00 1.067889962268801440e+01
4.688044753262741615e+00 -8.872529942112643564e-01 -1.997818924335620139e+00 -8.872529942112643564e-01 5.179420001437070376e+00 5.022533139214957476e-01 -1.997818924335620139e+00 5.022533139214957476e-01 1.355258567913835144e+01
-6.194231828415618368e-01 5.038521930351151923e-01 4.848725500867109517e+00 5.038521930351151923e-01 -6.421249559037201848e+00 3.044514716229404616e+00 4.848725500867109517e+00 3.044514716229404616e+00 3.113719651110796072e+00
5.278254287273241196e+00 4.568020305031678774e+00 -2.713334636536800737e+00 4.568020305031678774e+00 3.761701690917414798e+00 -5.217536643697395782e+00 -2.713334636536800737e+00 -5.217536643697395782e+00 3.030291667340469175e+00
1.337547373887505664e+00 1.307793499396158188e+00 2.176124178914740637e-01 1.307793499396158188e+00 -6.821894728565937704e+00 2.480124016534420051e+00 2.176124178914740637e-01 2.480124016534420051e+00 1.174412995066559695e+01
-4.476681680822601983e+00 1.390454638694757605e+00 1.942008873478440201e+00 1.390454638694757605e+00 2.487557752138525924e+00 -8.328743449509945052e+00 1.942008873478440201e+00 -8.328743449509945052e+00 8.673530021846081794e+00
9.171861633580457251e+00 -3.687306831753033975e+00 7.727252241782450737e-01 -3.687306831753033975e+00 1.147604567433070599e+01 -4.205320275673699593e-01 7.727252241782450737e-01 -4.205320275673699593e-01 7.236478872323237610e+00
5.769951825590116989e+00 4.133051252334105641e+00 3.132129905132549297e+00 4.133051252334105641e+00 -9.507125364375086818e+00 -5.480442308257620354e+00 3.132129905132549297e+00 -5.480442308257620354e+00 2.843020471976316355e-01
1.529953705006987574e+00 -8.699411853106840953e-01 2.209249220375915534e+00 -8.699411853106840953e-01 1.047350342457547079e+01 -7.480317654033684427e+00 2.209249220375915534e+00 -7.480317654033684427e+00 1.229434580307471414e+01
4.093715663925000747e+00 -5.574561772151507277e-01 3.444759637853964662e+00 -5.574561772151507277e-01 1.939641393008419312e+00 1.180069912926953712e+01 3.444759637853964662e+00 1.180069912926953712e+01 9.954201678899311290e+00
5.740780793312335817e+00 -2.800647305142866639e+00 -2.373661405032877703e+00 -2.800647305142866639e+00 6.524720373932546558e+00 -3.820766753002799110e+00 -2.373661405032877703e+00 -3.820766753002799110e+00 -2.493981865463797742e+00
1.802186805602561748e+01 8.063986885666388771e-01 -1.923047674224447112e+00 8.063986885666388771e-01 1.906658232237755968e+01 -3.126723387324368275e+00 -1.923047674224447112e+00 -3.126723387324368275e+00 1.187078494560661390e+01
1.321988774257687993e+01 2.099233830183068861e+00 -2.363728656841645126e+00 2.099233830183068861e+00 1.024910704226642721e+01 -2.191367324434941644e+00 -2.363728656841645126e+00 -2.191367324434941644e+00 1.207483100430289369e+01
9.650120187718668419e+00 1.696429398189764681e+00 -2.605357509947392014e+00 1.696429398189764681e+00 1.242468979883993363e+01 5.571648829408944792e+00 -2.605357509947392014e+00 5.571648829408944792e+00 9.902978108221386577e+00
-5.851121854113508824e+00 3.787393850503220083e+00 1.561335080448313484e+00 3.787393850503220083e+00 3.526853060825730690e+00 5.057937914549389014e+00 1.561335080448313484e+00 5.057937914549389014e+00 -2.024296287810703365e+00
1.146823654907432299e+01 -2.683942573547017485e+00 -8.013491823635854772e+00 -2.683942573547017485e+00 8.265090459365884712e+00 -3.190356861141048661e+00 -8.013491823635854772e+00 -3.190356861141048661e+00 1.947017000248969731e+00
7.235713833363059067e+00 -7.973612678659152131e+00 5.907753175663448708e+00 -7.973612678659152131e+00 8.631085654897164616e+00 3.988735045051413408e+00 5.907753175663448708e+00 3.988735045051413408e+00 5.090028331305323839e+00
1.346995162580602257e+00 -2.815170110094572742e+00 1.207747133118525662e+00 -2.815170110094572742e+00 -2.851912342757783936e+00 6.836560568783323966e+00 1.207747133118525662e+00 6.836560568783323966e+00 6.101888319468439015e+00
8.308501887806404085e+00 -6.182430826380719974e-02 -5.750762944197764348e+00 -6.182430826380719974e-02 4.273795748505798464e+00 -1.613436555125528082e+00 -5.750762944197764348e+00 -1.613436555125528082e+00 -1.770053634979234181e+00
-2.370913952051505902e+00 -1.628215099646089792e+00 2.843993908961896189e+00 -1.628215099646089792e+00 8.153829769178909004e+00 4.548010167357029232e+00 2.843993908961896189e+00 4.548010167357029232e+00 7.034695763079821251e-01
-4.083731441933116990e+00 -3.986320992612479852e+00 3.590420827038849794e+00 -3.986320992612479852e+00 1.871663574501895022e+00 -5.127967866578796219e+00 3.590420827038849794e+00 -5.127967866578796219e+00 -5.143323972443036851e-01
1.310831114454645707e+01 -1.185670229413956989e+01 3.284294274601177399e+00 -1.185670229413956989e+01 1.327024411945848748e+01 -1.740155828758452428e+00 3.284294274601177399e+00 -1.740155828758452428e+00 2.134710830289069106e-01
-1.942230758972925520e+00 2.777286473366098019e+00 3.762033261926740479e-01 2.777286473366098019e+00 3.607574695070417281e+00 -6.667736385602710314e+00 3.762033261926740479e-01 -6.667736385602710314e+00 -1.630738632790798892e+00
1.834653858838026785e+00 -5.042796105293327003e+00 4.626287112195161200e+00 -5.042796105293327003e+00 -1.900466187123310391e+00 3.539691360646287421e+00 4.626287112195161200e+00 3.539691360646287421e+00 -5.118778532919874280e+00
8.849921545358366615e+00 4.032720726939956535e+00 2.663819316281180072e+00 4.032720726939956535e+00 9.508323429112628400e-01 -3.799825810656563885e+00 2.663819316281180072e+00 -3.799825810656563885e+00 1.248051933232300392e+01
1.195012853539143904e+01 4.495184817919951392e+00 7.083915647861851461e+00 4.495184817919951392e+00 1.170788366387665391e+01 8.543369302875811755e+00 7.083915647861851461e+00 8.543369302875811755e+00 7.378345600730622955e+00
1.266228548419923783e+01 3.539031996413787073e+00 -1.778753516318185790e+00 3.539031996413787073e+00 2.159259943658978287e+01 -1.450691912891412194e+00 -1.778753516318185790e+00 -1.450691912891412194e+00 1.027208460264015599e+01
1.281562902994018671e+01 1.566118881264820795e+00 -4.948889420440669262e+00 1.566118881264820795e+00 1.042515101457558657e+01 -1.838716469486729510e+00 -4.948889420440669262e+00 -1.838716469486729510e+00 1.542520682541204557e+01
6.918273888489049561e+00 -2.740184289238305038e+00 -3.436828417237780986e+00 -2.740184289238305038e+00 8.865618242800691107e+00 -9.809419158303796848e+00 -3.436828417237780986e+00 -9.809419158303796848e+00 2.143151771077724987e+01
-1.304542508511444376e+00 -2.065410429578519835e+00 -3.778591556075871161e+00 -2.065410429578519835e+00 -4.990741592571920293e+00 2.551065309610771159e+00 -3.778591556075871161e+00 2.551065309610771159e+00 -7.663493325450260185e-02
-3.995601492421597456e+00 3.953579044331818615e+00 5.220880993480942145e+00 3.953579044331818615e+00 -2.683299478107483260e+00 9.550243583863015084e-01 5.220880993480942145e+00 9.550243583863015084e-01 -2.892882364409672835e+00
8.368804143298353537e+00 3.195177943549389443e+00 -6.044109595460388284e+00 3.195177943549389443e+00 3.890974473518956422e+00 4.548275513787026547e+00 -6.044109595460388284e+00 4.548275513787026547e+00 1.086670420681765847e+01
1.087143713647003018e+01 -7.934916916783896212e+00 5.613157683412757226e-01 -7.934916916783896212e+00 1.643505675130120025e+01 -1.200132834882725241e+01 5.613157683412757226e-01 -1.200132834882725241e+01 6.409173529930400903e+00
9.911857367531181850e+00 -2.038912305148454340e+00 5.039591058274440094e+00 -2.038912305148454340e+00 4.807706757524799812e+00 7.586957108127769800e+00 5.039591058274440094e+00 7.586957108127769800e+00 4.665833706151424565e+00
-2.248403927381929179e+00 -4.783496399848748304e+00 -3.824666366019834118e+00 -4.783496399848748304e+00 1.286079132058552332e+01 -6.644568479542262374e+00 -3.824666366019834118e+00 -6.644568479542262374e+00 1.814085674768626255e+00
1.034447880574884948e+01 -2.676156863886314241e+00 6.646901168577747043e+00 -2.676156863886314241e+00 1.503104213510603238e+01 3.959647204246411256e+00 6.646901168577747043e+00 3.959647204246411256e+00 1.426500322761825856e+01
9.374826681325821198e+00 9.627099436208187699e-02 -5.658871768525226109e+00 9.627099436208187699e-02 1.328948959473151170e+01 3.499354113585553261e+00 -5.658871768525226109e+00 3.499354113585553261e+00 5.860136065627650659e+00
1.125871645592514447e+01 1.209591605047111162e+00 1.230038794680391945e+01 1.209591605047111162e+00 3.411760899601203878e+00 -9.488053673822924861e-01 1.230038794680391945e+01 -9.488053673822924861e-01 4.434738236412242074e+00
2.734231930964441659e+01 -9.764117662253051222e+00 1.506487822196467263e+00 -9.764117662253051222e+00 5.488369407544912981e+00 -6.146696521993938234e+00 1.506487822196467263e+00 -6.146696521993938234e+00 2.546808501292696647e+01
7.669618462921136415e-02 -2.583151530813240448e+00 1.798237246112468934e+00 -2.583151530813240448e+00 5.031657109204407341e+00 3.716029525806609168e+00 1.798237246112468934e+00 3.716029525806609168e+00 1.303072066811725271e+01
6.782779329282970338e+00 3.794675445488961074e+00 2.221531378877042773e+00 3.794675445488961074e+00 3.071886428811580472e-01 2.283808568824831298e+00 2.221531378877042773e+00 2.283808568824831298e+00 4.390236519327944675e-01
5.596032360070608114e+00 9.685295098170041417e-01 6.265983482146986194e-01 9.685295098170041417e-01 1.351952430551239637e+01 1.757637914025137194e-01 6.265983482146986194e-01 1.757637914025137194e-01 -3.356500435171332786e+00
1.362939357937863782e+01 6.350844924821807069e+00 3.494647166456362530e+00 6.350844924821807069e+00 1.121434359754794663e+01 -5.305938649324422940e+00 3.494647166456362530e+00 -5.305938649324422940e+00 9.610502179312327087e+00
9.630023056466843201e+00 9.853707257122330532e-01 -3.105836584966034764e+00 9.853707257122330532e-01 -1.202151102376236791e+00 3.872282380603905061e+00 -3.105836584966034764e+00 3.872282380603905061e+00 1.178901049427065928e+01
9.581279363719652054e+00 -1.847599795424714753e+00 -2.247784124616560408e+00 -1.847599795424714753e+00 6.892654452532373632e+00 -4.313771200116639726e+00 -2.247784124616560408e+00 -4.313771200116639726e+00 4.327174794738475327e+00
4.656045247299115952e-01 -4.812450384692048111e+00 2.204156340252370061e+00 -4.812450384692048111e+00 1.042313020431057780e+01 -1.598319192060864147e+01 2.204156340252370061e+00 -1.598319192060864147e+01 1.573096398867984114e+01
6.276464283552747325e+00 -8.182071322916815603e+00 -3.274727109694397953e+00 -8.182071322916815603e+00 8.978382763773918640e+00 2.232065315487587132e+00 -3.274727109694397953e+00 2.232065315487587132e+00 -2.185560902577613263e+00
7.546638381164741283e+00 -1.656156824956491302e+00 -9.928236149103720765e-01 -1.656156824956491302e+00 6.318754879847737094e+00 -2.234245439030845493e+00 -9.928236149103720765e-01 -2.234245439030845493e+00 7.124702483756389704e+00
1.217510245255622259e+01 -1.586833848995011564e+00 1.520088297899919505e+00 -1.586833848995011564e+00 1.208978275456609985e+01 -3.919860147539731554e-01 1.520088297899919505e+00 -3.919860147539731554e-01 1.127562487726782026e+00
1.182515762763456557e+01 2.058687548136917123e+00 2.846171323768679873e+00 2.058687548136917123e+00 1.708995110496453806e+00 1.327915527512993688e+00 2.846171323768679873e+00 1.327915527512993688e+00 -5.903111089888891883e+00
-5.055757593334007094e-01 3.777464498057503395e+00 3.718469190846829697e+00 3.777464498057503395e+00 3.009702221112594778e+00 -3.658391020463890531e+00 3.718469190846829697e+00 -3.658391020463890531e+00 -1.679665161939265738e+00
1.624102629362447558e+01 3.959151965559096986e+00 1.445573463095294775e+00 3.959151965559096986e+00 2.064795094657095209e+00 2.361948467381437489e+00 1.445573463095294775e+00 2.361948467381437489e+00 -3.754900121564187732e+00
1.696517404125674844e+01 -1.640917339261366292e-01 6.667519290990963299e+00 -1.640917339261366292e-01 8.331356361664248311e+00 -5.704040735897034864e+00 6.667519290990963299e+00 -5.704040735897034864e+00 2.477018018517303943e+01
-2.790664859035840717e+00 1.886541100508634106e+00 -8.192800300287906623e+00 1.886541100508634106e+00 6.154651808384186573e+00 2.116100719778394978e+00 -8.192800300287906623e+00 2.116100719778394978e+00 7.301826094144490575e+00
5.710284622820229750e+00 4.186268864562465275e+00 -4.252211669417695461e+00 4.186268864562465275e+00 8.155049990276129535e+00 -1.184757225123286961e+00 -4.252211669417695461e+00 -1.184757225123286961e+00 7.530381092714685920e+00
1.625393112386136707e+01 2.416682775645253856e-01 3.125325421228879463e+00 2.416682775645253856e-01 9.943734682383497114e-01 4.178836269752392307e-01 3.125325421228879463e+00 4.178836269752392307e-01 8.314816538525384715e+00
8.987383366451636491e+00 -2.079801527001456929e+00 -3.140736216398643865e+00 -2.079801527001456929e+00 6.894588738460947219e+00 3.461964976150266882e+00 -3.140736216398643865e+00 3.461964976150266882e+00 1.645998190559624819e+00
1.220635954185165595e+01 5.154195992787538039e+00 -7.038262114838397920e+00 5.154195992787538039e+00 5.354196005532132929e+00 -1.690763755739560281e+00 -7.038262114838397920e+00 -1.690763755739560281e+00 9.847355384576728099e+00
1.432467632682689818e+01 5.904660078636664977e+00 -1.205870996298923803e+00 5.904660078636664977e+00 4.921564088645307145e+00 6.593565890802139506e+00 -1.205870996298923803e+00 6.593565890802139506e+00 6.073202835668461752e+00
8.158775546859919459e+00 5.925770821729789084e+00 4.394240682598789860e+00 5.925770821729789084e+00 1.289966626838030095e+01 -4.817783571827166433e+00 4.394240682598789860e+00 -4.817783571827166433e+00 7.477645560432195637e+00
5.208653707523457577e+00 -3.604342505816262587e+00 1.064009005171727917e+00 -3.604342505816262587e+00 9.366291166478575292e+00 5.006381668947627039e-01 1.064009005171727917e+00 5.006381668947627039e-01 1.792509215853802740e+00
1.251525482068678308e+01 -5.489991641539808676e+00 2.808179485186394153e+00 -5.489991641539808676e+00 1.388172573525651821e+01 -2.216416089077115625e+00 2.808179485186394153e+00 -2.216416089077115625e+00 1.125532572879453674e+01
5.399324266948890561e+00 -3.507853289597747004e+00 5.104334365952439834e-01 -3.507853289597747004e+00 1.637332934212173896e+01 6.803476474635663074e+00 5.104334365952439834e-01 6.803476474635663074e+00 1.416226423766375042e+01
9.289363725158654717e+00 1.330714170348342051e+00 -2.147867003944156306e+00 1.330714170348342051e+00 2.394353184874396234e+01 4.086379494926332789e+00 -2.147867003944156306e+00 4.086379494926332789e+00 8.227836837283659221e+00
