2.007421351790628705e+01 2.442383411896576373e+00 1.369976976963230175e+00 2.442383411896576373e+00 2.132770773585384561e+01 -1.191789226988704042e+00 1.369976976963230175e+00 -1.191789226988704042e+00 1.779144486704401373e+01
3.593102870071566368e+00 2.752677403576751836e+00 -1.645987295075111767e+00 2.752677403576751836e+00 4.804573204276475273e+00 3.863168212602953400e+00 -1.645987295075111767e+00 3.863168212602953400e+00 2.689711456975603543e+00
1.956762049244386503e+01 -6.502233680833384710e-01 2.746392618609481584e+00 -6.502233680833384710e-01 2.500821329679044425e+01 6.136474596091779921e-01 2.746392618609481584e+00 6.136474596091779921e-01 1.461021888114076539e+01
1.481646183539885264e+01 1.861478552779107787e+00 -4.217460993242291956e+00 1.861478552779107787e+00 1.498763774029485951e+01 -8.272702111624994359e-01 -4.217460993242291956e+00 -8.272702111624994359e-01 1.409281133855386337e+01
4.454859392876293178e+00 5.331344526998035155e-02 -9.582408012839133127e-01 5.331344526998035155e-02 -1.870862763488431169e+00 2.559756777856981635e+00 -9.582408012839133127e-01 2.559756777856981635e+00 5.886672271781299148e-01
