-1.120813723983213173e+01 1.522487500123688609e+00 -3.721933767661733117e-01 1.522487500123688609e+00 -1.475778297734168909e+01 1.314703264005762651e-01 -3.721933767661733117e-01 1.314703264005762651e-01 -1.617562832152951202e+01
-4.320921779666290874e+00 4.249041913901968059e-01 -2.872956908429547873e+00 4.249041913901968059e-01 -5.041081439956415444e+00 -2.079271097987289707e+00 -2.872956908429547873e+00 -2.079271097987289707e+00 2.598524223379839793e+00
-4.360691445967940227e-01 -1.373516078185946121e+00 3.558046397242736525e+00 -1.373516078185946121e+00 6.057324582004242064e-01 -1.013539227791262487e+00 3.558046397242736525e+00 -1.013539227791262487e+00 3.040958629844635386e+00
-3.606128199341844365e+00 -8.520474965420057334e-01 5.514231644399025800e-01 -8.520474965420057334e-01 -4.569243531522007906e+00 -2.786395470145021092e-01 5.514231644399025800e-01 -2.786395470145021092e-01 -9.507644419023135285e+00
-3.375936450025768920e+00 -5.914377555532639164e-02 -8.040853736122569595e-01 -5.914377555532639164e-02 -2.642932153303275911e+00 5.718159382513791078e-01 -8.040853736122569595e-01 5.718159382513791078e-01 -4.773194927146994893e+00
-7.588880445065663061e+00 3.311195148271933508e+00 -1.953618210766339958e-01 3.311195148271933508e+00 -1.309277151998351485e+01 -4.783565592345291884e-01 -1.953618210766339958e-01 -4.783565592345291884e-01 -1.335606414586656676e+01
-1.226791561896140514e+01 -6.466094694120811948e-01 -8.876146569306286871e-02 -6.466094694120811948e-01 -1.545244654946297302e+01 -8.306983748379094534e-02 -8.876146569306286871e-02 -8.306983748379094534e-02 -1.679317487075054061e+01
-3.993078745395711032e-02 -4.629982417402582484e-02 1.716037777203408332e+00 -4.629982417402582484e-02 -1.200487998929688338e+01 -8.203556737606926275e-01 1.716037777203408332e+00 -8.203556737606926275e-01 -1.064039208826258331e+01
-2.482928061961517052e+00 -1.563078141122884679e+00 -8.617275930776021609e-01 -1.563078141122884679e+00 -3.732761285087915937e+00 -1.241458464507764869e+00 -8.617275930776021609e-01 -1.241458464507764869e+00 2.327727836813098250e+00
2.209681578903697208e+00 -3.566920351337689588e-01 1.188321784279394028e-01 -3.566920351337689588e-01 5.237753165805829170e+00 -3.078580150230254997e+00 1.188321784279394028e-01 -3.078580150230254997e+00 4.047936984767648738e+00
-1.258220506309268627e+00 -7.185203339935557487e-01 -1.756408706276384013e+00 -7.185203339935557487e-01 -1.408493011240241843e+00 1.324657753104252933e+00 -1.756408706276384013e+00 1.324657753104252933e+00 2.816384843397191862e+00
-5.306407541318183263e+00 -9.323399239695855378e-01 6.701106979897038407e+00 -9.323399239695855378e-01 -1.033713581938067350e+01 1.793215227973886661e+00 6.701106979897038407e+00 1.793215227973886661e+00 8.206819975320730265e+00
-2.505107673603888419e+00 -1.230349176031102054e+00 2.349027945722506061e+00 -1.230349176031102054e+00 -6.487248340416275738e+00 -1.570822496675011504e+00 2.349027945722506061e+00 -1.570822496675011504e+00 -6.545035288179450461e+00
-5.936374865184475880e+00 -1.604193502270699234e+00 -1.195311011773878329e+00 -1.604193502270699234e+00 -6.278167439927830884e+00 -1.914880625926697888e-01 -1.195311011773878329e+00 -1.914880625926697888e-01 -9.218372908591156545e+00
-6.927346034785725415e+00 8.162462539153432228e-01 1.541453700527919635e+00 8.162462539153432228e-01 -4.533567928495318977e-01 1.049864443512735335e+00 1.541453700527919635e+00 1.049864443512735335e+00 -1.909180651733024092e+00
-2.311440336834285514e+00 -2.308331461667448181e+00 -3.615605119613179985e-01 -2.308331461667448181e+00 -4.358545570628968413e+00 -1.089163938261923648e-01 -3.615605119613179985e-01 -1.089163938261923648e-01 -8.610296965260493707e+00
8.801066952837010016e-01 -3.438813937341446691e-01 1.070384050000297016e+00 -3.438813937341446691e-01 1.907247599834440033e+00 -5.584369204116401697e-01 1.070384050000297016e+00 -5.584369204116401697e-01 6.874791756692735234e+00
-1.009187835480677142e+00 -1.182491280039757342e+00 7.433238506937562828e-01 -1.182491280039757342e+00 -9.774608142721136872e+00 1.170878961774263649e+00 7.433238506937562828e-01 1.170878961774263649e+00 3.309815190315918532e+00
-2.734059857696022888e+00 -1.368003441697548173e+00 5.905479790896869252e-01 -1.368003441697548173e+00 -1.319188825722100589e+01 -9.015008330426732552e-01 5.905479790896869252e-01 -9.015008330426732552e-01 -9.519903939380126801e+00
-4.394687288157141936e+00 -7.660468804115677655e-01 -5.055122868082373433e-01 -7.660468804115677655e-01 -3.742831034733053563e+00 6.004415256201571793e-01 -5.055122868082373433e-01 6.004415256201571793e-01 -4.942366999508954528e+00
-1.108269465193666647e+00 1.994676016287695863e-01 1.055627330094681016e+00 1.994676016287695863e-01 -6.388902678804631030e+00 -1.751542217261866874e+00 1.055627330094681016e+00 -1.751542217261866874e+00 -5.282937733430249416e+00
-3.909530201467675159e+00 4.211078568086689677e-01 -2.223839359718232878e+00 4.211078568086689677e-01 -2.840239963410589930e+00 -6.458834279021248292e-01 -2.223839359718232878e+00 -6.458834279021248292e-01 -5.648109494746062609e+00
4.366640681323443296e+00 -3.428289158171928808e-01 2.169351147957671255e+00 -3.428289158171928808e-01 6.001722374290859641e+00 2.809809777684349807e+00 2.169351147957671255e+00 2.809809777684349807e+00 1.333226193306459173e+01
-4.099072781749137029e+00 4.524429249070050507e-01 1.124636287412635882e+00 4.524429249070050507e-01 -3.987323053169282261e+00 3.753291829105980248e-01 1.124636287412635882e+00 3.753291829105980248e-01 -7.188630895681270339e+00
-3.670855147309593391e+00 5.576937962670156512e-01 -1.148612478213641097e+00 5.576937962670156512e-01 -3.516217135933513038e+00 -7.056242076859978729e-01 -1.148612478213641097e+00 -7.056242076859978729e-01 -4.257059026630773069e+00
-5.930840010135090878e+00 -2.486226113044927910e+00 -4.867215068039352222e-01 -2.486226113044927910e+00 -1.440403885628503033e+01 -1.613950219548464793e-01 -4.867215068039352222e-01 -1.613950219548464793e-01 -9.224345717604464312e+00
-1.992350622194685394e+00 -8.763381930671403364e-01 2.849427427086266285e+00 -8.763381930671403364e-01 1.185324759223642527e-01 9.519128052808606411e-01 2.849427427086266285e+00 9.519128052808606411e-01 5.984096238157258441e+00
-8.131272740191553439e+00 -1.575367521874157239e-01 -2.039861860811965411e+00 -1.575367521874157239e-01 -5.476971065799170368e+00 -7.257623153580244901e-01 -2.039861860811965411e+00 -7.257623153580244901e-01 -6.940085093287566842e+00
2.142740670778923118e+01 -1.107788932827358908e+00 2.047859019856487883e+00 -1.107788932827358908e+00 1.566301102450793081e+01 -1.317010295966509315e+00 2.047859019856487883e+00 -1.317010295966509315e+00 2.799316728384809139e+01
-1.026521090674210335e+01 -2.403431614961692553e+00 -1.632775148898641726e+00 -2.403431614961692553e+00 -9.780784875021472757e+00 2.750459575257123479e+00 -1.632775148898641726e+00 2.750459575257123479e+00 -2.705758255784629807e+00
-6.473208303908565497e+00 5.574126893808467598e-02 -5.874020626330180711e-02 5.574126893808467598e-02 -5.489320286135122906e+00 3.787497805650684168e-01 -5.874020626330180711e-02 3.787497805650684168e-01 -7.245343514156711073e+00
-4.155725560639897509e+00 -1.729876112753140571e+00 -2.466349713768796637e+00 -1.729876112753140571e+00 -3.800005670466949592e+00 1.308680583994824564e+00 -2.466349713768796637e+00 1.308680583994824564e+00 -2.838746757030099044e+00
-2.195924889274367242e+00 -6.058660535522667479e-01 3.426642844141284616e+00 -6.058660535522667479e-01 -4.162330180846617045e-02 -2.215219676287887296e-01 3.426642844141284616e+00 -2.215219676287887296e-01 6.512113775277983407e+00
2.333583221600719426e+01 1.389515490544231735e+00 -3.748182508569734228e+00 1.389515490544231735e+00 2.153326239047657609e+01 -1.928073543786386068e+00 -3.748182508569734228e+00 -1.928073543786386068e+00 2.112034280660719077e+01
-6.790238423540591484e+00 3.906912567542508707e-01 -2.075552694027670064e+00 3.906912567542508707e-01 -6.744189775702339240e+00 -6.194106739635607539e-01 -2.075552694027670064e+00 -6.194106739635607539e-01 -7.925161553045109386e+00
-7.131653444493677441e+00 -1.061490756107083655e+00 6.616102269501378252e-01 -1.061490756107083655e+00 -1.417989066529598041e+01 -6.073979920262897458e-01 6.616102269501378252e-01 -6.073979920262897458e-01 -1.500114442910294699e+01
-2.857599009440639826e+00 -1.286512105298439845e+00 1.149260972317377005e+00 -1.286512105298439845e+00 -5.599944195552053472e+00 -1.660470544234402990e+00 1.149260972317377005e+00 -1.660470544234402990e+00 -4.164357768634478596e+00
