-1.646230840075717694e+01 3.608424191990225349e+00 1.300512884066457708e+00 3.608424191990225349e+00 -1.505526312851643134e+01 2.171816560438627253e+00 1.300512884066457708e+00 2.171816560438627253e+00 -1.472623682496957542e+01
-1.105384568122230959e+01 -3.011696681817451093e+00 -2.109688010055842167e+00 -3.011696681817451093e+00 1.068672430610567048e+00 5.056251147019183101e+00 -2.109688010055842167e+00 5.056251147019183101e+00 1.798900588863374139e+01
-2.080790080134559616e+01 -2.340111429960552325e+00 1.844149965165527150e-01 -2.340111429960552325e+00 -1.154321947018005190e+01 4.590108454870572841e-01 1.844149965165527150e-01 4.590108454870572841e-01 -1.527350047912508124e+01
-1.628740454782074210e+01 -9.027887615128014076e-01 9.478765998649896218e-01 -9.027887615128014076e-01 -1.116404908639230520e+01 -6.053402636850045759e+00 9.478765998649896218e-01 -6.053402636850045759e+00 -3.490841690869411207e-01
3.230112997033059319e+00 2.514505272995454899e+00 8.502287164868608249e-01 2.514505272995454899e+00 -1.438983005571178753e+00 -3.682491169509575446e+00 8.502287164868608249e-01 -3.682491169509575446e+00 -5.094830046269629875e+00
2.774650565534876101e+00 5.006077213482567956e+00 -1.146407207046452381e+00 5.006077213482567956e+00 1.883983812551449688e+01 -7.153836596134579118e+00 -1.146407207046452381e+00 -7.153836596134579118e+00 2.446915854096677023e+01
-2.256922805549250555e+01 -1.556171851981470455e+00 -1.715058760326001686e+00 -1.556171851981470455e+00 -1.578894191281749215e+01 1.477610216110902597e+00 -1.715058760326001686e+00 1.477610216110902597e+00 -1.549324803818546314e+01
-4.139169763619921838e+00 1.000552272004989440e+01 4.512079968684398756e-01 1.000552272004989440e+01 5.680315181660808399e+00 3.156337858059144796e+00 4.512079968684398756e-01 3.156337858059144796e+00 3.796688160793040279e+00
-3.862276217244028587e+00 -3.036244345195992178e+00 -4.275755765215823345e+00 -3.036244345195992178e+00 1.384367381081441550e+01 5.704358550483115131e+00 -4.275755765215823345e+00 5.704358550483115131e+00 -1.658692282280616048e+00
9.347724984409511606e+00 2.786620223973665933e+00 9.087128248769674954e+00 2.786620223973665933e+00 -3.649500171716929309e+00 8.112953412362555738e+00 9.087128248769674954e+00 8.112953412362555738e+00 1.085659542016003698e+01
-2.080869888689775404e+00 -8.377921700189487453e+00 -3.385362373358579369e+00 -8.377921700189487453e+00 1.111625780146836284e+01 -1.067531472067191523e+01 -3.385362373358579369e+00 -1.067531472067191523e+01 9.880021353499692793e+00
7.396597194484436089e-02 8.600200769014236357e+00 -1.127483585085586437e+00 8.600200769014236357e+00 2.175747734732387251e+00 -4.048981093267278730e+00 -1.127483585085586437e+00 -4.048981093267278730e+00 -1.232658281612759232e+01
9.247670718992980099e+00 -1.200294255447798797e+01 3.782285393225208736e+00 -1.200294255447798797e+01 8.016101864272133781e+00 -5.045640150353479569e+00 3.782285393225208736e+00 -5.045640150353479569e+00 1.896726310149686867e+01
